6
7
8
8
11
14
50
150
146
144
145
145
142
92
11
7
7
9
7
6
6
6
5
6
6
5
5
6
6
7
9
52
7
7
7
8
10
12
17
138
148
147
147
150
106
13
8
6
7
7
7
6
5
5
6
5
5
6
5
6
6
6
13
74
7
7
7
7
10
12
16
117
153
153
150
136
31
8
7
6
7
6
6
5
6
5
6
6
6
6
5
7
7
8
11
76
5
7
7
7
9
11
16
85
156
157
147
51
10
6
6
6
7
6
6
6
5
5
5
6
6
5
6
6
6
6
9
62
6
7
7
7
8
10
13
42
151
151
80
10
6
6
6
6
6
6
6
5
5
5
5
6
5
6
6
6
7
7
9
35
5
6
6
7
7
9
12
18
149
101
10
6
5
5
5
6
5
5
5
5
5
5
5
5
4
5
6
6
6
7
8
15
5
6
6
6
6
7
10
14
57
14
7
6
5
5
6
6
5
4
5
5
4
6
5
6
6
5
6
6
6
7
8
10
4
5
6
5
6
7
9
10
7
6
6
5
5
5
6
5
5
5
5
5
5
6
6
6
7
9
7
6
6
7
7
9
6
5
5
5
6
7
7
6
5
5
6
5
5
5
5
5
5
5
5
6
5
6
6
9
11
13
9
6
5
6
7
10
4
5
5
5
6
6
6
5
5
5
5
5
4
6
5
5
5
5
6
5
5
9
13
15
14
12
7
6
6
6
7
8
4
4
4
5
6
5
4
4
5
5
5
4
5
6
5
5
6
5
5
6
11
14
15
16
16
11
6
6
7
6
6
8
4
4
4
5
6
5
4
5
5
5
4
5
5
6
5
5
4
5
5
8
14
12
15
16
16
11
7
6
6
7
6
7
5
6
6
6
5
5
5
5
5
6
6
5
5
6
6
4
6
5
6
10
11
11
12
13
15
12
6
6
6
6
6
7
5
6
6
6
5
5
5
5
5
5
5
5
5
5
6
4
5
5
5
9
9
11
11
12
14
10
6
6
7
6
6
6
6
6
5
4
4
4
5
4
5
5
4
5
5
5
5
5
5
5
6
8
9
10
12
12
15
10
6
5
6
6
7
7
7
4
5
5
4
5
5
4
5
4
4
5
6
5
5
5
7
7
6
7
8
10
11
9
11
7
6
6
7
6
6
7
8
5
5
5
5
5
4
4
4
4
4
5
6
5
6
8
14
8
5
5
7
8
10
12
9
6
6
6
6
7
7
7
5
4
4
4
4
4
5
5
4
4
5
5
5
6
9
15
17
9
5
4
6
7
8
10
8
6
5
6
6
7
7
6
5
5
4
5
5
4
4
4
5
5
5
6
8
11
16
18
15
10
5
5
6
6
7
8
7
6
6
7
6
6
7
7
5
5
5
5
6
5
4
3
5
4
7
11
15
17
18
19
16
9
4
5
5
5
6
6
5
6
6
6
7
6
7
7
5
4
5
5
5
4
5
4
4
4
9
15
17
19
19
19
17
10
5
4
5
6
6
6
4
6
6
6
6
7
6
7
6
6
5
5
5
5
5
4
4
5
11
16
17
20
21
20
19
12
5
5
5
5
5
6
5
5
5
6
6
5
7
6
5
5
4
5
5
4
5
4
4
7
12
17
20
21
21
20
18
12
5
5
4
6
6
6
6
6
6
7
7
6
6
6
9
8
6
6
5
5
5
5
5
8
15
19
20
20
20
19
18
12
6
5
5
5
6
6
6
6
7
6
6
7
7
6
18
16
11
6
4
4
4
5
5
9
15
19
20
22
20
20
20
15
6
5
5
5
6
6
6
6
6
5
6
6
6
6
21
21
18
9
6
4
5
4
5
10
14
17
21
21
21
21
21
14
5
5
5
5
6
6
6
5
5
6
6
6
6
6
18
21
18
12
6
5
5
5
6
13
17
20
22
23
24
22
19
13
6
5
6
5
5
5
5
6
5
5
6
6
6
6
20
22
21
15
7
5
5
5
6
13
18
19
20
22
24
21
20
14
6
5
5
5
5
5
6
6
6
6
7
7
6
6
20
21
20
14
6
5
5
5
7
14
19
18
22
22
21
20
19
12
6
5
5
5
5
6
5
6
6
5
6
7
6
6
22
20
20
15
6
5
4
4
8
17
19
19
19
20
20
19
18
9
4
5
5
4
6
6
5
6
6
6
6
7
6
5
24
19
18
12
6
5
4
5
8
16
19
20
20
19
19
20
15
7
5
5
6
5
5
7
6
6
6
6
6
6
5
6
23
18
16
10
6
6
5
5
9
15
19
20
21
21
20
20
13
6
5
5
5
5
6
6
6
6
5
6
6
6
5
7
