58
61
60
58
62
59
56
59
49
57
48
42
57
122
185
181
189
198
178
195
189
153
163
146
150
152
159
167
161
176
187
215
54
56
58
59
58
57
56
57
51
47
55
43
45
55
143
174
186
185
155
195
174
189
165
154
158
150
157
160
169
200
200
222
58
57
56
57
58
59
57
55
59
48
42
58
40
49
70
165
190
187
193
168
154
152
166
170
174
209
171
163
215
230
198
217
59
56
53
54
57
58
56
52
51
45
47
54
47
36
21
65
154
206
178
168
148
102
91
108
150
184
203
198
184
180
179
227
56
54
53
54
56
55
53
50
50
52
53
51
46
40
58
31
79
122
208
201
182
175
175
146
93
105
164
212
210
218
211
223
52
54
56
56
55
53
51
50
49
59
57
70
45
43
57
47
52
69
108
219
227
212
208
182
189
162
77
121
201
221
226
226
52
54
57
57
55
53
52
52
46
51
64
46
53
41
24
37
36
50
74
70
189
222
233
231
221
196
209
148
100
192
235
229
54
53
52
52
52
53
53
53
54
50
58
25
51
47
43
50
41
45
31
38
61
106
191
221
227
250
203
221
203
165
198
218
55
51
46
46
49
52
52
51
55
59
49
75
42
42
47
45
38
31
33
51
37
35
57
86
115
179
209
214
210
208
196
213
57
57
51
52
57
47
43
56
49
46
52
45
53
44
47
41
48
52
48
38
36
41
38
30
39
42
57
84
104
102
81
61
51
49
45
48
53
50
48
53
52
51
52
47
48
44
46
45
41
46
46
41
38
40
38
34
37
36
38
41
40
35
30
28
54
48
47
50
52
56
57
52
47
49
47
49
45
50
51
56
40
43
46
45
42
38
37
38
29
31
33
33
29
26
30
36
59
52
54
55
50
56
59
49
55
58
51
54
41
47
44
50
48
45
46
48
45
39
37
39
35
34
35
38
39
37
35
35
56
51
54
52
44
48
53
45
50
55
50
55
44
49
45
51
54
46
42
46
46
41
38
39
40
35
31
32
34
33
32
32
50
48
50
49
45
45
49
48
45
49
49
52
48
50
49
52
53
44
39
42
46
44
41
40
37
36
36
37
35
34
36
39
50
49
46
49
53
50
49
55
57
55
55
49
48
42
41
39
48
45
42
44
46
45
43
41
43
42
41
40
37
31
29
30
53
51
44
49
59
54
49
59
47
44
48
42
51
46
52
49
46
47
48
47
47
46
44
40
49
39
31
32
38
41
41
41
67
54
47
49
51
48
48
52
47
50
55
58
56
53
50
48
46
44
44
47
51
51
47
42
46
45
43
43
43
43
41
38
60
53
48
49
49
47
47
51
52
53
53
52
50
50
51
52
47
44
41
40
42
42
40
37
39
38
37
37
39
39
38
36
59
59
58
56
54
52
54
55
54
53
51
49
47
48
50
52
52
51
49
48
48
47
45
43
41
41
40
41
43
44
43
43
50
56
58
54
49
48
49
49
49
50
51
51
49
47
46
46
42
44
47
49
49
47
44
41
39
39
38
38
39
39
39
39
49
56
60
57
51
49
48
47
46
48
50
50
49
46
44
44
40
42
45
48
49
47
45
43
42
42
40
39
37
36
36
36
55
58
61
62
59
55
52
51
49
49
48
46
45
45
46
47
52
50
49
49
50
51
51
50
47
47
45
43
40
38
39
39
51
48
51
57
58
52
48
47
51
50
48
45
44
45
48
51
49
46
42
41
44
46
45
44
43
43
42
40
37
37
38
39
53
47
49
59
63
56
50
50
50
50
49
48
47
48
49
51
44
41
39
42
46
47
44
40
47
48
48
46
44
44
47
49
54
55
44
49
48
65
59
55
52
49
46
45
47
47
45
43
40
52
54
43
38
44
46
40
45
46
45
41
40
42
42
39
51
47
41
45
46
53
54
58
56
54
50
47
45
46
49
51
46
43
43
46
45
41
41
45
39
41
41
38
38
40
40
38
58
51
52
53
55
48
51
57
44
46
47
46
43
42
44
46
54
45
42
49
52
45
43
46
40
42
42
40
39
39
37
34
52
47
54
49
55
42
45
44
47
49
49
48
46
47
51
54
55
52
48
47
48
49
45
40
41
42
44
44
43
42
40
38
46
46
52
43
51
48
52
45
57
53
47
43
43
48
53
57
48
47
46
43
42
41
40
37
37
38
41
44
45
44
43
43
53
54
53
42
46
51
56
52
51
51
50
49
48
46
44
42
45
39
40
45
43
35
36
44
40
39
40
42
41
38
36
36
49
51
47
45
39
43
44
48
48
54
60
62
59
51
44
41
45
42
43
45
44
40
40
45
43
40
40
41
39
34
31
32
