183
184
186
185
183
184
187
190
199
194
189
174
189
191
193
182
181
195
196
207
187
192
192
213
190
194
200
193
191
205
208
202
201
197
190
206
213
188
203
202
215
198
199
214
207
199
209
212
218
200
213
209
210
210
196
225
217
214
206
222
204
214
215
218
181
186
184
179
185
187
182
185
186
187
188
188
187
184
181
179
172
178
185
189
189
188
188
188
189
188
185
185
186
191
195
198
196
196
197
198
199
200
201
201
196
204
207
200
199
205
207
204
202
203
206
208
209
208
207
206
208
208
208
209
209
210
210
210
185
199
190
183
189
187
183
186
188
188
187
187
186
184
182
181
179
183
187
189
188
188
191
193
192
190
188
186
187
189
193
195
196
196
196
197
198
199
199
199
197
202
204
202
200
202
204
204
203
204
205
206
207
207
207
207
208
208
208
209
209
210
210
210
177
198
186
179
189
187
187
189
189
188
187
185
184
184
184
184
186
188
189
188
187
188
192
196
195
193
191
189
188
189
191
192
196
196
196
196
197
197
197
197
199
199
201
203
201
198
200
205
206
205
205
205
205
206
207
208
208
208
208
209
209
210
210
210
180
193
183
184
193
188
189
190
190
189
186
184
184
184
186
187
186
188
189
189
187
188
191
194
194
193
192
191
191
191
191
192
195
195
196
196
196
196
196
196
201
197
199
204
202
195
197
206
208
207
205
204
204
205
207
209
208
208
208
209
209
210
210
210
191
172
175
193
197
191
188
188
190
188
186
185
184
185
187
188
182
185
188
189
187
187
188
190
191
192
193
194
194
194
194
193
195
195
195
195
196
196
197
197
202
198
199
205
202
195
196
205
209
207
205
204
204
205
207
208
208
208
208
209
209
210
210
210
171
104
136
186
189
190
186
189
188
188
187
186
186
187
188
188
180
184
188
189
188
187
188
190
190
192
194
196
197
196
194
193
193
194
195
196
197
198
199
200
202
201
202
204
201
197
198
203
208
207
206
205
205
205
205
206
208
208
208
209
209
210
210
210
155
38
100
181
181
190
184
189
186
187
188
188
189
188
188
187
183
185
187
188
187
189
193
197
193
195
197
199
198
196
192
190
192
193
194
196
199
201
202
203
201
205
206
202
199
200
201
201
207
207
207
207
206
205
204
203
208
208
208
209
209
210
210
210
174
22
99
194
186
194
181
185
185
186
188
190
190
189
188
187
188
188
188
187
187
191
198
204
196
197
200
200
198
194
190
187
191
192
194
197
200
202
204
205
200
208
209
201
198
203
204
199
206
207
208
209
208
206
203
202
208
208
208
209
209
210
210
210
164
46
91
199
199
107
92
163
193
144
98
67
104
144
207
179
125
133
157
113
102
206
158
112
108
112
143
196
194
196
183
197
177
206
163
136
117
133
163
212
201
190
159
200
189
152
159
212
214
192
137
152
208
215
189
218
207
211
207
195
220
184
200
212
184
19
115
205
95
31
115
196
139
38
61
92
52
42
161
186
37
21
37
48
80
120
47
59
75
57
57
169
204
192
198
200
195
181
85
35
55
63
41
107
207
157
45
71
68
18
73
190
131
29
40
37
60
183
209
198
206
208
206
202
204
100
63
70
160
42
119
124
41
95
185
193
55
91
189
209
140
54
120
182
44
66
133
176
167
92
43
185
212
173
131
192
196
185
195
190
201
185
169
184
207
202
95
44
179
193
35
38
112
138
170
171
39
117
202
172
59
93
199
205
205
211
210
210
199
60
39
110
164
46
39
44
112
195
189
184
32
65
98
96
94
20
72
191
41
91
178
206
192
95
19
106
166
177
197
207
175
191
193
197
193
211
191
157
106
106
68
15
162
192
33
89
213
236
215
108
40
170
189
189
84
38
187
217
207
215
209
214
209
70
84
220
165
46
28
24
101
198
182
155
36
42
75
57
63
63
124
163
31
94
181
173
194
173
86
35
16
44
116
190
188
202
196
196
188
206
80
36
47
64
72
53
177
186
29
116
219
208
198
85
21
51
33
56
40
46
175
219
208
214
201
209
214
69
73
212
156
41
102
90
26
110
188
158
32
101
207
194
175
173
195
167
30
93
199
181
186
187
187
177
142
59
30
162
210
201
202
189
199
153
18
103
215
212
137
15
159
189
35
101
197
210
214
87
45
166
201
184
175
168
207
220
203
213
199
201
209
74
84
222
171
17
111
188
79
30
118
190
52
46
125
169
180
122
127
169
44
84
188
186
182
125
142
194
222
91
23
148
201
196
204
199
206
142
36
128
208
194
127
15
160
184
27
103
214
212
209
124
16
160
217
219
209
185
212
195
201
215
204
203
209
81
92
219
148
45
100
192
159
50
51
149
180
56
41
46
49
31
95
166
33
93
197
192
193
82
32
50
74
30
72
178
193
195
186
195
194
184
54
41
75
55
23
25
170
191
26
99
214
199
215
200
67
46
113
156
77
62
184
221
206
215
207
212
216
68
34
117
175
164
165
178
179
163
155
160
185
175
143
113
127
167
180
164
135
156
176
185
188
174
135
94
80
124
171
191
192
190
190
190
188
195
162
89
62
105
122
85
180
169
97
128
204
205
206
210
194
119
57
44
73
142
197
205
209
202
209
202
210
82
38
80
184
176
176
184
185
175
168
170
180
184
179
169
174
188
186
172
183
187
184
178
184
194
189
173
188
198
201
191
183
186
194
198
191
194
196
188
184
203
214
202
202
211
183
195
212
195
200
208
209
195
198
208
211
220
221
205
209
200
206
214
221
81
78
205
179
176
175
176
177
175
171
167
168
173
178
178
174
172
172
173
178
181
176
170
176
191
196
191
191
190
185
181
183
190
194
194
190
177
182
195
192
186
191
197
190
196
202
207
203
198
199
197
203
204
209
209
204
203
207
207
206
203
205
211
208
60
63
215
184
186
184
178
180
185
183
176
175
174
175
174
169
166
172
182
167
177
184
184
186
189
185
177
189
186
182
181
185
191
194
193
201
192
187
188
185
182
186
192
195
190
199
194
199
214
206
201
206
204
198
196
202
206
207
212
204
209
212
211
216
123
117
202
181
186
183
175
178
186
185
177
174
176
178
180
179
176
175
176
178
185
189
187
186
187
185
181
187
189
191
194
194
194
196
199
189
192
193
193
196
196
195
195
196
201
210
189
192
208
198
211
204
208
204
206
216
213
201
200
215
212
215
207
219
203
207
216
174
177
175
170
173
180
179
172
170
172
172
170
171
174
172
168
179
181
181
180
180
183
185
186
180
182
188
193
193
191
195
202
193
193
190
192
195
187
183
190
184
195
202
184
190
199
186
202
203
209
203
199
204
203
204
214
217
207
212
205
204
210
216
195
182
182
181
181
185
188
187
183
178
181
179
172
169
174
180
182
179
180
182
185
188
189
188
187
194
186
182
184
188
191
199
209
197
196
188
187
193
189
188
200
197
196
197
193
201
207
196
197
191
202
205
206
209
208
208
216
207
205
213
215
210
205
206
201
177
175
176
179
183
183
181
179
169
178
184
180
172
171
176
181
177
174
173
176
180
181
181
180
191
185
187
195
196
181
165
157
188
201
195
187
193
194
186
187
197
190
194
198
196
201
206
203
199
200
195
195
201
204
203
207
210
216
213
212
214
204
203
220
179
180
176
186
182
171
182
177
178
184
177
181
178
178
172
182
174
189
180
177
196
185
186
181
179
198
181
181
186
162
29
113
198
202
193
190
182
201
203
123
58
155
212
191
202
200
210
205
197
204
196
204
199
206
209
206
202
203
157
212
204
186
221
206
161
182
186
172
192
175
162
168
168
192
188
182
182
194
185
181
182
187
179
185
183
179
201
180
202
180
191
198
189
170
34
123
203
193
199
205
185
195
207
141
44
150
205
193
202
202
201
208
196
201
193
198
197
209
206
211
217
191
46
110
227
225
205
205
181
90
69
53
90
143
192
148
102
123
103
89
118
176
185
174
180
181
175
188
180
191
194
133
93
94
129
177
200
176
44
121
162
124
128
177
210
187
168
147
175
187
193
204
198
173
145
157
200
205
197
219
199
169
168
181
211
181
51
119
204
195
203
215
98
41
100
106
54
54
174
124
2
48
50
49
94
167
189
188
186
189
183
185
187
199
131
52
45
68
32
79
178
167
28
60
34
32
34
86
199
174
78
35
68
143
210
192
92
52
26
23
97
183
217
174
82
30
44
32
109
91
0
40
45
55
164
215
45
106
190
203
128
30
144
147
19
115
166
170
172
189
187
195
187
191
190
181
191
187
65
53
184
202
108
50
140
165
30
65
163
172
106
19
133
222
182
122
16
172
230
116
39
136
181
164
25
129
201
79
52
140
172
132
100
134
41
107
167
152
190
211
18
70
72
75
75
11
109
123
18
128
190
194
182
180
172
189
183
185
188
181
188
164
37
124
183
201
178
45
92
169
43
123
200
211
177
35
84
204
211
132
30
179
192
61
57
170
183
166
57
79
165
30
105
231
216
200
190
205
48
107
225
215
209
206
21
83
103
94
106
90
151
142
42
142
184
177
173
183
178
193
185
186
185
185
186
158
34
146
186
178
200
60
95
183
37
121
201
193
196
69
88
190
207
139
31
180
194
46
22
45
20
38
31
57
145
40
166
212
187
211
208
200
40
108
215
205
216
207
23
128
195
176
191
184
174
140
17
134
187
177
173
184
174
182
176
182
175
185
192
176
45
123
206
184
189
56
89
161
31
125
204
194
186
50
89
198
206
142
27
182
195
41
77
173
170
155
151
194
168
16
179
205
213
199
203
192
41
119
216
193
209
211
59
44
128
170
134
92
147
146
13
139
198
187
176
178
184
176
182
179
190
183
190
165
82
47
189
209
134
17
127
168
37
111
198
217
117
15
128
200
208
141
26
174
205
106
44
187
233
204
204
175
171
44
95
228
213
208
178
197
46
102
237
208
210
201
138
62
43
31
34
59
135
130
30
129
176
180
185
185
182
169
186
188
192
194
201
188
118
45
65
62
51
61
174
162
17
28
77
60
43
73
173
182
197
155
21
169
216
155
49
75
108
142
72
78
188
114
38
95
123
113
78
184
76
53
137
141
180
213
200
159
142
119
132
158
192
157
118
166
176
180
190
184
176
165
169
178
182
192
192
195
185
135
87
78
103
159
209
176
103
100
89
81
106
161
208
192
208
131
35
167
205
214
149
91
47
47
91
130
227
193
113
73
50
49
125
214
152
62
33
59
157
212
165
176
190
171
172
179
186
158
185
192
174
179
191
183
182
180
181
183
185
189
179
179
198
199
182
182
197
201
188
184
192
201
194
203
201
207
205
179
195
109
33
174
190
206
203
192
188
194
200
210
204
197
215
200
183
210
190
207
213
202
180
185
214
217
167
173
176
162
165
175
181
176
181
179
164
178
190
180
183
185
187
187
188
185
189
187
179
192
195
193
201
183
177
195
194
189
191
192
175
194
178
82
60
30
65
196
200
197
197
189
190
190
216
198
195
208
199
200
209
200
224
203
195
205
224
218
198
205
172
171
175
177
179
181
175
176
172
174
167
182
189
178
181
179
167
183
190
177
187
196
183
192
185
175
187
181
189
198
176
178
191
200
182
206
206
111
79
91
176
219
191
190
204
197
193
195
204
201
209
218
186
194
210
201
207
202
213
208
200
204
202
204
178
173
178
181
173
178
174
179
175
180
174
183
186
184
191
183
173
190
191
182
175
177
187
193
187
176
187
185
183
186
181
191
187
204
186
182
199
189
193
209
196
200
196
200
198
190
188
199
190
207
200
198
196
209
195
209
207
195
206
209
195
205
215
199
184
173
176
180
171
185
178
177
178
184
175
178
181
183
191
176
181
180
174
195
186
173
197
189
184
177
183
185
182
194
199
183
181
192
195
191
195
197
194
191
198
193
208
202
194
202
196
192
198
201
203
207
198
217
193
197
203
207
196
208
223
199
191
213
176
174
181
177
170
173
174
174
186
171
173
169
188
189
180
182
182
178
177
190
175
191
177
189
196
175
198
187
195
189
193
201
186
188
190
189
191
201
200
188
188
202
203
199
206
207
199
200
196
211
202
200
195
213
198
211
204
187
200
212
208
200
208
208
182
173
169
171
181
180
171
176
176
160
187
181
178
190
187
164
180
194
181
181
194
185
201
189
180
182
174
132
173
196
189
178
193
181
188
199
189
178
186
197
192
197
204
204
200
200
201
197
196
211
202
225
206
192
188
197
215
196
197
212
203
212
202
202
168
177
184
175
175
177
168
173
126
69
129
176
170
167
177
180
171
182
173
179
174
90
157
192
190
191
116
35
126
188
193
197
186
194
194
194
200
197
189
189
194
189
198
204
199
202
208
200
205
186
149
197
201
204
214
191
203
198
200
205
189
210
192
201
174
170
177
161
154
177
181
174
108
42
120
190
194
180
172
182
176
173
181
199
147
33
126
207
186
190
93
21
153
205
187
191
195
203
182
174
201
204
189
196
200
198
198
201
204
205
203
198
212
88
50
194
227
193
201
212
201
199
216
208
205
205
197
219
168
90
62
54
55
96
139
166
68
27
79
88
116
172
177
174
182
180
190
189
108
41
103
144
131
189
128
45
137
152
142
163
181
190
194
199
190
156
146
172
185
208
206
199
208
202
190
198
202
76
51
170
189
193
212
197
207
210
220
179
217
218
212
195
159
83
78
98
76
47
72
150
50
9
55
44
77
164
179
180
168
172
174
155
61
2
42
44
72
164
126
9
43
38
31
20
122
182
212
155
70
38
35
23
120
183
205
197
207
202
195
214
110
40
10
42
42
128
145
26
154
208
177
73
145
219
198
79
177
164
177
192
169
83
53
152
110
43
135
170
169
194
179
180
171
178
184
197
145
52
137
167
164
197
124
13
87
144
150
76
48
178
204
96
58
133
170
131
45
138
195
197
201
203
204
217
188
74
42
141
147
183
178
36
112
221
145
18
79
219
190
22
167
148
76
30
62
42
38
163
116
24
138
189
162
176
175
183
197
192
175
193
174
30
149
196
196
196
120
34
132
213
216
100
31
181
174
55
81
192
207
159
12
113
190
199
193
199
200
197
220
76
38
192
207
208
209
71
89
206
106
15
45
186
159
28
147
31
62
111
146
103
37
162
120
20
136
175
172
174
169
188
177
184
182
184
160
26
144
183
187
209
125
23
158
200
201
93
33
168
161
39
21
52
44
56
36
73
185
201
196
195
197
200
207
98
34
194
203
201
212
114
46
189
67
134
55
148
134
40
110
25
127
209
189
103
45
165
121
21
147
194
174
173
169
169
179
178
181
184
162
28
131
193
189
197
106
18
154
187
188
109
32
179
140
27
101
184
155
149
181
156
197
186
183
186
190
196
201
109
46
187
198
200
221
148
28
120
56
171
92
93
109
77
114
28
103
166
134
57
34
169
126
20
124
172
162
183
183
161
180
177
183
180
158
38
119
205
177
213
126
27
153
198
189
111
26
173
176
63
77
178
211
201
186
170
206
197
197
201
198
192
205
91
27
185
218
196
214
194
45
38
76
219
148
38
44
114
160
64
34
32
48
34
37
163
167
47
58
55
75
149
184
178
171
178
195
191
177
60
52
83
86
176
122
18
128
200
185
99
21
146
210
120
31
69
131
132
57
107
189
196
194
204
204
192
201
106
29
130
163
163
199
209
91
5
123
234
195
45
6
147
184
146
122
107
136
144
122
163
194
132
111
79
104
167
180
180
177
181
184
179
197
135
84
62
88
174
151
82
153
200
185
131
71
153
208
189
130
73
41
32
77
129
193
191
182
191
203
200
211
179
70
22
23
107
201
214
121
46
152
197
203
98
51
170
170
171
181
163
155
176
178
175
165
181
192
173
178
191
167
165
177
186
179
166
190
195
186
178
180
204
196
182
205
198
186
190
189
187
182
201
211
184
172
188
185
188
199
195
191
191
197
200
193
220
187
154
144
185
213
189
190
179
208
205
230
193
178
219
160
170
182
177
164
167
180
186
176
184
184
176
170
176
172
187
165
188
194
188
181
184
186
187
186
176
181
196
193
183
182
197
200
186
181
194
191
179
185
189
194
188
184
190
195
191
192
194
197
193
193
213
211
200
200
198
202
220
204
200
208
210
211
208
165
170
157
170
189
166
157
183
184
163
161
181
175
174
168
171
182
185
181
190
178
178
179
176
178
178
188
189
171
192
191
173
181
205
195
186
193
191
192
193
182
197
200
197
192
191
198
200
193
186
194
208
197
184
193
205
196
202
194
213
199
213
201
206
169
170
164
167
178
171
162
169
183
169
172
178
171
169
171
164
180
180
180
180
180
180
180
179
186
187
188
188
187
185
183
182
188
187
187
186
187
188
190
191
185
187
191
195
197
199
199
199
197
197
197
197
197
198
198
198
200
202
204
203
201
201
205
209
170
180
175
167
173
175
172
176
170
163
168
173
169
171
176
172
181
182
182
183
183
184
184
184
187
188
189
189
188
186
185
183
188
187
186
186
187
188
189
190
187
189
192
195
197
198
198
198
197
197
197
198
198
198
199
199
202
204
205
203
201
201
204
208
170
175
174
170
167
161
167
184
166
163
168
171
167
167
169
163
178
178
179
181
182
184
185
185
187
187
188
188
188
186
185
184
187
187
186
186
186
188
189
190
190
191
193
195
196
196
196
196
197
198
198
199
199
200
200
201
205
206
206
204
202
202
204
206
171
170
163
159
167
175
175
171
173
167
166
169
170
168
164
159
170
171
173
175
177
179
181
182
184
184
184
184
184
184
183
183
187
186
185
185
186
187
188
189
192
193
194
194
195
195
195
195
197
198
198
199
200
201
202
202
207
207
206
204
203
202
203
204
165
178
181
168
165
178
183
173
185
175
166
166
172
174
172
174
169
170
172
174
177
179
181
182
180
180
180
180
180
181
181
181
186
186
185
185
185
186
188
189
194
194
194
194
194
194
194
195
197
197
198
199
200
202
203
203
208
206
204
203
203
203
203
203
194
174
173
184
175
159
160
169
174
182
177
168
170
172
173
177
174
175
176
179
181
183
185
186
179
179
178
178
178
180
181
182
186
185
184
184
185
186
187
188
194
194
193
193
193
194
195
196
195
196
197
198
200
201
202
203
206
204
201
201
202
203
203
202
101
73
68
96
135
166
167
145
101
152
181
174
170
169
165
163
175
176
178
179
182
183
185
186
181
180
179
179
180
182
184
185
185
185
184
184
184
186
187
188
194
193
192
192
193
194
196
198
193
194
195
197
199
201
202
203
204
201
198
199
201
203
203
202
