98
98
0
0
0
0
9
9
0
0
0
0
8
8
0
0
0
0
1
1
0
0
3
3
0
0
5
5
2
2
0
0
0
0
1
1
1
1
9
9
4
4
0
0
0
0
0
0
1
1
11
11
0
0
13
13
0
0
7
7
3
3
62
62
0
0
0
0
0
0
0
0
1
1
8
8
0
0
0
0
3
3
0
0
1
1
2
2
7
7
0
0
0
0
0
0
3
3
0
0
11
11
0
0
0
0
5
5
0
0
0
0
9
9
0
0
7
7
1
1
5
5
1
1
34
34
0
0
0
0
0
0
0
0
4
4
8
8
1
1
0
0
1
1
1
1
3
3
1
1
3
3
0
0
0
0
0
0
4
4
0
0
11
11
0
0
4
4
3
3
0
0
0
0
8
8
0
0
3
3
4
4
3
3
0
0
14
14
0
0
0
0
0
0
0
0
4
4
8
8
3
3
0
0
0
0
3
3
9
9
0
0
0
0
2
2
4
4
0
0
4
4
0
0
9
9
0
0
12
12
0
0
1
1
0
0
8
8
0
0
1
1
4
4
1
1
0
0
0
0
5
5
0
0
0
0
0
0
3
3
6
6
6
6
0
0
0
0
5
5
24
24
0
0
0
0
0
0
10
10
0
0
2
2
0
0
7
7
0
0
14
14
0
0
5
5
0
0
7
7
0
0
0
0
4
4
0
0
0
0
0
0
7
7
0
0
0
0
0
0
1
1
2
2
10
10
0
0
0
0
7
7
48
48
0
0
0
0
0
0
14
14
8
8
0
0
8
8
5
5
0
0
10
10
0
0
7
7
0
0
5
5
0
0
0
0
4
4
0
0
5
5
0
0
10
10
0
0
0
0
0
0
0
0
0
0
12
12
0
0
0
0
5
5
62
62
0
0
0
0
0
0
15
15
19
19
0
0
6
6
3
3
0
0
5
5
0
0
7
7
0
0
1
1
0
0
0
0
4
4
0
0
7
7
0
0
14
14
0
0
0
0
0
0
0
0
0
0
12
12
0
0
2
2
0
0
66
66
0
0
0
0
0
0
13
13
33
33
0
0
0
0
1
1
0
0
0
0
0
0
5
5
0
0
0
0
8
8
0
0
4
4
0
0
5
5
0
0
11
11
0
0
0
0
0
0
3
3
0
0
8
8
0
0
5
5
0
0
57
57
0
0
0
0
0
0
13
13
42
42
0
0
0
0
1
1
0
0
0
0
0
0
4
4
0
0
0
0
9
9
0
0
1
1
0
0
3
3
1
1
1
1
0
0
0
0
0
0
9
9
0
0
0
0
0
0
7
7
0
0
35
35
0
0
0
0
7
7
15
15
46
46
0
0
3
3
3
3
0
0
0
0
0
0
4
4
0
0
1
1
3
3
0
0
0
0
0
0
1
1
3
3
0
0
1
1
2
2
0
0
11
11
1
1
0
0
0
0
8
8
0
0
18
18
0
0
0
0
10
10
20
20
31
31
0
0
7
7
2
2
0
0
0
0
3
3
4
4
0
0
4
4
0
0
1
1
0
0
4
4
0
0
1
1
0
0
3
3
0
0
0
0
9
9
3
3
0
0
1
1
8
8
0
0
6
6
5
5
0
0
6
6
28
28
0
0
0
0
5
5
0
0
0
0
0
0
9
9
4
4
0
0
4
4
0
0
3
3
0
0
12
12
0
0
2
2
0
0
2
2
0
0
0
0
6
6
3
3
0
0
3
3
8
8
0
0
0
0
4
4
1
1
3
3
30
30
0
0
0
0
4
4
0
0
0
0
0
0
10
10
6
6
0
0
2
2
0
0
2
2
0
0
12
12
0
0
6
6
0
0
0
0
0
0
0
0
2
2
1
1
0
0
1
1
8
8
0
0
0
0
0
0
3
3
1
1
26
26
0
0
0
0
4
4
2
2
0
0
5
5
6
6
10
10
0
0
0
0
2
2
0
0
0
0
4
4
0
0
4
4
0
0
0
0
0
0
5
5
0
0
0
0
4
4
3
3
9
9
0
0
0
0
0
0
2
2
1
1
19
19
0
0
0
0
5
5
4
4
0
0
7
7
4
4
8
8
0
0
0
0
1
1
0
0
0
0
0
0
2
2
0
0
0
0
0
0
0
0
15
15
0
0
0
0
4
4
9
9
11
11
0
0
0
0
0
0
0
0
3
3
9
9
10
10
0
0
7
7
4
4
0
0
5
5
4
4
0
0
1
1
2
2
0
0
0
0
0
0
0
0
6
6
0
0
0
0
0
0
0
0
15
15
0
0
0
0
4
4
9
9
11
11
0
0
0
0
0
0
0
0
3
3
2
2
17
17
0
0
7
7
6
6
0
0
2
2
0
0
0
0
6
6
0
0
0
0
0
0
2
2
0
0
5
5
0
0
0
0
0
0
0
0
5
5
0
0
1
1
4
4
3
3
9
9
0
0
0
0
0
0
0
0
1
1
0
0
19
19
0
0
5
5
10
10
0
0
0
0
0
0
2
2
10
10
0
0
4
4
0
0
6
6
0
0
0
0
0
0
0
0
0
0
0
0
1
1
0
0
7
7
3
3
0
0
7
7
0
0
2
2
0
0
0
0
1
1
0
0
20
20
0
0
2
2
13
13
0
0
0
0
0
0
7
7
7
7
0
0
7
7
0
0
6
6
0
0
0
0
0
0
0
0
0
0
0
0
3
3
0
0
5
5
1
1
0
0
5
5
0
0
6
6
0
0
0
0
3
3
8
8
20
20
0
0
0
0
15
15
0
0
0
0
0
0
13
13
0
0
0
0
5
5
0
0
2
2
2
2
0
0
0
0
0
0
0
0
0
0
4
4
0
0
1
1
3
3
0
0
4
4
0
0
9
9
0
0
0
0
0
0
13
13
19
19
0
0
0
0
20
20
0
0
0
0
2
2
13
13
0
0
0
0
2
2
0
0
2
2
3
3
0
0
0
0
0
0
0
0
0
0
4
4
0
0
0
0
9
9
0
0
4
4
0
0
11
11
13
13
0
0
0
0
15
15
17
17
0
0
0
0
28
28
2
2
0
0
0
0
7
7
0
0
0
0
0
0
0
0
6
6
1
1
0
0
0
0
0
0
0
0
0
0
4
4
0
0
0
0
11
11
0
0
2
2
0
0
12
12
22
22
0
0
0
0
11
11
5
5
0
0
0
0
27
27
21
21
0
0
0
0
7
7
0
0
2
2
0
0
0
0
6
6
1
1
0
0
0
0
0
0
0
0
0
0
4
4
0
0
0
0
9
9
2
2
0
0
2
2
12
12
26
26
0
0
0
0
1
1
0
0
3
3
0
0
17
17
47
47
0
0
0
0
13
13
0
0
0
0
2
2
0
0
2
2
3
3
0
0
0
0
0
0
0
0
0
0
2
2
0
0
0
0
10
10
2
2
0
0
4
4
11
11
21
21
0
0
14
14
0
0
0
0
4
4
7
7
10
10
46
46
0
0
0
0
15
15
0
0
0
0
1
1
0
0
2
2
4
4
0
0
0
0
0
0
0
0
0
0
0
0
0
0
0
0
14
14
0
0
0
0
4
4
9
9
7
7
0
0
34
34
0
0
0
0
0
0
13
13
6
6
18
18
0
0
0
0
13
13
0
0
2
2
0
0
0
0
6
6
4
4
0
0
0
0
0
0
0
0
0
0
0
0
1
1
0
0
11
11
0
0
0
0
3
3
7
7
0
0
0
0
31
31
1
1
0
0
0
0
12
12
0
0
3
3
0
0
0
0
11
11
0
0
1
1
0
0
0
0
7
7
0
0
0
0
0
0
0
0
0
0
0
0
0
0
3
3
0
0
1
1
5
5
5
5
1
1
5
5
0
0
0
0
5
5
11
11
0
0
0
0
4
4
0
0
1
1
0
0
0
0
9
9
0
0
0
0
1
1
4
4
5
5
0
0
8
8
0
0
0
0
0
0
0
0
0
0
3
3
0
0
0
0
7
7
8
8
0
0
4
4
0
0
0
0
0
0
13
13
4
4
0
0
7
7
0
0
0
0
0
0
0
0
7
7
0
0
0
0
4
4
12
12
0
0
0
0
3
3
0
0
0
0
0
0
0
0
0
0
1
1
0
0
0
0
5
5
8
8
0
0
4
4
0
0
0
0
0
0
7
7
4
4
0
0
21
21
0
0
0
0
0
0
1
1
5
5
0
0
0
0
4
4
20
20
0
0
0
0
0
0
0
0
0
0
0
0
0
0
0
0
0
0
4
4
0
0
5
5
8
8
0
0
9
9
0
0
0
0
1
1
7
7
5
5
0
0
19
19
0
0
0
0
0
0
2
2
3
3
0
0
0
0
8
8
29
29
0
0
0
0
0
0
0
0
0
0
0
0
0
0
0
0
0
0
4
4
0
0
7
7
8
8
0
0
19
19
0
0
0
0
3
3
13
13
7
7
0
0
1
1
3
3
0
0
0
0
0
0
1
1
0
0
0
0
16
16
39
39
0
0
0
0
0
0
43
43
0
0
0
0
0
0
0
0
0
0
4
4
0
0
9
9
9
9
3
3
21
21
0
0
0
0
2
2
14
14
7
7
0
0
0
0
5
5
3
3
6
6
0
0
1
1
0
0
0
0
18
18
47
47
0
0
0
0
0
0
81
81
6
6
0
0
0
0
0
0
0
0
4
4
0
0
11
11
11
11
9
9
15
15
0
0
0
0
0
0
10
10
5
5
0
0
0
0
0
0
9
9
10
10
0
0
3
3
0
0
0
0
14
14
53
53
0
0
0
0
0
0
91
91
28
28
0
0
0
0
0
0
0
0
3
3
0
0
9
9
15
15
13
13
7
7
0
0
0
0
0
0
7
7
2
2
0
0
0
0
1
1
9
9
9
9
0
0
5
5
0
0
0
0
4
4
45
45
0
0
0
0
0
0
73
73
44
44
0
0
0
0
0
0
0
0
1
1
0
0
3
3
21
21
15
15
0
0
0
0
0
0
0
0
5
5
0
0
8
8
0
0
11
11
3
3
3
3
0
0
7
7
3
3
8
8
0
0
23
23
0
0
0
0
0
0
52
52
47
47
0
0
0
0
0
0
0
0
0
0
3
3
2
2
26
26
40
40
0
0
0
0
0
0
0
0
0
0
0
0
11
11
0
0
13
13
2
2
0
0
0
0
4
4
11
11
7
7
0
0
9
9
0
0
0
0
0
0
28
28
37
37
0
0
0
0
0
0
0
0
0
0
1
1
6
6
30
30
88
88
13
13
0
0
0
0
0
0
0
0
2
2
9
9
0
0
7
7
6
6
0
0
0
0
0
0
17
17
0
0
0
0
3
3
0
0
0
0
0
0
16
16
26
26
0
0
0
0
0
0
0
0
1
1
3
3
8
8
32
32
116
116
4
4
0
0
0
0
0
0
0
0
1
1
7
7
0
0
0
0
11
11
0
0
0
0
0
0
13
13
0
0
0
0
0
0
0
0
0
0
0
0
16
16
14
14
0
0
0
0
0
0
0
0
3
3
9
9
8
8
32
32
124
124
0
0
0
0
0
0
0
0
0
0
0
0
5
5
10
10
0
0
17
17
0
0
21
21
0
0
0
0
0
0
5
5
0
0
0
0
0
0
0
0
19
19
7
7
0
0
0
0
0
0
0
0
6
6
10
10
9
9
33
33
109
109
0
0
6
6
0
0
0
0
0
0
0
0
10
10
16
16
0
0
15
15
0
0
27
27
0
0
0
0
0
0
5
5
0
0
1
1
0
0
0
0
25
25
5
5
0
0
0
0
0
0
0
0
10
10
6
6
11
11
35
35
71
71
1
1
18
18
0
0
0
0
0
0
0
0
22
22
16
16
0
0
5
5
4
4
17
17
0
0
0
0
0
0
0
0
5
5
3
3
0
0
1
1
22
22
5
5
0
0
0
0
0
0
0
0
11
11
4
4
12
12
41
41
51
51
22
22
28
28
0
0
0
0
0
0
0
0
22
22
23
23
0
0
1
1
7
7
16
16
0
0
0
0
2
2
0
0
4
4
3
3
0
0
6
6
10
10
7
7
0
0
0
0
0
0
0
0
9
9
4
4
12
12
51
51
49
49
34
34
36
36
0
0
0
0
0
0
0
0
10
10
37
37
0
0
3
3
5
5
24
24
0
0
0
0
6
6
0
0
0
0
1
1
0
0
10
10
6
6
4
4
0
0
3
3
0
0
0
0
6
6
8
8
9
9
64
64
52
52
32
32
17
17
0
0
0
0
0
0
0
0
0
0
37
37
0
0
0
0
8
8
26
26
0
0
0
0
7
7
1
1
0
0
0
0
0
0
9
9
10
10
0
0
4
4
1
1
0
0
0
0
2
2
16
16
3
3
80
80
60
60
16
16
0
0
0
0
0
0
0
0
0
0
0
0
23
23
0
0
0
0
16
16
22
22
0
0
0
0
5
5
3
3
10
10
0
0
0
0
3
3
10
10
0
0
8
8
2
2
0
0
0
0
0
0
22
22
3
3
76
76
77
77
6
6
0
0
0
0
0
0
0
0
0
0
0
0
10
10
0
0
0
0
17
17
18
18
0
0
0
0
13
13
0
0
14
14
0
0
0
0
0
0
6
6
0
0
8
8
6
6
0
0
0
0
0
0
26
26
9
9
52
52
103
103
2
2
0
0
0
0
0
0
0
0
0
0
0
0
0
0
0
0
0
0
11
11
14
14
0
0
7
7
31
31
0
0
10
10
0
0
0
0
0
0
2
2
0
0
8
8
8
8
0
0
0
0
0
0
24
24
15
15
36
36
107
107
7
7
0
0
0
0
0
0
0
0
0
0
0
0
0
0
0
0
0
0
5
5
11
11
0
0
9
9
34
34
0
0
6
6
0
0
0
0
0
0
0
0
0
0
8
8
8
8
0
0
0
0
0
0
16
16
21
21
28
28
89
89
21
21
0
0
0
0
0
0
0
0
0
0
0
0
1
1
0
0
4
4
0
0
9
9
0
0
3
3
22
22
0
0
2
2
0
0
0
0
1
1
0
0
0
0
11
11
10
10
0
0
0
0
0
0
15
15
27
27
24
24
73
73
26
26
0
0
0
0
0
0
0
0
0
0
0
0
5
5
0
0
6
6
0
0
5
5
0
0
0
0
17
17
0
0
0
0
0
0
0
0
0
0
2
2
0
0
17
17
14
14
0
0
0
0
0
0
21
21
33
33
24
24
59
59
22
22
0
0
0
0
0
0
0
0
0
0
0
0
7
7
10
10
2
2
0
0
0
0
0
0
0
0
19
19
2
2
0
0
11
11
0
0
0
0
4
4
0
0
16
16
16
16
0
0
0
0
0
0
20
20
35
35
26
26
54
54
14
14
0
0
0
0
0
0
0
0
0
0
0
0
3
3
16
16
0
0
0
0
0
0
0
0
0
0
14
14
5
5
0
0
14
14
0
0
0
0
4
4
0
0
8
8
16
16
0
0
0
0
0
0
12
12
33
33
30
30
58
58
2
2
5
5
0
0
0
0
0
0
0
0
1
1
0
0
16
16
0
0
0
0
0
0
0
0
0
0
2
2
7
7
0
0
2
2
4
4
0
0
3
3
0
0
3
3
14
14
0
0
0
0
0
0
10
10
29
29
37
37
62
62
3
3
10
10
0
0
0
0
0
0
0
0
2
2
0
0
12
12
0
0
3
3
0
0
1
1
0
0
0
0
11
11
8
8
5
5
0
0
0
0
1
1
0
0
1
1
10
10
0
0
0
0
0
0
14
14
23
23
47
47
66
66
17
17
0
0
0
0
0
0
0
0
0
0
0
0
0
0
4
4
16
16
1
1
0
0
3
3
0
0
0
0
17
17
24
24
23
23
0
0
0
0
0
0
1
1
0
0
6
6
0
0
0
0
0
0
15
15
23
23
49
49
68
68
31
31
0
0
0
0
0
0
0
0
0
0
0
0
0
0
0
0
26
26
0
0
0
0
3
3
0
0
0
0
20
20
25
25
38
38
0
0
0
0
0
0
3
3
0
0
2
2
2
2
0
0
0
0
13
13
29
29
43
43
68
68
45
45
0
0
0
0
0
0
0
0
0
0
0
0
4
4
0
0
30
30
0
0
0
0
1
1
0
0
0
0
20
20
11
11
50
50
0
0
0
0
0
0
2
2
2
2
1
1
2
2
0
0
0
0
9
9
30
30
41
41
69
69
75
75
0
0
0
0
0
0
0
0
0
0
0
0
0
0
0
0
24
24
0
0
0
0
0
0
0
0
3
3
14
14
8
8
40
40
0
0
0
0
0
0
0
0
6
6
3
3
0
0
0
0
0
0
3
3
26
26
43
43
71
71
121
121
0
0
0
0
0
0
0
0
0
0
0
0
0
0
0
0
8
8
0
0
0
0
0
0
4
4
1
1
2
2
16
16
8
8
0
0
2
2
1
1
0
0
6
6
4
4
0
0
0
0
0
0
0
0
20
20
40
40
68
68
162
162
24
24
0
0
0
0
0
0
0
0
0
0
0
0
0
0
3
3
0
0
0
0
0
0
5
5
0
0
0
0
18
18
0
0
0
0
6
6
3
3
0
0
2
2
4
4
0
0
1
1
0
0
0
0
12
12
32
32
60
60
198
198
88
88
0
0
0
0
0
0
0
0
0
0
0
0
0
0
9
9
0
0
0
0
2
2
0
0
0
0
0
0
14
14
1
1
0
0
2
2
