98
98
-127
-127
-27
-27
9
9
-18
-18
-5
-5
8
8
-6
-6
-11
-11
1
1
0
0
3
3
-2
-2
5
5
2
2
-5
-5
-3
-3
1
1
1
1
9
9
4
4
-12
-12
-1
-1
-2
-2
1
1
11
11
-15
-15
13
13
-5
-5
7
7
3
3
62
62
-69
-69
-33
-33
-5
-5
-6
-6
1
1
8
8
-2
-2
-17
-17
3
3
0
0
1
1
2
2
7
7
-2
-2
-7
-7
-1
-1
3
3
-5
-5
11
11
-4
-4
-4
-4
5
5
-6
-6
-5
-5
9
9
-5
-5
7
7
1
1
5
5
1
1
34
34
-29
-29
-32
-32
-11
-11
-3
-3
4
4
8
8
1
1
-17
-17
1
1
1
1
3
3
1
1
3
3
-2
-2
-4
-4
-1
-1
4
4
-7
-7
11
11
-8
-8
4
4
3
3
-5
-5
-6
-6
8
8
-3
-3
3
3
4
4
3
3
-1
-1
14
14
-7
-7
-24
-24
-9
-9
-9
-9
4
4
8
8
3
3
-11
-11
-5
-5
3
3
9
9
-5
-5
-7
-7
2
2
4
4
-3
-3
4
4
-5
-5
9
9
-8
-8
12
12
-7
-7
1
1
-2
-2
8
8
-9
-9
1
1
4
4
1
1
-3
-3
0
0
5
5
-15
-15
-9
-9
-11
-11
3
3
6
6
6
6
-8
-8
-7
-7
5
5
24
24
-16
-16
-18
-18
0
0
10
10
0
0
2
2
0
0
7
7
-10
-10
14
14
-9
-9
5
5
-2
-2
7
7
-10
-10
-3
-3
4
4
-1
-1
-1
-1
-8
-8
7
7
-5
-5
-11
-11
-9
-9
1
1
2
2
10
10
-8
-8
-5
-5
7
7
48
48
-32
-32
-30
-30
-8
-8
14
14
8
8
-2
-2
8
8
5
5
-14
-14
10
10
-3
-3
7
7
-6
-6
5
5
-6
-6
-9
-9
4
4
-3
-3
5
5
-11
-11
10
10
-1
-1
-12
-12
-6
-6
0
0
0
0
12
12
-9
-9
-2
-2
5
5
62
62
-41
-41
-33
-33
-11
-11
15
15
19
19
-9
-9
6
6
3
3
-11
-11
5
5
0
0
7
7
-7
-7
1
1
0
0
-13
-13
4
4
-4
-4
7
7
-9
-9
14
14
-3
-3
-12
-12
-2
-2
0
0
0
0
12
12
-11
-11
2
2
-1
-1
66
66
-43
-43
-27
-27
-9
-9
13
13
33
33
-19
-19
-6
-6
1
1
-1
-1
-1
-1
0
0
5
5
-5
-5
-5
-5
8
8
-15
-15
4
4
-4
-4
5
5
-5
-5
11
11
-3
-3
-8
-8
-2
-2
3
3
0
0
8
8
-11
-11
5
5
-4
-4
57
57
-34
-34
-20
-20
-3
-3
13
13
42
42
-38
-38
-7
-7
1
1
-1
-1
-3
-3
0
0
4
4
-5
-5
-5
-5
9
9
-12
-12
1
1
-3
-3
3
3
1
1
1
1
-1
-1
0
0
-6
-6
9
9
0
0
0
0
-9
-9
7
7
-4
-4
35
35
-14
-14
-12
-12
7
7
15
15
46
46
-66
-66
3
3
3
3
-11
-11
-1
-1
0
0
4
4
-7
-7
1
1
3
3
-4
-4
-5
-5
-1
-1
1
1
3
3
-10
-10
1
1
2
2
-7
-7
11
11
1
1
-6
-6
-5
-5
8
8
-4
-4
18
18
-1
-1
-6
-6
10
10
20
20
31
31
-65
-65
7
7
2
2
-12
-12
-1
-1
3
3
4
4
-9
-9
4
4
-1
-1
1
1
-8
-8
4
4
-5
-5
1
1
-22
-22
3
3
-2
-2
-5
-5
9
9
3
3
-10
-10
1
1
8
8
-4
-4
6
6
5
5
-2
-2
6
6
28
28
-3
-3
-35
-35
5
5
-2
-2
-4
-4
-3
-3
9
9
4
4
-11
-11
4
4
-3
-3
3
3
-8
-8
12
12
-15
-15
2
2
-26
-26
2
2
-6
-6
-3
-3
6
6
3
3
-8
-8
3
3
8
8
-3
-3
-1
-1
4
4
1
1
3
3
30
30
-17
-17
-19
-19
4
4
-2
-2
-4
-4
-1
-1
10
10
6
6
-11
-11
2
2
-2
-2
2
2
-6
-6
12
12
-15
-15
6
6
-22
-22
-2
-2
-10
-10
-1
-1
2
2
1
1
0
0
1
1
8
8
-1
-1
-3
-3
-4
-4
3
3
1
1
26
26
-11
-11
-17
-17
4
4
2
2
-12
-12
5
5
6
6
10
10
-9
-9
-2
-2
2
2
-2
-2
-2
-2
4
4
-5
-5
4
4
-17
-17
-7
-7
-12
-12
5
5
-2
-2
-5
-5
4
4
3
3
9
9
-3
-3
-5
-5
-6
-6
2
2
1
1
19
19
-2
-2
-15
-15
5
5
4
4
-18
-18
7
7
4
4
8
8
-5
-5
-2
-2
1
1
-4
-4
0
0
-3
-3
2
2
-4
-4
-11
-11
-13
-13
-12
-12
15
15
-6
-6
-15
-15
4
4
9
9
11
11
-9
-9
-7
-7
-2
-2
-2
-2
3
3
9
9
10
10
-13
-13
7
7
4
4
-22
-22
5
5
4
4
0
0
1
1
2
2
-5
-5
-4
-4
0
0
-9
-9
6
6
-6
-6
-18
-18
-12
-12
-10
-10
15
15
-8
-8
-13
-13
4
4
9
9
11
11
-9
-9
-6
-6
-1
-1
-5
-5
3
3
2
2
17
17
-10
-10
7
7
6
6
-18
-18
2
2
0
0
-2
-2
6
6
0
0
-4
-4
-10
-10
2
2
-10
-10
5
5
-2
-2
-38
-38
-4
-4
-6
-6
5
5
-8
-8
1
1
4
4
3
3
9
9
-3
-3
-2
-2
-3
-3
-7
-7
1
1
-2
-2
19
19
-6
-6
5
5
10
10
-6
-6
-2
-2
-8
-8
2
2
10
10
-8
-8
4
4
-22
-22
6
6
-6
-6
-1
-1
-6
-6
-38
-38
-5
-5
-4
-4
1
1
-6
-6
7
7
3
3
0
0
7
7
0
0
2
2
-5
-5
-8
-8
1
1
0
0
20
20
-8
-8
2
2
13
13
-4
-4
-3
-3
-8
-8
7
7
7
7
-12
-12
7
7
-24
-24
6
6
-2
-2
-3
-3
-18
-18
-18
-18
-15
-15
-4
-4
3
3
-2
-2
5
5
1
1
0
0
5
5
0
0
6
6
-7
-7
-8
-8
3
3
8
8
20
20
-16
-16
-2
-2
15
15
-12
-12
-1
-1
0
0
13
13
-3
-3
-12
-12
5
5
-16
-16
2
2
2
2
-1
-1
-25
-25
-13
-13
-18
-18
-3
-3
4
4
-1
-1
1
1
3
3
-1
-1
4
4
-1
-1
9
9
-1
-1
-12
-12
0
0
13
13
19
19
-18
-18
-6
-6
20
20
-10
-10
-8
-8
2
2
13
13
-6
-6
-8
-8
2
2
-13
-13
2
2
3
3
-2
-2
-27
-27
-23
-23
-14
-14
-1
-1
4
4
-3
-3
-5
-5
9
9
-3
-3
4
4
-3
-3
11
11
13
13
-20
-20
-8
-8
15
15
17
17
-14
-14
-10
-10
28
28
2
2
-24
-24
-2
-2
7
7
-2
-2
0
0
-2
-2
-15
-15
6
6
1
1
-6
-6
-25
-25
-34
-34
-9
-9
-2
-2
4
4
-5
-5
-10
-10
11
11
-2
-2
2
2
-2
-2
12
12
22
22
-24
-24
-8
-8
11
11
5
5
-7
-7
-8
-8
27
27
21
21
-38
-38
-7
-7
7
7
-4
-4
2
2
-2
-2
-12
-12
6
6
1
1
-7
-7
-19
-19
-46
-46
-3
-3
-6
-6
4
4
-7
-7
-14
-14
9
9
2
2
-2
-2
2
2
12
12
26
26
-24
-24
0
0
1
1
-17
-17
3
3
0
0
17
17
47
47
-50
-50
-13
-13
13
13
-12
-12
-2
-2
2
2
-4
-4
2
2
3
3
-5
-5
-27
-27
-51
-51
-6
-6
-6
-6
2
2
-6
-6
-14
-14
10
10
2
2
-4
-4
4
4
11
11
21
21
-20
-20
14
14
-4
-4
-34
-34
4
4
7
7
10
10
46
46
-45
-45
-12
-12
15
15
-13
-13
-2
-2
1
1
-2
-2
2
2
4
4
-4
-4
-49
-49
-49
-49
-18
-18
-2
-2
-2
-2
-2
-2
-10
-10
14
14
-2
-2
-4
-4
4
4
9
9
7
7
-12
-12
34
34
-4
-4
-46
-46
-4
-4
13
13
6
6
18
18
-23
-23
-4
-4
13
13
-7
-7
2
2
-5
-5
-6
-6
6
6
4
4
-4
-4
-65
-65
-36
-36
-32
-32
-4
-4
-5
-5
1
1
-11
-11
11
11
-1
-1
-1
-1
3
3
7
7
0
0
-7
-7
31
31
1
1
-38
-38
-6
-6
12
12
0
0
3
3
-9
-9
-2
-2
11
11
-5
-5
1
1
-5
-5
-4
-4
7
7
-3
-3
0
0
-75
-75
-12
-12
-48
-48
-12
-12
-7
-7
3
3
-17
-17
1
1
5
5
5
5
1
1
5
5
0
0
-5
-5
5
5
11
11
-10
-10
-2
-2
4
4
-8
-8
1
1
-3
-3
-6
-6
9
9
-7
-7
-5
-5
1
1
4
4
5
5
-17
-17
8
8
-79
-79
-5
-5
-56
-56
-14
-14
-17
-17
3
3
-14
-14
-6
-6
7
7
8
8
0
0
4
4
-1
-1
-6
-6
-6
-6
13
13
4
4
-3
-3
7
7
-12
-12
0
0
-3
-3
-5
-5
7
7
-8
-8
-7
-7
4
4
12
12
-1
-1
-25
-25
3
3
-77
-77
-15
-15
-56
-56
-10
-10
-35
-35
1
1
-2
-2
-10
-10
5
5
8
8
0
0
4
4
-3
-3
-10
-10
-2
-2
7
7
4
4
-9
-9
21
21
-12
-12
0
0
-9
-9
1
1
5
5
-8
-8
-5
-5
4
4
20
20
-11
-11
-27
-27
-15
-15
-51
-51
-24
-24
-79
-79
-20
-20
-37
-37
-1
-1
4
4
-15
-15
5
5
8
8
0
0
9
9
-5
-5
-16
-16
1
1
7
7
5
5
-14
-14
19
19
-7
-7
0
0
-8
-8
2
2
3
3
-8
-8
-3
-3
8
8
29
29
-23
-23
-29
-29
-22
-22
-1
-1
-32
-32
-125
-125
-44
-44
-23
-23
-3
-3
4
4
-21
-21
7
7
8
8
0
0
19
19
-7
-7
-24
-24
3
3
13
13
7
7
-18
-18
1
1
3
3
0
0
0
0
-2
-2
1
1
-8
-8
-1
-1
16
16
39
39
-37
-37
-31
-31
-18
-18
43
43
-22
-22
-154
-154
-69
-69
-21
-21
-8
-8
4
4
-21
-21
9
9
9
9
3
3
21
21
-11
-11
-27
-27
2
2
14
14
7
7
-16
-16
-8
-8
5
5
3
3
6
6
-4
-4
1
1
-9
-9
-1
-1
18
18
47
47
-45
-45
-32
-32
-14
-14
81
81
6
6
-166
-166
-95
-95
-31
-31
-16
-16
4
4
-15
-15
11
11
11
11
9
9
15
15
-17
-17
-25
-25
-2
-2
10
10
5
5
-8
-8
-8
-8
-1
-1
9
9
10
10
-4
-4
3
3
-11
-11
-3
-3
14
14
53
53
-47
-47
-32
-32
-10
-10
91
91
28
28
-156
-156
-116
-116
-38
-38
-21
-21
3
3
-8
-8
9
9
15
15
13
13
7
7
-15
-15
-25
-25
-3
-3
7
7
2
2
0
0
-10
-10
1
1
9
9
9
9
-8
-8
5
5
-7
-7
0
0
4
4
45
45
-36
-36
-27
-27
-9
-9
73
73
44
44
-124
-124
-132
-132
-42
-42
-23
-23
1
1
0
0
3
3
21
21
15
15
-3
-3
-5
-5
-27
-27
-1
-1
5
5
-2
-2
8
8
-14
-14
11
11
3
3
3
3
-16
-16
7
7
3
3
8
8
-12
-12
23
23
-12
-12
-17
-17
-11
-11
52
52
47
47
-108
-108
-124
-124
-43
-43
-22
-22
0
0
3
3
2
2
26
26
40
40
-1
-1
-14
-14
-33
-33
-13
-13
0
0
-2
-2
11
11
-14
-14
13
13
2
2
0
0
-18
-18
4
4
11
11
7
7
-16
-16
9
9
-1
-1
-10
-10
-9
-9
28
28
37
37
-108
-108
-92
-92
-41
-41
-18
-18
0
0
1
1
6
6
30
30
88
88
13
13
-42
-42
-43
-43
-39
-39
-8
-8
2
2
9
9
-10
-10
7
7
6
6
0
0
-14
-14
-4
-4
17
17
-3
-3
-8
-8
3
3
-3
-3
-6
-6
-3
-3
16
16
26
26
-88
-88
-67
-67
-40
-40
-12
-12
1
1
3
3
8
8
32
32
116
116
4
4
-42
-42
-41
-41
-62
-62
-12
-12
1
1
7
7
-2
-2
-2
-2
11
11
-2
-2
-1
-1
-14
-14
13
13
-8
-8
-1
-1
-1
-1
-3
-3
-3
-3
-2
-2
16
16
14
14
-48
-48
-49
-49
-40
-40
-4
-4
3
3
9
9
8
8
32
32
124
124
-28
-28
-14
-14
-27
-27
-82
-82
-12
-12
-5
-5
5
5
10
10
-14
-14
17
17
-6
-6
21
21
-26
-26
-1
-1
-8
-8
5
5
-3
-3
-1
-1
-1
-1
-6
-6
19
19
7
7
-25
-25
-38
-38
-33
-33
-1
-1
6
6
10
10
9
9
33
33
109
109
-29
-29
6
6
-21
-21
-85
-85
-18
-18
-12
-12
10
10
16
16
-21
-21
15
15
-4
-4
27
27
-27
-27
-10
-10
-6
-6
5
5
-1
-1
1
1
-4
-4
-5
-5
25
25
5
5
-19
-19
-34
-34
-19
-19
-3
-3
10
10
6
6
11
11
35
35
71
71
1
1
18
18
-23
-23
-71
-71
-30
-30
-20
-20
22
22
16
16
-23
-23
5
5
4
4
17
17
-17
-17
-14
-14
-2
-2
-1
-1
5
5
3
3
-12
-12
1
1
22
22
5
5
-14
-14
-23
-23
-12
-12
-5
-5
11
11
4
4
12
12
41
41
51
51
22
22
28
28
-48
-48
-51
-51
-37
-37
-18
-18
22
22
23
23
-29
-29
1
1
7
7
16
16
-19
-19
-15
-15
2
2
-3
-3
4
4
3
3
-16
-16
6
6
10
10
7
7
-10
-10
-5
-5
-12
-12
-7
-7
9
9
4
4
12
12
51
51
49
49
34
34
36
36
-96
-96
-25
-25
-39
-39
-6
-6
10
10
37
37
-39
-39
3
3
5
5
24
24
-33
-33
-13
-13
6
6
-1
-1
-4
-4
1
1
-16
-16
10
10
6
6
4
4
-4
-4
3
3
-9
-9
-12
-12
6
6
8
8
9
9
64
64
52
52
32
32
17
17
-96
-96
-16
-16
-37
-37
-2
-2
0
0
37
37
-33
-33
-5
-5
8
8
26
26
-35
-35
-11
-11
7
7
1
1
-2
-2
-5
-5
-13
-13
9
9
10
10
-4
-4
4
4
1
1
-3
-3
-20
-20
2
2
16
16
3
3
80
80
60
60
16
16
-29
-29
-48
-48
-24
-24
-31
-31
-6
-6
-8
-8
23
23
-11
-11
-23
-23
16
16
22
22
-25
-25
-9
-9
5
5
3
3
10
10
-15
-15
-7
-7
3
3
10
10
-7
-7
8
8
2
2
-2
-2
-21
-21
-4
-4
22
22
3
3
76
76
77
77
6
6
-55
-55
-29
-29
-21
-21
-32
-32
-6
-6
-11
-11
10
10
0
0
-26
-26
17
17
18
18
-18
-18
-3
-3
13
13
-5
-5
14
14
-22
-22
-3
-3
-2
-2
6
6
-5
-5
8
8
6
6
-6
-6
-15
-15
-12
-12
26
26
9
9
52
52
103
103
2
2
-61
-61
-39
-39
-7
-7
-40
-40
-2
-2
-9
-9
-2
-2
0
0
-14
-14
11
11
14
14
-14
-14
7
7
31
31
-23
-23
10
10
-26
-26
-1
-1
-6
-6
2
2
-4
-4
8
8
8
8
-9
-9
-11
-11
-15
-15
24
24
15
15
36
36
107
107
7
7
-55
-55
-46
-46
-2
-2
-35
-35
-11
-11
-7
-7
-5
-5
-2
-2
-4
-4
5
5
11
11
-10
-10
9
9
34
34
-25
-25
6
6
-25
-25
-1
-1
-5
-5
-2
-2
-4
-4
8
8
8
8
-11
-11
-9
-9
-13
-13
16
16
21
21
28
28
89
89
21
21
-37
-37
-50
-50
-6
-6
-17
-17
-33
-33
-5
-5
1
1
-6
-6
4
4
-1
-1
9
9
-6
-6
3
3
22
22
-11
-11
2
2
-19
-19
-3
-3
1
1
-2
-2
-5
-5
11
11
10
10
-16
-16
-8
-8
-15
-15
15
15
27
27
24
24
73
73
26
26
-28
-28
-46
-46
-8
-8
-9
-9
-42
-42
-5
-5
5
5
-2
-2
6
6
-8
-8
5
5
-3
-3
-1
-1
17
17
-2
-2
-6
-6
-7
-7
-5
-5
0
0
2
2
-7
-7
17
17
14
14
-24
-24
-8
-8
-21
-21
21
21
33
33
24
24
59
59
22
22
-28
-28
-34
-34
-8
-8
-11
-11
-38
-38
-7
-7
7
7
10
10
2
2
-16
-16
-1
-1
-1
-1
-3
-3
19
19
2
2
-18
-18
11
11
-7
-7
-8
-8
4
4
-7
-7
16
16
16
16
-24
-24
-9
-9
-23
-23
20
20
35
35
26
26
54
54
14
14
-17
-17
-30
-30
-9
-9
-11
-11
-39
-39
-5
-5
3
3
16
16
-2
-2
-14
-14
-3
-3
0
0
-4
-4
14
14
5
5
-18
-18
14
14
-4
-4
-12
-12
4
4
-5
-5
8
8
16
16
-16
-16
-11
-11
-21
-21
12
12
33
33
30
30
58
58
2
2
5
5
-34
-34
-11
-11
-9
-9
-45
-45
1
1
-7
-7
16
16
-6
-6
-2
-2
-1
-1
0
0
-4
-4
2
2
7
7
-6
-6
2
2
4
4
-12
-12
3
3
-3
-3
3
3
14
14
-10
-10
-14
-14
-19
-19
10
10
29
29
37
37
62
62
3
3
10
10
-37
-37
-14
-14
-10
-10
-48
-48
2
2
-11
-11
12
12
0
0
3
3
-4
-4
1
1
-3
-3
-6
-6
11
11
8
8
5
5
-5
-5
-17
-17
1
1
-1
-1
1
1
10
10
-6
-6
-18
-18
-17
-17
14
14
23
23
47
47
66
66
17
17
-2
-2
-39
-39
-18
-18
-14
-14
-48
-48
-2
-2
-9
-9
4
4
16
16
1
1
-12
-12
3
3
-1
-1
-10
-10
17
17
24
24
23
23
-31
-31
-27
-27
0
0
1
1
0
0
6
6
-2
-2
-21
-21
-15
-15
15
15
23
23
49
49
68
68
31
31
-11
-11
-43
-43
-20
-20
-12
-12
-48
-48
-6
-6
-4
-4
-3
-3
26
26
-7
-7
-12
-12
3
3
-2
-2
-8
-8
20
20
25
25
38
38
-49
-49
-28
-28
0
0
3
3
0
0
2
2
2
2
-23
-23
-13
-13
13
13
29
29
43
43
68
68
45
45
-17
-17
-49
-49
-20
-20
-4
-4
-48
-48
-10
-10
4
4
-9
-9
30
30
-21
-21
-4
-4
1
1
-6
-6
0
0
20
20
11
11
50
50
-59
-59
-20
-20
0
0
2
2
2
2
1
1
2
2
-20
-20
-14
-14
9
9
30
30
41
41
69
69
75
75
-17
-17
-68
-68
-25
-25
-8
-8
-41
-41
-8
-8
-1
-1
-9
-9
24
24
-21
-21
0
0
-1
-1
-4
-4
3
3
14
14
8
8
40
40
-50
-50
-10
-10
0
0
-2
-2
6
6
3
3
-2
-2
-12
-12
-18
-18
3
3
26
26
43
43
71
71
121
121
-11
-11
-100
-100
-35
-35
-24
-24
-27
-27
0
0
-19
-19
-3
-3
8
8
-7
-7
0
0
-3
-3
4
4
1
1
2
2
16
16
8
8
-22
-22
2
2
1
1
-3
-3
6
6
4
4
-4
-4
-5
-5
-18
-18
-4
-4
20
20
40
40
68
68
162
162
24
24
-128
-128
-65
-65
-35
-35
-15
-15
-1
-1
-26
-26
-1
-1
3
3
0
0
-1
-1
-2
-2
5
5
-3
-3
-3
-3
18
18
-5
-5
-8
-8
6
6
3
3
-1
-1
2
2
4
4
-4
-4
1
1
-14
-14
-12
-12
12
12
32
32
60
60
198
198
88
88
-152
-152
-115
-115
-41
-41
-5
-5
-11
-11
-22
-22
-3
-3
9
9
0
0
-3
-3
2
2
-1
-1
-9
-9
-1
-1
14
14
1
1
-8
-8
2
2
