-1669
-865
-2051
-213
-1417
1107
-660
281
1060
-1703
-1184
1752
-2368
438
301
-616
824
-389
-176
-8
-8
-2904
-735
-856
-570
768
-1238
504
-2293
-1073
201
-1529
375
1187
-1457
42
-19
-935
260
-974
-457
-1198
-719
188
-379
-1357
-484
-1202
-313
-1075
452
-1184
450
-509
462
-2207
-423
-560
-2144
-1008
318
284
-195
-1204
-1527
-149
-321
364
-275
468
-546
-1490
-639
438
-721
-357
-1090
502
-486
-789
-358
68
-1115
-1961
343
-1238
162
832
-563
-851
-204
-2143
-213
-778
-134
257
306
-1326
-344
801
-10
-1582
182
-1537
-144
-1051
-309
-1501
629
-1832
429
695
-1824
-560
-528
-810
828
-722
-1344
-495
-771
-606
614
173
-1171
-376
-1054
-1198
-1018
938
-1516
-1636
739
-2004
-292
1292
-1274
802
468
-192
-387
-1014
-1018
-84
-1622
-1969
1211
-980
-85
-694
654
-1576
1344
-188
-1743
-788
670
-627
-987
-447
-454
-121
570
-2143
-592
642
504
-861
752
-1971
-892
-14
479
125
-1605
-37
-566
-715
473
-1080
395
-1063
6
-1007
-1856
1099
-1610
-840
-2309
739
-744
20
79
-1995
-903
1245
-687
-756
-2309
-711
-374
-535
-1167
-1357
125
-412
-1810
-970
-214
-1761
-669
-1929
1493
-1292
-489
1219
-1255
-2183
193
811
491
-1268
341
-1261
-1651
-810
-97
-1549
-1336
-216
169
-1071
-2347
1364
781
-931
-2237
-54
73
-39
-2554
-897
683
-2877
-738
-451
-1389
-723
126
204
-2414
-305
583
-1671
-1305
-128
-473
809
1019
140
-1039
138
708
856
673
-1570
-1681
0
-670
199
-493
355
311
-885
421
705
-1252
-1007
-194
-2351
-1195
315
629
-2571
-220
-1167
-199
1340
-3
-2065
-964
205
206
-1068
-1579
-1912
-1108
-149
-278
-642
-839
-34
316
-268
-465
-1241
-1103
108
-222
-1704
168
371
243
-1402
-420
-278
645
-743
-2314
-2871
542
1190
-1337
-1207
15
403
-823
257
-453
-1242
-1949
-700
-8
-495
10
-883
187
287
-1659
-1058
2
-61
523
-2220
-824
-1020
1337
-1487
-647
172
2111
-3
-2190
-1040
429
-467
-762
80
-305
-525
-1400
-362
-462
-109
-1393
-1239
-840
-1760
-1746
46
1497
75
67
-2960
832
1348
682
-614
-1139
-337
-501
-1227
-2224
55
155
-1577
-1113
560
-2232
43
-609
-571
681
91
-919
-1813
-455
727
-417
1049
-694
-140
-2438
-953
-97
-302
-1075
-1995
-105
1021
120
-605
-1496
1292
-643
-387
-1338
553
-817
-1022
-554
-847
-985
-547
-1111
-413
2016
446
-242
-550
-644
-1117
-1239
149
721
-705
387
-962
-215
-857
-2175
-150
-705
923
-1041
-775
-524
-206
-2029
-78
495
-847
-1247
301
-957
-393
769
-338
-1799
-1227
-4
-318
-1546
363
-217
969
-1499
-345
-1552
-1164
-138
-947
68
-301
-1114
-2220
-1118
-211
-2567
-301
408
-1748
-2176
21
-343
-1594
-309
241
-164
-247
-980
-1703
-1801
-444
258
-1347
-493
-1323
-974
-1423
-1349
1255
-1330
1163
-122
-466
979
-1210
-268
-304
-125
-975
-2282
953
-605
-809
-81
-924
711
-917
106
-390
-1199
301
488
-475
638
-1598
-1271
-1409
-192
80
-1603
141
-1401
-155
260
-1764
-153
-237
-513
-2145
-1730
539
421
-1191
-92
1043
745
-522
-452
-610
-1252
-1061
-430
820
-843
-1451
-349
-450
-352
-1031
-539
2574
-744
361
-217
-607
831
-2545
-2173
-1082
-1574
183
444
-558
-1336
999
-610
-1514
-418
277
-2190
-306
-289
-1134
-525
-1878
-212
-844
-480
-1673
1594
415
-1153
-838
-979
-838
-1036
-917
-1616
-1386
-42
903
903
-1587
1093
-487
-483
-681
-1062
269
-2297
619
-272
-1161
-72
165
706
-1054
-583
185
457
-533
-864
-1973
-961
-1242
-353
613
-1285
92
394
1217
-1498
-1438
-196
213
-2179
-369
-1595
-1238
481
876
-1837
227
-495
735
-370
-226
-307
-743
-189
-1050
-338
-1997
205
487
858
885
-225
-613
762
-1548
-1658
-772
151
-2223
795
-326
-1421
783
434
1696
-2523
-1030
-1418
299
-714
-1946
312
-347
-1622
1013
659
-897
-17
-861
323
-1084
-1387
420
-863
-967
-566
385
-976
131
1550
-462
-530
298
-318
-976
-795
140
-658
1573
-2089
-565
-819
-395
-2085
1698
-546
-597
-1367
-1137
-539
-1261
-501
610
-153
167
-773
-316
-921
-602
-419
-2831
195
-1903
-762
-1227
-368
-330
-2175
-376
-1235
-1140
-158
-1075
341
2087
-1458
-419
-2006
-178
-819
-1628
482
-522
452
723
-1359
-897
-170
-551
244
-1219
201
-16
-1394
229
-252
-647
-417
-263
510
1036
-1854
-922
1123
632
-1685
-1010
-687
-806
-736
293
-80
-2103
-774
794
-1533
467
-916
-154
573
-994
-312
-1433
144
-627
-479
-1680
-370
-512
1043
-1273
-1452
-894
-934
167
-2177
991
-478
18
-1259
910
-1681
-1574
-778
870
-619
-1405
25
-330
840
-1057
-635
-1828
217
-11
-1172
-972
-199
575
515
-755
-436
265
1349
30
180
562
60
-2327
-47
-147
-1613
47
-222
168
-686
813
343
377
625
-2193
-117
-296
683
169
-933
-1214
1412
-158
498
-2319
554
-556
-626
-1147
-960
360
-1344
-627
596
-283
-638
-613
374
1628
-573
499
-1004
15
-2861
-9
-441
-406
-1702
-1748
-1141
-410
1464
-1045
-1596
-9
9
315
-1546
-807
-719
273
-1173
-1414
-574
268
