0
0
534
1827
0
1776
2478
0
0
1331
1779
152
1435
0
419
3358
1978
56
0
0
0
0
0
0
810
1142
0
0
406
432
1115
3874
482
1420
1574
0
0
890
0
835
177
0
0
2067
0
0
0
0
0
920
227
1698
3257
1120
89
0
0
0
2414
548
0
367
0
0
0
170
1079
1577
0
255
2086
579
0
491
0
1791
2669
0
1625
0
0
892
0
0
395
2921
1831
761
1146
2415
0
0
0
670
2244
1425
0
0
563
0
479
1503
688
0
576
190
0
752
0
1894
0
0
888
2424
811
0
626
0
0
867
1409
309
2836
473
0
0
682
0
1231
0
307
0
198
1815
338
567
2553
191
1052
1492
661
0
858
520
0
729
0
391
1514
867
1874
1040
0
26
1125
1043
731
1085
540
472
0
2884
74
179
39
0
0
538
0
0
817
1383
2244
0
2001
1449
0
0
939
0
491
0
0
180
0
1548
0
0
423
527
1113
0
0
1721
1555
0
35
0
0
340
2411
0
0
291
323
696
649
0
560
759
0
75
923
480
2278
0
808
1750
1204
1333
0
486
449
676
733
0
0
1492
3039
1060
0
933
1827
1543
633
285
739
1547
886
2610
470
822
0
0
0
0
859
1551
88
0
0
75
516
0
1570
2247
196
2166
1937
1469
0
1330
2355
0
0
680
1444
799
0
0
3630
1232
559
2320
2614
1856
51
195
0
0
2048
1510
0
1029
0
911
0
0
0
0
0
344
0
0
0
811
714
152
1120
0
0
0
335
255
25
0
800
1860
1223
2139
1059
349
0
3171
223
167
1400
0
0
922
1032
100
192
1129
2358
2346
2174
0
934
0
0
431
0
0
290
2662
1419
0
294
0
621
0
538
0
1112
0
0
1240
3439
2663
1214
0
764
0
1351
0
502
300
0
2163
1175
608
590
178
0
0
0
591
370
1491
822
171
0
110
2276
1360
681
1164
0
0
0
0
2427
400
0
375
0
133
0
0
893
1688
437
790
1817
1029
1813
1287
2844
308
0
0
361
819
452
0
0
0
1594
1911
1509
2391
152
1165
0
1962
726
137
2391
427
202
0
0
0
544
2199
1685
0
0
0
935
1321
1458
1541
0
2093
632
2846
0
0
0
0
2045
155
0
0
628
337
0
982
378
765
1177
0
1919
0
0
0
0
1410
0
1214
882
0
0
413
0
0
0
1482
2899
1401
0
0
1426
102
0
0
1182
1095
0
804
0
0
77
531
22
256
2253
1614
0
0
0
256
349
0
1064
164
1669
939
0
768
2338
243
1898
1683
2949
1552
243
1715
0
857
2845
353
98
1778
1230
0
0
52
1428
1804
3661
111
0
2028
1282
1593
0
1194
1568
196
0
0
0
128
0
0
405
262
209
549
526
0
291
1188
0
1871
759
1047
0
0
334
0
199
0
0
738
1654
2221
28
0
1746
2579
983
1123
0
1607
0
0
0
447
3034
55
0
515
978
0
0
0
1036
1456
713
857
638
0
921
1163
151
0
735
2292
0
0
0
578
75
0
0
950
2242
1431
0
1340
640
396
0
1143
0
1599
877
0
2353
425
897
1589
1139
1460
2022
1083
273
0
0
0
1373
475
0
1497
2182
1228
2273
482
954
0
0
0
871
0
243
389
383
875
427
1293
0
430
834
0
94
0
1840
0
315
0
1501
989
2447
1424
808
0
795
292
0
0
744
2240
0
0
1861
2104
1222
2510
0
201
508
0
0
0
367
165
0
1723
686
747
1592
1512
0
0
0
0
0
713
0
1292
2193
0
660
2033
410
0
432
0
0
0
990
2378
1481
1338
0
793
1302
0
332
11
0
0
224
513
303
152
1088
914
805
1334
141
0
1567
0
0
0
0
0
0
1944
664
0
0
0
572
2774
0
667
2808
0
169
102
1749
0
1882
818
823
30
0
421
393
1274
0
2330
1331
3209
433
1656
1854
194
617
821
3071
2548
329
799
1253
462
0
0
22
1245
444
2228
0
2015
0
0
0
0
1847
312
1464
487
0
1102
557
0
386
507
55
7
0
787
0
198
0
1125
0
0
656
1473
1178
753
239
0
0
1121
1851
0
1414
0
160
0
1585
0
1545
72
858
566
110
1648
425
545
452
0
2662
1382
1575
1459
2147
70
0
0
375
0
2513
1003
2030
0
0
2616
494
722
0
165
312
2038
341
0
1946
0
325
0
0
723
0
0
0
0
0
0
810
1250
1266
190
538
282
0
2385
220
0
0
0
0
762
1080
0
0
0
0
640
267
0
0
685
1262
0
1124
590
1802
0
1071
192
0
7
