0
1607
0
153
650
0
0
1771
1482
0
0
1039
0
780
1260
0
0
0
0
1285
0
0
1176
987
0
0
0
976
0
0
695
0
493
221
0
682
1472
0
1896
1152
0
0
206
0
343
1665
1408
0
0
0
1279
0
0
0
1182
1254
1599
1173
0
0
373
471
0
207
0
0
0
0
0
1554
0
0
803
1461
0
0
0
2272
71
0
0
115
0
0
273
0
0
1487
0
0
0
526
1246
0
0
0
0
0
0
841
599
0
0
516
1028
1178
338
0
2965
0
690
1628
0
0
0
753
0
0
1035
457
0
263
0
130
410
1078
0
0
0
1072
1108
688
134
0
0
996
0
0
0
0
0
2192
1731
805
0
0
2515
0
0
203
0
0
2019
0
0
0
1501
0
0
0
1029
0
982
0
0
920
424
0
0
0
0
0
304
1154
0
0
0
1199
887
59
398
0
0
1623
175
0
0
1461
240
185
0
597
609
0
0
1445
872
853
0
810
0
0
748
338
1883
0
0
92
2217
717
180
0
0
0
0
962
0
0
724
522
550
0
0
0
0
53
2978
1216
114
1492
3158
0
0
1125
991
684
0
0
0
0
597
1440
2497
240
1307
1267
267
0
0
331
79
1568
562
0
0
0
0
518
0
0
0
1504
0
0
50
0
0
0
0
327
0
84
1570
350
0
311
796
929
749
0
0
1005
2430
127
1239
0
0
0
0
0
0
45
1669
426
831
930
497
301
0
123
0
0
0
0
0
960
290
627
211
0
0
37
263
0
414
1905
0
781
599
815
665
44
0
0
0
23
0
717
477
0
0
0
573
0
0
0
0
321
0
421
229
0
0
0
0
1543
3582
0
0
0
108
145
0
0
95
603
0
0
0
0
692
1202
1013
1779
954
1340
12
0
0
290
861
0
0
0
0
0
0
0
90
1094
1630
1131
0
0
629
0
1206
1230
59
1505
0
0
228
72
29
510
1746
1501
0
0
379
1668
25
0
596
949
0
0
0
0
0
0
598
683
0
0
0
703
0
88
338
0
0
539
0
0
0
0
479
0
0
0
0
662
1145
0
374
0
176
1466
1043
964
0
0
0
308
0
0
0
0
1177
0
0
0
0
120
1613
546
0
0
1364
0
0
0
0
808
0
430
0
0
0
303
3265
1367
0
234
2250
1603
0
0
579
0
0
781
914
0
788
2452
41
0
0
1838
1095
141
627
1054
893
343
0
0
121
70
0
1157
963
0
0
0
385
0
1006
162
0
478
1008
0
0
589
3472
1238
0
0
0
755
1301
0
346
0
1095
257
0
883
310
469
1907
1243
1528
0
0
0
0
0
349
181
212
0
0
0
0
0
1259
1367
0
0
59
1408
158
0
0
0
0
451
0
0
0
0
1331
518
74
0
0
0
0
391
2358
386
0
2142
0
0
0
7
195
0
321
992
1847
786
1429
1352
0
0
1001
1346
0
0
0
1570
2056
870
0
0
1210
0
0
0
729
0
1234
0
0
1075
0
0
0
0
674
680
65
0
1374
688
0
264
0
304
207
0
208
1972
0
0
0
385
0
0
0
1062
0
1838
625
318
2205
0
0
0
0
0
0
0
0
225
1253
600
1067
0
0
0
0
0
491
0
931
241
0
0
867
104
686
0
0
0
1214
2055
0
0
802
565
29
0
1474
0
0
378
325
0
0
305
673
0
1792
1367
341
0
0
658
0
0
0
0
0
0
0
1992
1371
0
0
0
0
0
0
2093
0
1054
1137
101
0
0
1094
1203
223
2135
1215
341
329
271
0
610
1481
464
1770
0
0
0
1180
2376
1234
2435
48
0
395
0
0
668
0
730
210
36
0
0
0
0
543
1250
0
0
2202
0
0
0
962
1526
0
204
0
0
0
0
2365
1395
0
0
1813
193
0
0
747
0
958
0
0
0
0
1673
0
0
0
1049
1017
0
0
855
1332
27
0
0
464
0
341
1370
1150
0
231
3490
1151
775
0
0
0
1051
2028
950
0
916
759
0
1136
0
18
554
0
0
719
1468
348
0
0
457
0
0
0
0
0
0
0
817
1623
0
11
332
0
732
119
431
1559
0
0
0
279
0
510
0
0
0
0
0
292
46
49
0
845
0
230
55
0
0
0
68
259
0
73
0
461
0
0
846
438
752
0
604
0
801
0
193
477
0
0
0
0
654
0
215
0
0
256
1389
293
269
2293
1818
