0
0
0
0
0
1107
0
281
1060
0
0
1752
0
438
301
0
824
0
0
0
0
0
0
0
0
768
0
504
0
0
201
0
375
1187
0
42
0
0
260
0
0
0
0
188
0
0
0
0
0
0
452
0
450
0
462
0
0
0
0
0
318
284
0
0
0
0
0
364
0
468
0
0
0
438
0
0
0
502
0
0
0
68
0
0
343
0
162
832
0
0
0
0
0
0
0
257
306
0
0
801
0
0
182
0
0
0
0
0
629
0
429
695
0
0
0
0
828
0
0
0
0
0
614
173
0
0
0
0
0
938
0
0
739
0
0
1292
0
802
468
0
0
0
0
0
0
0
1211
0
0
0
654
0
1344
0
0
0
670
0
0
0
0
0
570
0
0
642
504
0
752
0
0
0
479
125
0
0
0
0
473
0
395
0
6
0
0
1099
0
0
0
739
0
20
79
0
0
1245
0
0
0
0
0
0
0
0
125
0
0
0
0
0
0
0
1493
0
0
1219
0
0
193
811
491
0
341
0
0
0
0
0
0
0
169
0
0
1364
781
0
0
0
73
0
0
0
683
0
0
0
0
0
126
204
0
0
583
0
0
0
0
809
1019
140
0
138
708
856
673
0
0
0
0
199
0
355
311
0
421
705
0
0
0
0
0
315
629
0
0
0
0
1340
0
0
0
205
206
0
0
0
0
0
0
0
0
0
316
0
0
0
0
108
0
0
168
371
243
0
0
0
645
0
0
0
542
1190
0
0
15
403
0
257
0
0
0
0
0
0
10
0
187
287
0
0
2
0
523
0
0
0
1337
0
0
172
2111
0
0
0
429
0
0
80
0
0
0
0
0
0
0
0
0
0
0
46
1497
75
67
0
832
1348
682
0
0
0
0
0
0
55
155
0
0
560
0
43
0
0
681
91
0
0
0
727
0
1049
0
0
0
0
0
0
0
0
0
1021
120
0
0
1292
0
0
0
553
0
0
0
0
0
0
0
0
2016
446
0
0
0
0
0
149
721
0
387
0
0
0
0
0
0
923
0
0
0
0
0
0
495
0
0
301
0
0
769
0
0
0
0
0
0
363
0
969
0
0
0
0
0
0
68
0
0
0
0
0
0
0
408
0
0
21
0
0
0
241
0
0
0
0
0
0
258
0
0
0
0
0
0
1255
0
1163
0
0
979
0
0
0
0
0
0
953
0
0
0
0
711
0
106
0
0
301
488
0
638
0
0
0
0
80
0
141
0
0
260
0
0
0
0
0
0
539
421
0
0
1043
745
0
0
0
0
0
0
820
0
0
0
0
0
0
0
2574
0
361
0
0
831
0
0
0
0
183
444
0
0
999
0
0
0
277
0
0
0
0
0
0
0
0
0
0
1594
415
0
0
0
0
0
0
0
0
0
903
903
0
1093
0
0
0
0
269
0
619
0
0
0
165
706
0
0
185
457
0
0
0
0
0
0
613
0
92
394
1217
0
0
0
213
0
0
0
0
481
876
0
227
0
735
0
0
0
0
0
0
0
0
205
487
858
885
0
0
762
0
0
0
151
0
795
0
0
783
434
1696
0
0
0
299
0
0
312
0
0
1013
659
0
0
0
323
0
0
420
0
0
0
385
0
131
1550
0
0
298
0
0
0
140
0
1573
0
0
0
0
0
1698
0
0
0
0
0
0
0
610
0
167
0
0
0
0
0
0
195
0
0
0
0
0
0
0
0
0
0
0
341
2087
0
0
0
0
0
0
482
0
452
723
0
0
0
0
244
0
201
0
0
229
0
0
0
0
510
1036
0
0
1123
632
0
0
0
0
0
293
0
0
0
794
0
467
0
0
573
0
0
0
144
0
0
0
0
0
1043
0
0
0
0
167
0
991
0
18
0
910
0
0
0
870
0
0
25
0
840
0
0
0
217
0
0
0
0
575
515
0
0
265
1349
30
180
562
60
0
0
0
0
47
0
168
0
813
343
377
625
0
0
0
683
169
0
0
1412
0
498
0
554
0
0
0
0
360
0
0
596
0
0
0
374
1628
0
499
0
15
0
0
0
0
0
0
0
0
1464
0
0
0
9
315
0
0
0
273
0
0
0
268
