163
123
19
226
57
133
72
247
102
9
197
218
40
224
75
220
219
68
127
1
0
53
205
4
120
209
42
233
60
118
223
118
169
133
246
172
40
171
47
3
118
222
182
8
138
124
45
215
85
4
82
41
235
137
250
144
248
85
201
69
231
184
82
94
191
190
27
30
142
14
19
227
43
136
232
147
129
222
12
109
223
245
190
162
50
174
180
11
75
112
250
184
211
207
6
178
43
34
233
26
180
180
85
25
97
43
172
144
135
74
207
122
155
3
206
145
177
128
143
202
176
135
93
17
113
211
56
32
244
80
209
174
177
71
40
106
175
59
77
246
122
14
175
104
149
199
10
218
181
74
238
252
49
59
212
76
127
177
253
13
237
79
172
19
126
167
248
160
147
96
95
234
202
164
96
6
134
47
101
9
172
33
235
221
190
240
30
148
252
38
146
189
154
123
37
169
207
185
35
218
114
180
9
208
51
120
255
37
65
253
57
156
216
165
28
62
220
174
80
74
179
137
233
151
79
130
217
8
254
204
97
147
229
189
131
53
149
175
203
18
128
182
255
219
196
133
82
254
110
213
181
134
46
199
136
147
61
244
195
92
224
9
178
217
53
102
47
217
148
94
201
144
18
199
197
105
37
231
221
57
45
111
221
205
0
78
20
41
228
233
115
225
243
207
205
255
141
16
177
193
200
157
248
129
1
23
37
63
24
55
133
74
35
169
212
108
86
89
156
68
35
71
11
121
165
44
80
207
193
195
223
83
31
216
222
145
218
26
79
182
238
43
26
197
208
214
226
135
149
72
99
175
0
196
43
72
115
96
229
142
108
159
119
36
94
105
157
18
255
31
255
224
244
51
153
102
169
45
97
67
78
172
103
108
194
240
103
197
152
209
36
32
137
154
155
75
158
42
246
19
52
217
196
69
27
21
221
203
91
71
167
199
12
207
39
52
70
137
148
102
207
191
255
219
132
160
10
128
83
196
183
9
5
15
128
144
127
236
227
244
10
224
78
157
156
159
195
147
111
126
11
76
109
121
150
65
194
17
24
148
218
255
107
107
230
185
233
84
64
107
44
194
61
209
113
64
87
134
21
201
170
178
159
106
122
185
0
8
61
216
206
133
92
147
23
234
37
220
56
94
240
209
253
50
120
175
228
156
35
202
21
34
32
172
190
98
105
75
75
166
223
240
122
231
190
62
121
71
233
145
248
192
72
89
11
225
219
182
170
187
239
137
10
96
89
181
189
193
62
216
101
34
230
119
175
107
244
245
118
120
251
197
233
175
117
137
97
41
27
229
84
17
82
114
70
34
82
164
254
71
6
183
91
33
35
173
255
118
156
7
43
215
69
170
138
181
210
3
80
216
9
250
105
252
222
21
184
14
146
137
160
172
45
108
111
113
10
22
97
176
208
239
90
71
181
196
244
59
81
56
181
40
17
61
49
184
182
161
234
155
238
217
168
48
5
135
227
7
212
189
197
114
77
236
77
112
155
180
187
119
238
165
3
18
220
230
162
63
184
227
242
86
204
171
35
172
12
33
105
167
39
249
138
114
211
157
20
186
0
69
80
72
91
116
193
46
228
137
222
142
117
39
70
235
150
140
94
10
131
205
187
27
237
115
147
239
25
222
59
204
98
54
45
153
124
58
101
184
155
187
178
16
79
15
78
170
15
217
49
161
242
215
43
143
175
80
95
66
3
52
235
198
110
235
98
241
72
242
71
137
19
189
76
98
177
190
215
158
66
205
132
187
156
76
161
149
14
53
224
46
121
15
213
255
100
108
26
223
154
13
240
141
34
248
222
218
87
149
235
128
22
4
78
150
80
175
146
142
150
245
234
214
226
198
42
76
215
206
230
250
24
153
94
27
79
212
170
231
133
141
61
124
54
10
20
43
137
188
10
249
92
97
116
45
237
75
153
65
106
52
4
85
236
95
9
166
138
250
68
239
31
228
50
48
126
221
135
19
175
110
133
5
141
112
221
5
158
158
122
163
101
117
76
23
191
205
130
6
232
205
151
80
200
39
150
209
110
230
216
49
23
220
58
155
114
40
242
129
94
29
154
143
115
18
126
19
184
7
95
18
16
45
71
253
228
122
204
189
146
16
44
97
0
235
7
132
11
241
123
211
74
24
125
48
97
28
104
183
97
127
142
173
198
171
138
175
131
153
152
217
185
169
5
149
18
9
165
189
243
210
191
102
237
231
168
242
52
44
212
116
215
24
185
137
131
94
141
192
110
200
213
230
42
69
117
34
242
247
176
98
204
143
69
228
209
175
69
112
79
252
206
72
102
193
192
203
52
143
45
172
75
10
97
233
