0
4943
8806
0
10705
11128
0
0
0
0
8146
0
7632
5340
7475
2876
8640
0
3724
21178
0
11548
0
0
0
11484
0
0
0
19470
0
0
5790
0
0
0
0
3472
8480
0
4866
3883
5650
0
4807
0
0
23378
0
5467
3584
0
0
0
3844
0
0
7984
24821
0
0
5161
0
0
0
26913
0
2186
6043
1203
0
0
0
9009
0
0
10731
0
13560
7345
0
10828
2426
0
0
28880
22
0
1583
651
0
19329
5793
8952
13326
22270
17063
7778
0
4849
3369
15802
13442
9723
0
0
18209
0
0
0
0
1327
3565
21468
0
6156
0
0
0
0
10424
15429
0
6613
5733
0
0
15064
6072
14994
0
0
0
11174
0
14004
0
0
0
8126
0
15415
21728
0
0
10313
0
0
1261
1836
0
0
0
0
0
0
0
0
0
0
0
6862
0
1807
9690
0
7804
24856
21545
0
0
0
0
0
3782
14922
11240
6018
0
0
0
15456
0
0
0
0
0
0
0
2553
4070
0
16388
0
0
28462
5438
0
0
0
0
0
15074
0
9907
0
0
21458
0
0
0
9598
0
11124
0
0
4979
0
0
0
0
2223
0
0
0
0
0
5593
21505
23589
0
8513
11830
0
4480
0
0
16863
15675
5547
5431
0
8092
0
0
0
0
0
3293
0
8435
6929
0
0
0
32767
0
0
6485
0
16371
0
8176
0
16818
0
6420
9932
0
0
0
14174
0
14010
0
0
13532
7417
4747
24691
0
0
19891
10476
0
0
0
0
0
17714
0
0
0
0
3010
0
0
0
0
0
24874
0
20332
0
0
0
0
25246
0
0
15742
2638
0
0
0
0
0
0
0
0
0
595
14030
0
0
0
0
0
25242
0
0
0
7050
0
0
0
11825
0
6125
14033
5618
0
0
0
0
0
0
0
0
7363
4722
4406
0
11540
12866
292
0
0
0
8475
0
5838
5681
0
29678
0
9151
14637
0
0
0
0
0
2201
0
0
11153
0
0
20073
0
0
16343
0
6875
0
2398
0
10508
436
0
0
0
16738
0
0
0
0
0
0
0
0
26570
0
23319
18204
3926
0
0
0
15470
0
0
0
22840
11249
0
1428
0
0
0
0
0
0
3099
0
3783
0
29501
0
24127
0
7259
0
0
0
3076
0
3181
0
11222
0
3080
4056
4502
0
0
0
12539
0
5812
0
0
4657
0
10819
11678
0
340
21574
0
0
13216
0
0
0
25945
5017
0
0
0
10690
0
1503
4238
0
22020
0
7893
6583
0
0
0
0
0
8145
0
0
0
2070
14280
966
0
5594
0
31283
0
0
0
0
15172
0
0
356
0
0
0
14796
0
0
16254
12823
0
20803
0
13855
5975
0
14713
3929
1519
2307
10589
280
0
0
0
0
7530
0
0
19844
0
3834
5493
0
14182
0
0
10177
0
11620
7335
0
0
4797
7751
0
0
12406
0
0
0
0
830
11177
0
12676
0
26600
3854
584
12817
0
10329
0
0
0
12917
0
490
1615
574
6498
0
5771
8387
0
0
3356
0
0
11693
15544
1740
0
0
0
3967
0
8781
7092
8400
0
0
0
23372
0
0
0
0
19417
0
11222
0
0
10937
0
11152
0
4570
31460
0
0
10131
0
0
0
0
14072
5723
8583
0
0
29171
0
0
19171
14842
0
21346
0
12592
0
3670
0
4335
0
0
0
0
0
2659
0
0
25271
1284
28498
764
0
0
0
15737
2096
0
0
0
6393
0
25519
0
0
0
28624
0
0
19067
0
26286
407
0
110
0
8990
19832
21463
3716
0
0
0
0
22051
0
0
9813
0
58
0
0
3604
0
0
15159
0
11444
12950
8510
16650
0
3925
3482
0
11166
19446
0
11661
0
0
0
8286
0
13743
0
18115
8232
0
0
15964
16703
0
0
0
14907
1731
0
0
0
5639
4085
8390
0
2699
0
0
10914
0
0
5106
8048
0
0
0
12850
0
0
18664
26563
0
0
3835
0
4408
0
0
9070
0
21752
0
0
0
0
0
0
3896
0
11235
7434
0
9336
0
10311
13685
0
32767
9715
9499
0
3569
0
0
0
8814
29705
0
0
0
0
0
2287
0
5140
5071
13831
0
2562
0
1249
5819
0
25136
0
0
27220
0
0
6589
0
14105
0
5578
8491
11989
0
15069
478
0
0
0
17212
14718
7747
3362
0
0
0
0
0
4034
5667
0
0
0
0
5507
0
0
11963
0
24303
0
0
2464
0
10810
0
0
15926
0
16803
0
0
0
6355
0
0
24042
11829
0
0
0
0
0
5991
5742
0
0
0
3838
0
0
0
0
0
7504
10884
0
0
0
0
11180
805
25555
0
20896
0
0
0
20767
2743
14869
4371
2539
0
0
0
0
2586
0
0
10487
