57
229
62
147
3
92
74
121
153
201
201
238
200
103
189
127
70
89
111
48
41
70
80
57
196
244
12
72
201
155
181
7
62
223
150
80
196
149
229
231
103
16
103
207
119
95
237
133
78
252
23
66
111
165
143
80
236
207
41
89
94
60
134
187
91
188
105
54
200
110
13
76
28
118
215
14
232
250
194
121
203
124
97
157
68
210
130
110
15
185
130
48
43
243
125
71
179
70
130
39
118
35
63
42
13
60
225
104
157
9
134
109
124
151
76
232
193
141
130
63
80
35
131
169
236
124
255
104
58
113
92
163
111
204
24
169
190
58
0
154
208
242
209
209
131
19
240
218
159
224
44
17
196
209
4
168
234
111
111
36
1
236
130
200
253
254
115
164
217
217
128
219
200
175
52
187
230
35
40
21
114
164
92
203
230
251
48
0
47
85
177
119
230
254
135
226
189
111
201
219
133
204
110
74
4
231
12
247
134
66
164
236
157
186
203
73
156
217
62
109
61
39
53
170
73
120
86
169
101
27
166
134
196
233
242
149
20
222
225
26
134
255
211
22
7
18
50
117
241
174
166
188
106
20
156
20
204
238
18
142
136
193
177
135
166
129
91
36
156
18
172
242
59
29
180
130
155
92
125
69
207
34
142
227
37
165
243
154
112
231
58
101
56
126
202
67
89
63
31
127
27
6
51
145
220
181
204
132
27
255
220
54
240
133
188
234
174
210
209
93
122
12
199
3
69
159
222
141
93
14
238
196
60
128
214
242
34
209
222
79
199
177
131
6
199
124
229
231
255
161
58
25
69
162
94
153
85
130
252
181
124
212
76
38
174
143
60
35
75
78
120
228
50
46
120
190
132
10
63
136
144
55
186
62
219
15
196
96
20
68
101
178
13
158
232
120
182
85
61
101
109
79
175
243
69
81
201
129
147
48
66
207
229
9
191
204
79
123
255
70
45
106
231
48
171
201
228
196
81
19
10
21
33
45
59
154
125
123
33
235
147
20
0
121
157
176
138
99
61
253
105
40
227
72
250
178
132
2
122
82
98
88
50
150
251
97
25
225
83
77
179
21
107
45
232
160
237
190
4
205
96
18
39
187
83
98
35
37
126
162
55
43
168
14
216
230
128
12
67
207
200
131
114
71
147
134
172
153
18
3
185
35
79
16
162
233
185
71
116
55
247
54
234
46
97
98
230
45
39
4
169
167
254
88
80
130
138
103
237
189
140
83
168
155
25
24
71
116
29
144
107
62
189
181
67
125
134
22
79
100
230
133
103
159
108
137
70
207
129
83
225
26
179
104
43
249
35
126
96
39
71
169
42
86
132
247
180
172
134
126
5
191
26
172
179
85
175
15
31
104
19
210
148
224
163
170
211
207
245
221
63
126
0
247
72
0
235
168
189
163
168
79
68
136
33
154
199
46
64
226
0
138
120
62
173
84
93
243
234
254
163
220
122
70
106
197
107
45
166
247
45
86
1
58
196
168
141
248
124
255
69
132
96
68
233
5
146
162
223
13
21
225
177
141
112
139
135
160
193
125
104
242
53
161
171
208
107
56
88
3
10
42
235
178
178
79
110
103
215
66
122
187
86
89
59
211
83
214
25
91
164
41
207
0
110
175
36
251
234
1
5
39
101
197
239
185
83
43
224
31
61
252
88
80
164
146
245
60
187
9
218
160
124
53
89
25
118
206
101
31
29
209
45
215
158
218
168
70
208
127
56
44
103
250
73
188
25
226
91
181
195
177
62
145
245
76
243
78
73
218
164
172
164
179
102
196
179
29
133
238
198
183
112
144
164
25
121
245
121
3
60
170
198
53
233
232
171
144
68
210
119
46
183
217
54
236
115
24
54
117
154
246
29
221
89
6
50
249
237
117
195
18
1
232
202
5
49
138
118
229
160
233
34
144
80
33
218
118
120
153
106
55
2
53
203
39
96
243
217
145
120
93
86
136
59
171
23
207
215
54
229
83
181
78
36
84
67
182
195
117
35
50
227
68
243
209
147
234
114
205
54
228
57
52
111
254
37
222
149
39
48
167
131
82
179
36
162
113
209
181
223
158
103
47
6
168
120
130
240
21
26
216
100
215
7
199
230
10
214
241
138
249
116
103
83
218
234
186
161
107
22
21
56
3
72
242
150
41
3
104
48
124
93
213
253
71
219
84
7
76
34
31
21
215
29
92
151
54
205
27
59
43
237
25
99
179
45
61
152
120
145
88
67
133
50
82
14
126
102
18
44
253
184
84
38
238
183
184
183
53
193
218
86
171
20
96
13
175
233
200
88
226
171
88
56
71
93
4
185
166
39
15
18
92
