97
97
97
97
98
100
102
103
103
102
102
102
101
100
99
98
97
97
98
97
97
96
99
113
142
173
187
182
159
133
120
117
121
127
130
133
134
133
132
134
134
133
132
133
132
131
130
130
130
128
127
129
130
131
131
133
152
176
181
170
153
127
97
97
97
97
98
100
102
103
103
103
103
102
101
100
99
98
97
97
97
97
97
97
99
114
144
174
188
185
166
147
143
147
154
161
165
168
168
166
167
168
168
167
166
166
167
166
165
164
162
159
158
159
160
161
160
162
176
188
185
172
153
125
97
97
97
98
98
100
103
104
103
103
103
102
101
100
99
98
97
97
97
97
96
97
100
115
146
175
188
185
169
155
157
166
176
183
187
188
187
186
187
187
186
185
184
184
186
186
185
183
181
179
178
175
174
177
178
182
193
197
189
176
154
123
97
97
97
98
98
100
103
104
103
103
103
102
101
100
99
98
97
97
97
97
96
97
100
117
149
177
187
181
164
151
153
165
176
182
184
186
185
184
184
184
184
183
182
181
183
185
185
183
180
179
177
173
171
175
183
191
197
198
193
180
157
122
97
97
97
97
98
100
103
103
103
102
102
102
101
100
99
98
97
97
97
97
97
97
102
121
156
182
185
172
153
135
134
146
157
159
161
164
164
162
162
162
162
162
161
159
160
162
162
161
160
158
156
153
153
159
170
181
189
195
194
181
158
122
97
97
97
97
98
100
102
103
102
101
101
101
100
99
98
97
97
97
97
96
97
97
102
125
162
185
181
164
139
115
110
119
126
127
128
131
130
128
127
128
128
128
128
126
126
127
128
128
127
127
126
125
126
131
142
156
172
189
192
181
159
124
97
96
96
97
98
99
101
101
101
101
101
100
100
99
98
97
97
97
97
96
96
97
103
128
166
184
176
156
128
103
98
102
104
104
105
106
105
104
103
104
104
104
104
104
103
103
104
104
104
104
104
104
106
109
116
131
156
183
190
179
159
128
97
97
96
96
98
99
100
100
100
100
100
100
99
99
98
97
97
97
97
96
96
97
105
132
167
182
171
149
121
99
96
98
97
97
97
97
97
97
97
97
97
97
97
97
97
97
97
97
97
97
97
98
99
100
104
117
146
178
188
179
159
131
97
96
96
96
98
99
100
100
100
99
99
99
99
98
97
97
96
96
96
96
96
97
107
135
168
179
167
144
116
98
96
97
96
96
96
96
96
96
96
96
96
96
97
97
97
97
97
97
98
98
98
98
98
98
100
112
142
175
186
178
159
132
96
95
95
96
98
99
100
100
99
99
99
99
98
98
97
97
96
96
96
96
95
97
109
137
168
177
165
142
114
97
96
97
96
95
95
95
96
96
96
96
96
96
97
96
96
96
96
97
98
98
98
98
98
97
98
111
142
174
184
176
157
130
96
96
96
97
98
99
99
100
100
99
99
98
98
97
97
97
96
96
96
95
95
97
111
141
171
178
165
140
111
96
96
96
95
95
95
95
95
95
95
95
95
96
96
96
95
95
96
96
97
97
97
97
97
97
98
111
142
172
182
174
154
125
95
96
96
96
97
98
99
100
100
100
99
99
98
97
97
97
96
96
95
95
95
97
113
146
175
179
165
139
108
95
96
96
95
94
94
95
95
95
95
95
95
96
96
95
95
95
96
96
96
96
96
97
97
96
98
111
141
170
180
173
150
119
95
96
96
96
97
98
99
99
100
100
100
99
98
97
96
96
96
96
96
95
95
98
116
151
177
179
163
136
106
95
96
96
95
95
95
95
95
95
96
96
96
96
96
95
95
96
96
96
96
96
96
97
97
96
98
112
140
168
179
171
147
115
95
95
96
96
96
97
98
98
99
100
99
98
97
96
96
96
96
95
95
95
95
100
122
158
181
177
160
132
104
94
96
96
95
95
95
95
95
95
96
96
96
96
96
95
96
96
96
95
95
95
96
97
97
96
98
111
140
168
178
170
146
113
95
95
95
96
96
97
97
97
98
99
99
98
97
96
96
96
96
95
95
95
95
102
126
162
182
176
157
128
101
92
95
96
95
95
95
95
95
96
96
96
96
96
96
96
96
96
96
95
95
95
96
97
97
96
98
111
141
169
177
168
146
113
95
94
94
95
96
96
97
97
98
98
98
98
97
97
96
96
96
95
95
95
95
102
124
160
181
176
156
126
98
91
95
96
95
95
96
95
95
96
96
96
96
96
96
96
96
96
95
95
95
96
97
97
97
97
98
111
142
170
176
168
148
115
95
94
94
94
95
96
97
97
97
98
97
97
97
96
96
96
96
95
95
95
95
100
120
156
180
177
156
126
99
92
96
96
96
96
96
95
95
96
96
96
96
96
96
96
96
96
95
95
96
97
98
98
97
97
98
109
139
170
180
172
151
119
95
94
94
95
95
96
97
97
97
98
97
96
96
96
96
96
96
96
95
95
95
100
119
155
179
176
157
127
99
93
96
96
96
96
95
95
96
96
96
96
96
96
96
96
96
96
96
95
96
97
98
98
98
97
99
109
139
172
184
177
156
126
95
95
94
95
96
96
96
97
98
98
97
96
96
96
96
96
96
95
95
94
95
100
121
156
180
177
158
127
99
93
96
97
96
96
95
96
96
96
96
96
96
96
96
96
96
96
96
96
96
97
97
98
98
97
99
111
142
175
187
178
158
130
96
95
95
95
96
96
96
97
97
97
96
96
96
96
96
96
95
95
94
94
95
102
124
158
182
179
159
127
98
93
96
96
96
96
95
96
96
96
96
96
97
97
96
96
96
96
96
96
97
97
97
98
98
98
99
112
144
176
188
177
157
129
96
96
96
96
96
96
96
96
96
96
95
96
96
96
96
96
96
95
95
94
96
104
128
162
183
179
158
125
98
93
97
96
96
95
95
96
96
96
96
96
97
97
97
96
96
96
96
97
97
97
97
98
99
98
99
112
144
178
188
176
154
125
102
102
102
101
101
101
101
101
101
100
100
99
99
98
98
98
97
97
96
95
97
107
133
165
181
175
156
124
97
93
97
96
96
95
95
95
95
96
96
97
97
97
97
97
96
96
96
97
97
97
98
98
99
98
99
113
146
180
188
174
150
119
122
122
122
123
123
123
123
123
122
120
119
118
117
116
114
112
112
111
108
106
106
115
139
167
178
172
153
122
97
93
96
96
96
95
96
95
95
96
97
97
97
97
97
97
97
97
97
97
98
98
98
99
99
98
100
114
148
181
187
171
145
113
154
153
155
156
157
158
158
158
157
155
153
151
150
148
145
143
142
141
137
135
133
135
149
170
178
171
153
122
97
93
96
95
95
96
96
96
96
97
98
97
97
97
97
97
97
97
97
97
97
98
98
99
99
98
99
114
147
179
184
167
140
110
176
175
176
176
177
178
180
182
182
180
176
175
175
173
171
170
168
166
162
164
166
164
166
176
181
174
154
122
98
94
96
95
95
96
96
97
97
98
97
97
97
97
97
97
98
97
97
97
97
98
98
99
98
97
99
114
147
177
182
165
138
108
179
176
175
173
173
175
177
180
182
180
176
176
178
178
178
177
175
171
167
171
181
183
180
184
186
178
156
123
98
94
95
95
95
96
97
97
96
96
96
97
97
97
97
97
97
97
97
97
97
98
98
99
98
98
100
116
151
179
182
165
137
107
165
162
160
158
158
160
163
164
164
163
161
161
163
164
164
162
160
157
154
160
175
182
182
187
189
180
157
123
98
93
95
95
95
96
96
96
96
96
96
97
97
97
97
97
97
97
97
97
97
98
98
98
98
98
100
118
155
182
183
166
137
106
141
139
137
135
135
137
138
139
138
137
136
136
136
136
135
132
131
129
129
139
156
168
176
183
184
177
156
123
98
93
95
95
95
96
96
96
96
96
97
97
97
97
97
97
97
97
97
97
97
97
98
98
98
98
101
119
155
181
183
168
136
104
115
113
112
111
110
110
111
112
111
110
110
110
109
108
108
106
106
105
106
114
131
149
167
178
178
170
151
120
97
93
95
95
96
96
96
96
96
96
97
97
97
97
97
97
97
97
97
97
97
97
98
98
99
99
101
118
153
180
183
167
135
103
101
99
99
98
98
98
98
99
99
98
98
97
97
97
97
97
96
96
97
101
114
137
162
176
174
165
146
116
95
93
95
95
96
96
96
96
96
96
97
97
97
97
97
97
97
97
97
98
97
97
97
98
99
98
101
118
153
181
183
167
136
104
97
96
96
96
96
96
97
97
97
97
97
96
96
96
96
96
95
96
96
97
108
133
159
171
170
161
141
111
93
93
95
95
95
96
96
96
96
96
96
97
97
97
97
97
97
97
97
98
97
97
98
98
98
98
102
120
156
184
185
167
137
105
96
96
96
96
96
96
96
97
97
97
96
96
96
96
96
95
95
95
96
96
104
126
151
165
167
158
135
105
91
93
95
95
96
96
96
96
96
96
96
96
96
97
97
97
97
97
97
97
97
98
98
98
98
98
103
123
159
184
183
166
137
104
97
96
96
96
95
96
96
96
96
96
96
96
95
95
95
95
95
95
96
96
102
123
148
162
166
158
132
102
89
92
95
95
96
96
95
96
96
95
95
95
96
96
97
97
97
97
97
97
97
98
98
98
98
98
104
126
162
184
182
164
133
102
96
96
96
96
95
96
96
96
96
96
96
96
95
95
95
95
95
96
96
97
105
128
151
164
169
160
132
102
90
93
95
95
96
95
95
96
95
95
95
95
96
96
96
97
97
97
97
97
97
97
97
98
98
98
104
127
164
185
182
162
129
99
96
96
95
96
95
96
96
96
96
96
95
95
95
95
95
95
95
96
96
98
111
137
160
171
173
161
133
102
91
93
95
95
96
96
95
95
95
95
95
95
95
95
96
97
97
97
96
96
97
97
97
98
98
98
104
127
164
185
180
159
125
97
96
95
95
95
96
96
96
96
96
96
95
95
95
95
95
95
96
96
96
99
116
146
169
178
177
162
132
102
91
94
95
95
95
95
95
94
94
95
95
95
95
95
96
97
97
97
96
96
97
97
97
98
98
98
105
130
167
187
181
157
122
95
96
95
95
95
96
96
96
96
96
96
96
96
95
95
95
95
95
95
96
99
118
150
175
184
180
162
130
101
91
94
95
95
95
95
95
94
94
94
94
95
95
96
96
96
96
96
96
96
97
97
97
97
98
98
106
133
170
190
183
156
119
94
96
96
95
96
96
96
95
96
96
96
96
96
96
96
96
96
95
95
95
100
120
153
177
186
181
160
127
98
91
94
95
95
95
95
94
94
94
94
94
95
95
96
96
96
96
96
96
96
96
96
97
97
97
98
107
136
173
190
181
152
115
92
96
95
95
96
96
96
96
96
96
96
96
95
95
96
96
96
95
95
95
100
122
154
176
185
179
157
124
96
91
94
95
95
95
95
95
94
94
94
94
95
96
96
96
96
96
96
96
96
96
96
96
96
96
97
108
139
175
189
177
149
113
91
95
95
96
96
96
96
96
96
96
96
96
95
95
96
96
95
95
95
96
101
124
154
176
184
176
154
121
95
90
95
95
95
96
95
95
95
94
94
95
95
95
96
96
96
96
95
96
96
97
97
97
96
96
98
110
142
178
189
177
150
114
92
96
96
96
96
96
96
96
96
96
96
96
96
95
96
95
95
95
96
96
102
125
155
178
184
174
151
119
94
91
95
96
96
96
95
95
95
95
95
96
96
96
96
96
96
95
95
96
97
97
97
97
97
96
99
112
145
180
190
178
154
120
95
96
96
96
96
96
96
96
96
96
96
96
95
95
96
96
96
96
96
96
104
127
158
180
184
171
147
115
92
91
95
96
96
96
95
96
95
95
96
96
96
96
96
95
95
95
96
97
97
96
96
96
96
96
99
114
147
180
188
177
155
126
102
96
96
96
96
96
96
96
96
96
96
96
96
96
96
96
96
96
96
97
106
131
161
182
184
169
143
111
91
91
96
96
96
96
96
96
96
95
95
96
96
96
96
96
95
95
96
96
96
96
96
96
97
96
99
116
151
180
184
172
153
129
111
96
96
96
96
96
96
96
96
96
96
96
96
96
97
96
96
96
96
97
108
135
164
183
185
169
142
109
90
92
96
96
96
96
96
96
96
95
95
95
96
96
96
96
96
96
96
96
96
96
96
96
97
97
100
119
155
182
181
168
149
128
114
96
96
96
96
96
96
96
96
96
96
96
96
96
96
96
96
96
96
97
109
138
167
184
185
170
142
109
91
92
96
96
96
96
96
96
96
95
95
96
96
96
96
96
96
96
96
95
95
96
96
96
97
97
100
119
157
183
180
166
148
125
111
96
96
96
97
96
96
96
97
97
96
96
96
96
96
96
95
96
97
98
111
140
168
183
184
170
143
109
91
93
96
96
96
96
96
96
96
96
96
96
96
96
96
96
96
95
96
96
96
96
96
96
97
97
100
118
156
182
178
164
145
120
104
96
97
97
97
96
96
97
97
97
96
96
96
96
96
96
96
96
97
99
113
143
169
183
183
168
142
109
91
93
96
96
96
97
96
96
96
96
96
96
96
96
96
96
95
95
96
96
96
96
96
96
97
98
100
118
155
181
177
161
140
112
96
96
97
97
97
97
97
97
97
97
96
96
96
96
96
96
96
97
97
100
117
147
170
184
183
167
140
109
92
94
96
96
97
97
97
97
97
96
96
96
96
96
96
96
95
95
96
96
96
96
96
96
97
98
101
120
157
181
177
159
134
105
90
96
97
97
97
97
97
98
98
97
96
96
96
96
97
97
97
97
97
101
121
150
173
186
184
167
139
108
93
95
98
98
98
98
98
97
97
97
97
96
96
96
96
97
97
96
96
96
96
96
97
97
98
99
105
125
161
183
177
158
130
100
88
97
97
97
97
97
97
98
98
97
96
96
96
96
97
96
96
96
97
103
124
155
178
189
185
169
141
109
97
102
106
107
107
108
107
107
106
106
106
106
105
104
105
105
105
104
103
103
103
103
104
104
105
108
115
135
167
184
175
154
125
96
87
96
97
97
97
97
97
98
98
97
96
96
96
96
96
96
96
96
97
104
129
160
182
192
188
173
146
117
109
119
127
130
132
132
133
134
132
132
133
134
132
130
129
130
130
128
126
124
126
127
126
126
126
129
138
154
175
184
172
151
122
94
86
96
97
97
97
97
97
98
98
98
97
96
96
96
95
95
96
96
97
106
132
164
185
194
191
178
153
127
126
142
152
158
160
160
162
164
164
163
166
169
165
158
155
158
161
159
156
154
156
157
157
156
155
156
165
177
186
184
170
149
120
93
86
97
97
97
97
97
97
98
99
98
97
97
96
96
95
95
96
96
97
107
135
167
187
195
192
179
155
133
137
155
166
173
175
176
178
181
182
182
185
189
183
169
165
173
179
177
173
172
174
176
176
176
175
176
184
193
195
186
169
147
117
91
86
97
97
97
97
97
98
99
99
98
97
97
96
95
95
96
96
96
97
109
139
171
190
195
189
174
150
129
134
150
161
166
170
173
176
178
180
181
184
186
181
169
166
174
178
176
173
174
176
176
176
178
179
181
189
198
199
188
169
145
115
90
86
97
97
97
98
98
98
99
99
98
97
97
96
96
97
98
98
97
98
111
142
175
193
194
183
165
139
117
117
129
135
140
144
147
150
152
155
157
159
160
158
154
154
157
158
157
156
158
160
159
160
163
167
173
185
198
200
189
169
144
113
89
86
98
97
97
98
99
98
98
98
97
97
96
96
98
101
102
102
100
99
113
145
176
192
192
179
157
126
100
97
104
107
109
112
114
116
118
121
122
123
124
123
123
124
125
127
127
127
129
129
129
131
135
144
159
178
195
199
188
169
144
111
88
87
98
98
98
98
99
98
98
98
98
97
96
98
101
103
103
103
101
101
116
146
175
190
189
175
151
116
90
88
93
93
94
95
97
98
99
100
100
101
101
100
100
101
102
103
103
103
103
104
104
106
109
119
139
167
190
196
185
167
143
111
87
87
98
98
98
98
99
98
98
98
98
97
97
99
102
103
102
102
101
103
119
148
175
189
185
170
145
109
86
87
92
91
91
91
92
93
94
94
94
94
94
93
94
94
94
95
94
94
94
94
95
96
97
103
121
154
182
192
184
167
143
110
87
87
98
98
98
98
98
98
98
98
98
97
97
98
101
102
101
101
101
105
122
151
178
189
185
169
142
106
85
88
92
91
90
91
91
92
92
92
93
93
93
93
93
93
93
93
93
93
93
93
93
94
94
96
110
139
172
189
184
168
142
109
87
87
98
97
98
98
98
98
98
98
98
97
97
98
100
101
101
100
100
106
125
155
179
190
186
169
140
103
85
89
92
91
91
91
91
91
92
92
93
93
93
93
93
93
93
93
93
93
93
93
93
93
93
93
102
125
160
185
185
169
143
109
87
88
98
97
98
98
98
98
98
98
98
98
97
99
100
101
101
100
100
107
128
157
181
192
186
167
136
102
85
89
92
91
91
92
92
92
92
93
93
93
94
94
93
93
92
93
94
94
93
93
93
93
93
92
96
114
150
181
184
169
142
107
86
88
98
98
98
98
98
98
98
98
98
97
97
99
101
100
100
100
100
108
130
159
183
193
186
165
134
100
85
89
92
91
91
91
92
93
93
94
94
94
94
94
93
93
93
93
94
94
93
93
93
93
93
92
93
109
146
179
183
167
140
105
85
88
