68
76
133
144
93
35
75
268
331
265
411
542
321
75
216
504
441
191
261
505
423
118
-12
10
10
-4
8
14
11
-8
55
349
529
312
128
277
392
328
424
455
225
208
477
493
223
239
392
214
81
356
582
404
178
290
520
397
173
302
355
43
-141
-34
-262
-327
-554
-598
-331
-86
-47
-195
-504
-725
-470
89
275
190
294
221
-255
-634
-542
-72
246
144
1
-3
2
-6
-2
2
-1
5
142
311
65
-444
-695
-640
-348
114
312
-118
-647
-725
-280
275
270
58
67
51
-3
-7
-131
-473
-787
-676
-133
214
159
167
105
-301
-652
-693
-98
-62
-136
-174
-98
-47
-86
-252
-357
-323
-269
-95
65
119
197
194
229
407
349
145
159
155
38
-18
-18
0
5
12
14
11
132
145
-160
-304
-210
-308
-346
-39
38
-194
-217
-254
-333
-82
145
63
-26
0
-9
-107
-229
-270
-225
-226
-164
-5
-28
-158
56
542
710
473
-46
-8
38
48
13
-25
-14
19
54
58
-20
-65
-15
9
28
46
67
145
100
-153
-280
-126
9
5
-15
-12
-3
9
21
17
40
41
-33
-49
15
30
9
22
-23
-71
-2
30
-38
-37
30
24
-18
-28
-7
4
-19
-6
40
27
-14
-10
-65
-352
-535
-248
209
567
30
10
-20
-37
-8
12
-2
12
29
15
-8
4
49
33
-25
-149
-414
-659
-741
-732
-566
-224
-21
-8
1
4
-2
-3
-18
-9
-38
-47
94
118
-14
-17
12
-39
12
74
-18
-18
94
59
-47
-41
14
9
4
31
37
19
-20
-38
-18
10
46
-44
-392
-753
-734
-289
-17
146
352
322
138
9
6
31
-4
-13
53
93
46
-92
-230
-33
272
225
148
267
305
158
21
-2
12
28
28
8
2
-18
-160
-174
200
451
380
441
422
14
-69
372
537
475
370
14
-176
-62
41
56
14
0
21
21
11
14
27
30
100
374
616
546
311
38
-211
-25
466
645
363
34
-104
-80
-18
-13
-93
-146
-59
-91
-370
-365
171
658
727
577
327
55
-25
30
17
-19
-4
16
27
15
-154
-387
-247
281
650
599
300
-132
-384
-58
475
580
136
-327
-287
-151
-173
-82
-40
-149
-171
-80
-20
-73
-180
-166
-78
-5
178
413
396
-15
-337
-563
-487
-302
-149
-161
-422
-458
-149
5
-215
-515
-430
-104
-119
-482
-609
-397
-329
-481
-466
-208
-33
-16
-15
-20
-20
-24
-36
-1
0
-245
-564
-537
-382
-462
-461
-280
-392
-627
-558
-484
-563
-430
-175
-285
-492
-291
-119
-361
-466
-188
7
-122
-416
-433
-225
-364
-660
-697
-650
-615
-158
-427
-622
-599
-338
-170
-306
-333
-117
9
-83
-310
-339
-85
22
-164
-454
-666
-665
-528
-323
-74
17
-31
-15
22
-10
-31
-14
-11
11
-18
-200
-449
-598
-556
-339
-81
-50
-276
-495
-545
-394
-137
-13
-131
-248
-141
-37
-159
-249
-113
25
-19
-184
-211
-76
-94
-266
-382
-402
-290
32
5
-31
-30
7
26
14
10
1
-11
8
14
-4
-23
-22
29
43
4
5
27
18
-4
0
12
13
17
5
8
30
20
-2
2
26
18
3
23
29
26
39
24
-5
3
22
11
-3
16
35
20
16
43
34
-2
-8
4
22
22
-4
0
26
39
49
48
10
16
6
0
0
0
0
0
0
0
-3
5
9
-7
7
25
12
13
23
15
-9
-25
-8
16
3
-5
22
20
-3
7
22
3
-22
-10
3
-11
-11
-8
-14
-13
-19
-7
20
14
0
0
0
0
0
0
2
6
7
6
7
8
7
6
3
-3
-4
0
12
17
8
0
0
0
0
0
0
0
-11
-9
23
32
8
-18
-18
-4
-13
-16
3
13
9
6
-11
-28
-8
7
-10
-26
-30
-19
1
15
13
3
3
-8
-16
16
38
16
-3
-2
0
0
0
0
0
0
2
5
6
7
8
8
8
8
3
-6
-7
-1
15
17
13
3
0
0
0
0
0
0
8
12
0
-2
5
11
19
12
-15
-32
-4
28
12
-5
-1
-10
-15
-3
1
-16
-30
-6
18
-6
-28
-8
16
8
-19
-16
6
-12
-35
-17
0
0
0
0
0
0
1
2
2
3
4
4
4
4
0
-7
-8
-3
-29
-15
1
3
0
0
0
0
0
0
16
15
-31
-58
-38
4
4
-6
43
48
5
-2
-5
-3
24
31
8
-2
13
22
23
28
7
-31
-42
-46
-44
-10
5
-15
-18
-8
-6
-3
0
0
0
0
0
0
-1
-2
-2
-3
-4
-4
-4
-4
-6
-9
-8
-3
2
-7
1
5
0
0
0
0
0
0
-29
-40
51
93
13
-14
12
112
289
269
74
-26
-21
-3
14
21
8
-5
-3
12
29
17
-15
28
142
142
14
-31
16
23
6
17
26
11
0
0
0
0
0
0
-2
-5
-6
-7
-8
-8
-8
-8
-9
-10
-7
-1
23
-6
-7
2
0
0
0
0
0
0
-12
95
383
465
208
6
-1
152
380
370
131
-17
-21
-11
-20
-23
-14
-10
-27
-33
-18
-26
-23
108
363
451
218
-1
-20
-3
-16
-18
-7
-1
0
0
0
0
0
0
-2
-6
-7
-6
-7
-8
-7
-6
-7
-7
-4
0
-35
33
67
32
-13
-16
11
2
-5
4
-3
80
291
380
228
44
-41
-5
109
131
61
39
37
-7
-32
-4
17
28
61
93
54
-30
-29
73
243
329
223
87
6
-13
3
-4
3
1
12
79
71
-9
-7
50
38
-13
11
103
128
44
12
132
291
347
241
50
347
606
678
595
383
113
-13
6
9
-25
33
167
246
340
503
543
330
62
-2
167
443
657
675
446
123
6
188
510
714
739
674
467
230
214
310
374
538
610
351
64
-12
-1
-6
-9
101
335
386
157
88
352
453
202
139
384
407
208
255
492
611
643
626
419
505
371
210
312
388
221
12
-17
13
3
40
87
91
113
185
243
179
37
59
273
377
345
456
580
373
57
52
191
122
0
177
491
438
158
51
36
67
120
89
20
-5
-3
-30
-37
28
229
397
249
163
453
620
349
166
292
258
202
352
214
-215
-332
21
349
177
-325
-723
-708
-417
-89
33
-10
-5
38
-40
-221
-301
-333
-501
-583
-357
-64
18
-120
-408
-669
-527
7
299
124
-200
-509
-630
-576
-399
28
211
-119
-312
-336
-567
-652
-354
-44
29
-8
-1
9
-110
-157
22
139
149
119
129
196
139
-5
-108
52
237
13
-293
-356
-166
130
62
262
299
27
-250
-231
-43
24
-5
-9
-28
-102
-157
-143
-190
-250
-153
-17
-70
-278
-384
-383
-357
-174
25
48
34
155
444
609
442
189
56
-34
-71
-40
-99
-165
-109
-42
-25
-9
19
33
-43
-160
-86
140
174
-137
-262
58
196
-10
-133
11
160
288
570
652
358
59
-390
113
619
764
558
195
5
7
11
8
20
12
10
29
36
41
12
-60
-54
-17
-17
17
-3
-50
-33
36
302
534
321
-30
-168
-164
-60
25
-1
5
62
60
16
-3
14
24
-10
-27
-10
-91
-71
218
243
-193
-361
36
277
40
-137
-56
-28
-151
-256
-313
-476
-562
-561
-732
-580
-91
377
365
94
-6
19
32
22
20
55
55
-15
-45
-21
-3
40
65
39
39
38
12
12
94
242
90
-431
-731
-599
-276
-30
13
-9
-21
-34
-34
-8
15
-1
-23
-16
5
0
-116
-97
235
257
-134
-293
8
278
64
-147
-115
-75
-154
-445
-633
-540
-319
264
-107
-388
-284
5
101
31
-9
-19
-13
1
-34
-55
79
226
214
137
78
28
15
29
8
-2
35
47
20
15
53
118
248
386
334
138
-5
-15
130
292
294
153
17
-23
-1
24
24
11
-82
-123
35
11
-145
-183
-110
15
-46
-85
-180
-250
200
644
704
704
566
539
730
660
281
-164
-240
-71
2
-14
-33
-8
-48
-228
-117
402
646
429
109
-94
-56
20
-22
-76
-114
-64
-89
-290
-140
405
671
465
87
-80
-92
-249
-133
382
602
356
80
6
26
13
-11
-1
-21
-211
-464
-438
-162
-89
-346
-524
-346
-62
-112
-430
-417
6
268
159
-30
-393
-236
-115
-324
-544
-365
-74
18
14
-5
-4
-37
-283
-522
-396
-181
-128
-204
-398
-423
-183
-5
-113
-388
-395
-174
-306
-589
-477
-329
-507
-683
-508
-214
-339
-606
-489
-262
-138
-39
8
10
3
6
6
-21
-226
-537
-475
-132
-51
-335
-564
-376
-95
-37
-237
-576
-693
-650
-680
-567
-531
-697
-694
-597
-356
-89
26
14
-12
-6
3
2
-90
-373
-653
-651
-406
-236
-335
-403
-193
-7
-91
-295
-321
-113
-49
-328
-615
-641
-542
-482
-363
-143
-72
-295
-587
-622
-349
-62
14
-17
-15
11
23
-2
-83
-170
-172
-83
-9
-50
-128
-99
-30
-10
1
-56
-218
-314
-234
-86
17
-16
-66
-32
41
55
10
-29
-22
-2
-2
9
20
-15
-42
-22
32
46
-15
-20
27
25
-1
-27
-16
9
14
11
-31
-11
62
36
-22
-20
7
12
-19
-29
3
12
-12
-14
6
10
16
35
34
12
5
16
32
28
0
7
22
11
29
39
5
-5
19
35
25
47
34
16
0
-27
-44
-21
20
32
14
-4
-18
-8
23
4
-27
-2
22
26
25
20
22
8
3
15
7
9
13
1
6
16
10
5
1
7
40
53
20
-6
7
28
24
-5
-32
-29
-5
19
35
26
1
-3
5
-7
-31
-46
-41
-7
30
30
-1
-33
-7
-16
-1
-21
-22
12
34
37
27
13
7
11
18
27
16
-22
-36
-10
11
2
-19
-15
6
7
2
9
-2
-7
14
-7
-36
-11
12
2
-4
3
-4
-19
-19
-7
0
-6
-6
-1
-15
-30
-37
-41
-28
-13
-13
0
25
22
18
31
17
1
18
25
6
-8
-14
-41
-47
-20
-3
4
8
-7
-25
-18
-5
-11
-5
9
-6
-9
18
20
8
0
-16
-16
-13
-20
-26
-35
-29
2
22
3
-18
-8
11
13
-4
-22
-26
-18
-9
-10
-12
4
22
22
27
43
35
3
-11
-2
3
2
1
2
18
40
33
0
-15
-4
4
4
-3
13
21
21
-8
-32
-17
4
5
-2
8
14
1
2
11
23
26
-5
-24
-16
-2
17
13
3
10
15
15
-2
-23
-15
3
5
11
21
10
5
25
28
4
-3
16
24
5
-15
-6
20
27
13
5
7
12
8
-14
-25
-23
-21
-5
4
-14
-25
-9
8
27
228
446
293
59
26
35
40
35
-4
-24
7
29
17
21
38
30
14
18
24
19
12
12
25
162
392
347
89
-7
10
2
-7
-11
-22
-14
10
14
1
-1
5
5
1
-8
-9
0
-9
-27
-5
8
-19
-10
8
3
5
8
16
17
11
23
22
11
25
15
203
443
334
67
-15
-17
-22
-11
9
10
-8
-29
-57
-55
-21
10
21
8
10
17
-13
-30
-7
155
414
383
123
-5
-19
-23
-9
7
-1
-18
-41
-57
-39
-5
3
-3
-9
-23
-17
-15
-31
-16
2
-16
-29
-31
-39
-25
-2
-12
-37
-25
2
-5
-15
-13
-20
11
38
64
64
31
9
1
-17
-13
10
1
1
55
86
35
-39
-56
-32
-32
-5
73
94
53
-1
-15
39
61
0
-42
20
70
6
-49
-6
99
181
162
107
49
-9
22
78
48
59
172
167
40
30
194
391
402
210
27
47
207
193
53
9
76
221
207
60
-6
5
60
246
520
676
593
312
47
12
229
552
741
736
622
406
128
-9
112
360
583
704
649
380
78
-26
-11
8
150
395
443
216
95
321
640
788
797
743
520
187
125
395
624
677
701
568
334
402
589
601
610
568
296
152
391
468
175
-12
168
469
404
159
-23
-38
89
341
407
375
502
533
263
47
133
244
156
102
332
551
375
143
322
541
382
190
244
321
224
53
-45
59
372
494
253
84
275
509
349
22
66
376
451
204
88
335
553
381
44
-40
210
410
125
-347
-302
216
430
210
130
194
108
5
44
150
149
61
-21
-43
-79
-226
-522
-709
-418
161
342
71
-260
-530
-624
-520
-214
170
280
273
320
49
-458
-730
-648
-367
-138
-25
129
347
361
-16
-365
-170
263
161
-411
-750
-710
-426
-100
4
-26
-44
-191
-523
-752
-554
-45
63
-338
-596
-597
-305
164
211
-13
-40
19
18
-32
-60
-23
-8
2
-4
-108
-297
-355
-385
-401
-120
149
86
37
203
438
504
322
142
82
147
125
-197
-383
-306
-306
-324
-228
-27
356
560
99
-438
-333
50
135
-120
-301
-205
-160
-158
-62
-12
-20
-72
-206
-283
-201
-70
35
-40
-138
-27
-92
-220
-23
114
38
-22
-42
-21
15
14
0
5
18
28
23
-10
22
62
-33
-60
26
133
395
524
243
-94
-214
-148
-36
36
43
-43
-40
51
18
-28
11
60
173
259
118
-66
-43
25
-5
-39
-36
-12
-3
-3
3
4
28
41
17
27
67
43
-8
-10
4
10
18
21
-16
-37
10
24
-20
-36
-18
-20
-30
-4
2
4
24
9
-59
-37
106
82
-35
117
286
-35
-589
-777
-561
-229
-20
-21
1
118
80
-33
-17
36
36
-29
-276
-393
68
483
251
-82
-41
173
209
92
97
131
73
43
36
23
25
9
-26
-68
-90
77
231
112
136
194
-36
-149
-28
164
263
264
311
246
81
7
32
43
82
198
280
338
365
97
-180
-111
5
17
101
289
380
260
71
-142
-153
203
404
349
396
380
190
-11
-307
-597
-383
247
531
193
-196
33
583
766
669
436
134
-2
-28
-11
38
31
17
-31
-208
-131
353
668
628
280
-160
-285
-210
98
553
701
488
146
-10
6
10
-38
-58
229
640
749
352
-181
-296
-243
-263
58
561
684
406
53
-67
-155
-377
-201
374
712
644
357
49
-109
-79
-169
-456
-350
160
246
-212
-426
-69
243
124
-44
-30
17
-49
-196
-196
-57
14
-8
-226
-472
-250
180
120
-295
-398
-253
-389
-532
-286
-150
-423
-626
-431
-174
-43
-225
-506
-534
-318
-251
-437
-513
-257
-120
-418
-601
-396
-314
-537
-688
-457
-166
-326
-582
-478
-340
-377
-345
-314
-458
-390
-124
-235
-561
-561
-253
-132
-449
-779
-773
-561
-299
-97
-7
-94
-390
-478
-201
-31
-8
-54
-338
-640
-713
-686
-583
-268
8
-138
-519
-722
-709
-637
-549
-347
-147
21
-144
-410
-602
-728
-770
-603
-313
-71
10
-164
-474
-650
-631
-551
-488
-336
-110
-68
-275
-535
-679
-641
-400
-203
-281
-324
-136
-17
-176
-386
-285
63
325
314
259
360
188
-179
-191
-78
-179
-248
-111
7
19
48
17
-156
-296
-253
-94
8
15
26
3
-100
-118
-31
2
22
60
9
-18
-49
-20
-11
-62
-56
8
36
22
38
34
-39
-51
-1
19
20
6
-6
-1
-18
-27
-12
-12
9
38
21
3
22
39
28
6
46
246
493
532
250
-221
-406
-171
11
22
32
36
33
-3
-42
-4
57
65
40
25
-1
-20
10
24
19
34
35
25
7
-2
-58
-30
-4
4
34
51
28
6
-7
-28
-20
6
18
37
33
3
-5
15
27
22
23
11
-10
-3
31
24
-10
0
-13
-36
-2
-7
-180
-473
-623
-629
-691
-618
-301
-53
-7
-6
8
-8
-23
5
23
13
21
31
20
-7
-24
-10
-18
-51
-17
26
-2
-21
-24
-28
9
4
18
3
-30
-10
20
5
-13
-12
-10
-15
-10
0
-1
-11
-16
-7
6
-3
-2
18
-3
-9
-7
-22
-4
5
0
-8
-14
-4
-65
-261
-462
-505
-388
-200
-36
24
13
3
-14
-24
-3
17
9
0
-8
-21
2
34
26
4
1
11
-3
-19
0
19
20
14
32
22
-1
-18
-20
-17
-14
-9
3
24
5
-17
5
-3
-26
-11
5
-4
-9
-15
-20
9
31
14
-16
-9
12
-5
-14
9
19
2
4
29
46
63
55
18
-5
2
25
25
1
-7
3
-7
-31
-35
-29
-28
-27
-16
13
25
28
34
2
-20
0
3
-15
-14
-9
-1
3
3
-5
-16
-19
-21
-33
-21
24
38
-7
-31
-7
4
-7
-7
-3
1
15
7
-9
-19
-14
4
8
14
11
5
14
26
20
-2
-11
-13
-21
-18
-10
-22
-44
-35
7
23
3
1
26
27
9
3
-5
-21
-25
-6
-7
-44
-31
18
4
-7
36
40
21
15
46
65
50
37
3
-10
11
0
-13
-21
-36
-30
-11
11
16
-10
-22
2
12
0
7
10
-22
-40
-17
-11
-14
-5
-7
11
24
7
-9
-20
7
40
36
19
-7
-14
6
17
-5
-28
-8
14
17
20
20
21
-1
-12
13
26
29
16
-18
-29
-16
-16
-22
58
288
418
200
-13
-25
8
6
-14
-17
-20
2
39
37
3
-32
-30
10
24
-12
-24
-2
-1
-4
-1
6
-5
-45
-52
-35
-32
-2
27
21
-1
-30
-25
-25
-33
25
52
-5
-24
-8
-2
12
-6
-29
-21
-38
-19
36
2
-46
-6
20
26
100
145
122
88
-20
41
278
417
220
43
28
5
-18
-13
18
62
56
8
-22
7
94
126
43
-31
-9
57
63
48
121
150
63
26
83
149
162
70
-25
-14
8
29
116
220
251
166
29
-37
-22
-1
21
39
25
1
79
253
381
494
599
541
254
-22
-3
294
616
725
703
627
497
431
332
314
502
623
417
223
336
430
405
550
566
265
153
414
675
756
626
290
69
207
503
655
687
731
652
506
595
763
783
616
270
18
-3
199
538
707
728
711
464
107
-25
2
16
0
-31
11
260
621
721
527
446
604
583
244
39
66
22
-114
-77
235
448
252
112
86
179
236
151
123
390
691
652
451
287
215
390
485
222
105
388
520
267
219
499
526
257
187
470
656
419
93
113
403
433
138
100
353
296
-102
-252
75
409
303
50
-13
1
-3
-17
-12
82
186
-3
-430
-613
-300
187
284
14
-309
-514
-478
-299
-26
-297
-468
-318
-249
-472
-624
-438
-158
41
80
-171
-540
-558
-98
234
-81
-567
-707
-386
157
281
101
-46
-313
-630
-712
-361
-41
-311
-707
-662
-216
138
132
207
305
-17
-383
-445
-269
79
224
91
3
-9
-5
19
21
-28
-175
-370
-444
-485
-461
-141
126
92
141
406
602
514
259
-431
-277
-138
-80
-184
-289
-194
-52
-51
-249
-467
-476
-300
6
201
210
350
440
259
142
136
42
-106
-258
-310
-259
-192
-176
-227
-222
-174
-81
23
55
118
188
287
519
616
364
88
37
34
2
-12
-11
2
-1
19
21
-40
-7
30
-57
-55
40
201
439
339
-94
-361
-328
-183
-9
-53
-39
52
83
69
28
-2
-14
-36
-31
16
97
118
92
167
203
-50
-333
-271
-80
0
10
43
56
-5
-36
-12
25
9
-40
-41
-9
32
22
-85
-204
-268
-406
-569
-399
-70
25
0
-5
-4
-15
-32
5
44
-11
-11
83
29
-59
103
189
-180
-579
-550
-268
118
14
15
7
-5
-18
-19
-36
-48
3
49
32
-10
-25
-97
-323
-602
-727
-709
-623
-382
-131
-47
-25
-4
-8
-20
-15
-16
-34
-41
-43
-24
-19
-96
-156
-206
-419
-625
-563
-360
-174
-38
3
0
0
3
15
-40
-16
179
277
340
335
31
-185
-125
-3
243
509
578
424
429
125
-18
46
130
115
74
49
21
12
10
26
-27
-206
-165
156
232
94
194
354
266
98
38
38
1
-6
52
79
45
0
3
28
60
36
-193
-270
188
631
677
662
643
398
78
-32
-1
24
16
-7
-18
60
337
677
719
275
-203
-231
-227
-318
8
439
363
-61
374
264
-103
-46
464
750
540
202
3
-34
-13
9
9
-197
-372
-34
525
774
695
466
217
-2
-102
-32
21
-30
-137
-187
-74
39
-14
-172
-201
-75
-156
-429
-384
41
371
306
47
-74
-41
5
6
2
10
4
10
-33
-120
-163
-293
-504
-458
-151
-104
-440
-673
-632
-615
-716
-313
-40
-224
-461
-254
39
51
-106
-325
-384
-196
-36
22
-66
-397
-596
-408
-209
-331
-492
-392
-362
-485
-354
-77
-62
-342
-506
-284
-36
-119
-406
-474
-224
-59
-253
-603
-731
-686
-713
-670
-378
-75
16
-8
-26
-18
3
29
-40
-324
-664
-740
-499
-192
-31
7
-108
-380
-520
-414
-280
