570
0
0
0
0
447
611
0
0
115
0
0
0
0
286
374
175
5
9
0
0
0
36
0
0
0
0
0
7
2
47
369
353
36
8
0
0
0
378
275
23
30
0
0
0
525
0
0
197
576
128
0
112
34
0
0
0
476
277
5
23
0
590
0
0
0
0
478
659
0
0
71
400
0
0
0
582
293
0
0
342
146
0
0
25
21
0
0
12
0
5
0
258
621
35
0
0
164
0
48
450
0
0
223
312
0
0
654
0
0
237
807
0
0
0
406
29
0
0
715
29
0
0
0
664
0
0
0
0
547
590
0
0
53
727
237
0
0
735
64
0
0
365
389
0
0
0
26
0
0
11
0
0
7
500
561
0
0
0
116
62
515
258
0
0
190
711
0
0
545
0
0
193
749
0
0
0
590
450
0
0
756
140
0
0
0
708
0
0
0
7
549
560
0
0
58
698
395
0
0
806
8
0
0
118
179
0
0
0
1
0
16
9
13
0
7
644
431
0
0
55
0
155
742
63
0
0
54
700
229
0
426
0
0
177
678
0
0
0
531
530
0
0
500
427
0
0
0
702
0
0
0
0
538
568
0
0
35
620
440
0
0
809
0
0
0
23
30
0
0
0
0
0
12
16
17
0
19
626
441
0
0
36
0
132
727
84
0
0
102
696
199
0
435
0
0
212
681
0
0
0
508
532
0
0
172
224
119
292
309
711
0
0
0
0
495
594
0
0
43
655
457
0
0
748
33
0
0
62
119
0
0
0
0
2
12
10
2
0
14
460
584
0
0
0
159
0
422
357
0
0
197
608
0
0
548
3
0
200
706
0
0
0
522
551
0
0
262
28
0
311
462
679
169
0
0
0
336
612
0
0
43
641
458
0
0
540
443
0
0
45
105
0
0
0
12
0
19
18
0
0
0
194
603
219
0
0
155
0
0
548
48
0
118
138
0
0
599
33
0
124
659
0
0
0
467
512
0
0
507
208
0
74
15
437
371
57
0
0
123
426
0
0
5
379
367
0
0
215
410
261
25
0
0
0
0
1
28
0
6
46
0
0
0
14
305
338
129
32
0
0
0
356
331
52
0
0
0
0
383
20
0
33
399
0
0
0
266
312
0
0
342
260
15
0
0
116
197
112
0
0
18
134
0
0
0
83
136
0
0
14
62
192
94
0
0
0
0
0
3
0
0
24
0
4
11
7
38
104
141
26
0
0
0
86
140
93
0
0
0
3
77
2
0
0
85
17
0
0
55
64
0
0
46
88
34
0
0
0
35
43
0
0
0
4
0
9
0
4
0
0
33
0
0
19
16
5
0
0
20
0
0
27
0
0
8
14
0
24
0
0
0
3
0
0
30
13
0
13
0
0
15
0
0
0
16
0
0
18
6
0
0
0
8
12
0
10
9
0
0
0
8
24
0
0
0
0
0
0
0
19
0
0
11
19
0
0
9
23
0
0
11
10
0
9
13
0
8
13
0
16
0
0
0
3
0
0
30
20
0
0
33
0
0
0
0
0
0
0
0
0
0
0
0
0
0
0
0
15
11
0
0
4
3
10
0
0
0
0
0
0
0
5
17
0
0
28
0
0
20
13
0
0
9
25
0
0
24
14
0
0
6
16
0
0
21
0
0
0
10
26
0
0
34
0
0
0
0
0
0
0
0
0
0
0
0
0
0
0
0
7
4
0
0
9
5
0
0
0
0
0
0
0
0
2
26
0
0
15
0
7
12
0
0
0
12
2
0
0
14
39
0
0
0
16
16
6
2
0
0
0
0
19
20
0
0
0
0
0
0
0
0
0
0
3
0
0
0
0
0
0
0
0
0
0
0
11
19
0
0
0
0
0
0
0
0
26
5
0
0
34
0
0
16
3
0
13
22
0
11
0
0
30
0
0
0
19
42
0
0
0
8
10
0
0
25
4
0
0
13
0
0
0
0
0
0
3
0
0
0
0
0
0
0
0
0
2
3
6
29
7
0
0
0
0
0
0
0
13
6
0
0
3
42
0
126
119
0
0
22
0
29
0
0
6
0
5
0
29
25
0
4
54
0
0
41
10
0
10
0
0
5
0
0
0
0
0
0
0
0
0
0
0
0
0
0
0
0
7
9
0
16
27
0
0
0
0
0
0
0
0
143
241
0
0
32
0
350
300
0
0
0
1
31
6
0
4
0
0
0
44
0
0
172
255
0
0
25
54
0
0
4
0
0
0
0
0
0
0
0
0
0
0
0
0
0
0
0
0
0
12
14
0
49
27
0
0
14
5
0
7
0
0
350
533
0
0
0
1
533
459
0
0
0
3
0
8
4
11
0
5
15
2
0
7
351
501
0
0
0
42
0
0
2
13
0
28
39
0
0
35
22
0
0
39
47
0
0
24
90
51
0
0
0
179
184
0
0
0
0
11
0
0
0
23
499
674
0
0
0
0
486
556
0
0
69
0
0
0
54
164
180
62
15
0
0
0
486
632
0
0
0
0
0
2
0
20
0
161
207
0
0
152
226
0
0
187
236
0
0
181
290
129
0
0
0
377
111
0
0
0
0
0
41
0
0
136
567
689
0
0
0
0
317
683
0
0
127
10
0
0
0
420
385
0
0
37
0
0
448
659
0
0
0
0
0
15
0
0
0
314
489
0
0
311
621
0
0
336
458
0
0
400
170
0
100
15
0
217
0
0
96
0
0
0
50
0
0
88
481
699
0
0
0
0
358
746
0
0
31
359
0
0
0
358
277
0
2
377
122
0
109
698
0
0
0
0
0
0
0
0
0
256
701
0
0
401
791
0
0
307
469
0
26
483
0
0
210
448
0
116
0
0
0
0
0
0
0
25
0
0
336
709
0
0
0
0
509
624
0
0
0
617
378
0
0
204
243
112
19
370
303
0
0
757
0
0
0
7
0
0
0
23
0
73
720
134
0
336
515
0
0
162
264
0
351
492
0
0
148
406
0
366
0
0
0
0
0
11
0
7
0
0
272
716
0
0
0
20
516
570
0
0
0
599
532
0
0
426
374
57
0
196
228
0
0
745
0
0
0
36
0
0
0
6
0
0
595
353
0
99
5
103
0
41
0
0
554
466
0
0
27
70
0
373
212
162
83
0
0
0
20
9
0
0
268
753
0
0
0
0
487
648
0
0
9
534
524
0
0
714
166
0
0
315
436
0
0
711
0
0
0
36
3
0
0
0
17
0
408
579
103
0
0
255
456
6
0
0
639
449
0
0
0
34
0
76
0
278
560
0
0
0
25
19
7
0
236
799
0
0
0
0
468
660
0
0
0
532
537
0
0
801
0
0
0
500
522
0
0
743
0
0
0
0
0
0
0
8
18
0
218
747
425
0
0
281
804
53
0
0
504
554
0
0
0
142
0
89
0
120
443
0
0
0
18
0
13
0
128
706
257
0
0
0
287
588
0
0
0
524
544
0
0
702
252
0
0
359
233
0
0
657
193
0
0
0
0
0
14
0
5
0
95
639
438
0
0
185
716
88
0
0
196
474
275
0
0
35
0
267
0
1
0
0
0
0
22
0
0
22
15
393
442
2
0
0
54
424
0
0
0
365
390
0
0
370
451
57
0
19
19
0
0
315
384
71
0
0
0
20
14
0
4
0
37
302
211
0
0
35
325
72
0
0
21
131
292
165
0
0
0
139
63
6
0
0
0
40
4
0
0
33
0
100
213
77
0
0
0
193
0
0
0
121
155
0
0
75
184
149
0
0
12
0
0
48
161
119
0
0
0
10
0
0
19
0
0
65
50
0
0
0
56
34
0
0
4
0
68
110
0
0
0
0
10
12
0
0
21
18
0
0
14
26
0
2
0
0
36
0
0
39
0
0
1
3
43
0
0
8
0
35
15
0
0
0
14
15
0
0
17
25
0
0
0
14
26
0
0
0
6
0
14
4
0
0
0
0
1
0
0
0
5
21
17
21
0
0
22
0
0
0
0
6
14
8
0
0
0
5
22
0
0
0
8
7
0
0
12
0
0
5
0
0
63
4
0
0
29
23
0
0
21
20
0
0
12
12
3
2
0
3
5
0
6
3
0
0
3
0
0
23
1
0
4
15
7
19
0
0
0
6
0
0
11
17
1
0
0
0
5
2
0
4
30
3
0
0
0
4
0
10
0
0
0
0
27
16
0
0
20
22
0
0
7
1
0
0
12
8
0
0
0
11
17
14
0
0
2
0
0
0
0
13
29
10
0
0
0
0
0
0
0
25
12
0
0
5
6
0
0
1
11
0
0
26
36
6
0
0
20
7
0
8
0
0
24
8
0
16
0
0
5
14
0
0
8
9
0
0
20
18
0
0
5
0
1
29
4
0
18
3
0
2
6
0
14
27
0
0
0
0
0
1
5
2
18
9
0
0
16
12
0
7
20
0
0
32
1
10
0
0
37
0
0
8
0
0
28
3
0
19
3
0
1
0
0
0
4
0
0
10
30
7
0
0
24
0
0
33
11
0
10
0
0
15
17
0
0
16
0
0
0
19
156
42
0
0
30
21
2
0
0
30
0
0
19
0
0
12
0
22
0
0
42
0
0
140
96
0
0
13
0
14
1
0
0
0
8
6
0
0
1
21
23
0
0
18
23
0
0
20
0
14
0
0
0
14
28
0
0
13
0
0
11
57
507
149
0
0
47
11
12
0
0
26
14
0
0
0
19
14
0
20
0
0
13
0
17
415
310
0
0
17
0
3
17
0
0
0
3
0
0
9
0
21
13
0
0
11
5
0
18
0
0
31
0
0
0
0
27
0
0
11
0
0
18
89
690
232
0
0
51
0
3
0
0
0
23
5
0
0
7
40
0
0
39
11
0
0
1
579
459
0
0
10
40
0
0
0
14
53
7
0
1
0
0
70
14
0
49
64
0
0
64
90
73
0
0
0
75
61
0
0
5
62
63
0
0
106
711
292
0
0
70
0
0
0
52
147
198
73
0
0
0
0
0
104
208
143
0
0
0
480
508
0
0
140
217
0
0
27
247
244
46
0
0
0
0
209
201
0
101
149
0
0
260
245
127
0
0
0
206
329
0
0
2
312
259
0
0
101
712
473
0
0
111
0
0
0
83
419
360
12
0
0
0
0
0
430
349
66
0
0
0
266
447
0
0
450
274
0
0
243
491
159
0
58
50
0
0
354
573
15
0
30
0
0
414
0
0
184
0
0
114
580
0
0
0
552
426
0
0
79
697
579
0
0
121
298
0
0
0
370
250
0
56
376
0
0
0
640
87
0
0
60
0
236
419
0
0
539
0
0
0
595
271
0
0
296
406
0
0
396
760
0
0
0
0
381
255
0
0
431
443
0
0
569
0
0
0
570
486
0
0
62
686
450
0
0
51
643
278
0
0
259
257
74
92
464
34
0
105
541
0
0
0
138
0
376
593
0
0
33
0
0
304
699
0
0
0
332
656
0
0
376
710
0
0
0
200
697
0
0
0
296
742
0
0
452
0
0
0
545
482
0
0
62
690
337
0
0
0
605
570
0
0
491
320
0
0
324
60
0
216
415
0
0
0
36
0
473
746
145
0
0
0
0
455
603
0
0
0
281
709
0
0
390
657
0
0
0
223
728
0
0
0
146
767
40
0
442
0
0
0
566
458
0
0
54
710
332
0
0
33
598
526
0
0
676
0
0
0
487
295
0
201
459
0
0
0
19
8
488
715
42
0
0
0
0
382
687
0
0
0
331
693
0
0
400
647
0
0
0
158
720
37
0
0
286
688
0
0
556
0
0
18
609
348
0
0
50
727
374
0
0
158
643
189
0
123
683
0
0
17
640
354
0
26
645
0
0
0
126
0
368
569
0
0
417
0
0
19
702
141
0
0
331
494
0
0
372
679
0
0
0
75
604
397
0
0
352
332
0
0
676
124
0
0
468
82
0
0
80
660
460
0
0
149
282
0
0
197
705
0
0
52
418
103
0
0
655
107
0
0
76
0
123
455
0
0
572
274
0
0
320
538
0
0
130
294
0
0
281
640
0
0
0
0
292
540
110
0
70
0
0
0
533
432
0
0
91
0
0
0
77
433
386
0
30
31
0
0
0
102
482
299
0
0
59
0
0
0
326
356
100
30
0
0
0
326
0
0
225
401
0
0
0
355
191
0
115
403
0
0
98
380
0
0
0
0
24
278
292
45
0
0
0
0
146
295
90
0
0
0
0
0
21
142
130
18
84
2
0
0
0
26
86
202
102
0
0
0
0
0
44
175
125
0
0
0
0
117
0
0
13
128
42
0
95
177
28
31
314
294
0
0
0
91
0
0
0
25
0
9
86
38
0
0
24
0
0
77
2
0
0
14
4
0
0
0
0
0
0
0
2
0
24
2
0
22
33
0
0
17
0
0
0
31
0
0
30
0
0
18
0
3
20
0
0
62
332
402
39
4
160
0
0
0
0
0
2
14
0
0
6
0
0
0
0
17
15
0
4
24
0
0
33
1
19
0
0
0
0
34
0
0
16
16
11
0
0
0
0
5
0
5
1
0
0
32
0
0
28
0
33
0
0
22
7
0
0
19
242
399
139
0
0
0
0
0
0
6
12
0
0
0
0
25
27
0
0
0
0
2
8
1
0
0
0
5
0
0
0
14
0
19
2
0
0
0
0
0
16
1
10
20
0
0
8
5
0
15
0
0
0
31
37
0
0
31
0
0
18
0
35
117
70
0
0
0
0
8
0
15
0
0
13
3
0
24
28
0
0
0
0
8
0
0
25
0
0
15
0
2
0
8
0
0
0
23
2
0
7
0
0
5
33
0
0
0
11
2
0
0
16
0
0
34
6
0
0
7
0
0
17
0
0
0
4
0
0
0
41
16
0
1
0
0
35
0
0
31
19
0
19
2
0
0
6
0
0
4
20
7
0
6
0
0
0
0
0
16
9
0
11
15
0
0
15
0
0
4
5
0
1
0
29
0
0
9
6
16
0
0
0
5
18
0
0
0
11
5
0
0
36
16
0
9
0
0
27
0
0
23
15
0
13
3
7
0
1
0
0
24
6
13
0
0
0
3
14
0
0
5
0
0
9
18
11
0
0
4
13
13
0
0
4
10
28
0
0
0
0
26
9
0
0
9
21
7
0
0
5
0
0
0
30
0
0
36
18
0
0
0
0
10
13
0
6
0
0
26
0
0
23
22
0
37
24
0
0
72
206
0
0
0
0
20
0
0
15
0
0
25
9
5
0
0
34
18
0
0
0
0
0
31
34
0
0
24
21
28
0
0
0
0
8
11
7
0
0
22
0
0
0
0
30
0
19
0
0
37
0
0
12
0
12
26
0
35
16
0
0
199
546
0
0
0
0
11
0
0
42
0
2
12
0
19
6
0
0
0
1
37
0
0
41
0
0
0
0
65
10
0
0
0
0
0
56
72
0
0
0
0
0
13
0
7
23
0
109
71
3
150
27
0
0
0
97
244
174
11
0
0
0
217
666
0
0
0
0
0
114
0
81
126
0
0
57
242
131
0
0
0
11
231
87
11
117
0
0
0
159
133
0
0
0
0
7
185
284
117
0
0
0
0
7
30
8
0
0
0
390
325
0
95
106
0
0
0
197
468
228
0
91
0
0
84
560
0
0
0
0
0
466
9
0
177
0
0
294
361
10
55
0
0
0
523
371
0
0
101
0
0
69
65
83
0
0
0
164
483
268
0
68
45
0
0
0
55
11
0
0
64
664
516
0
0
183
266
0
0
36
333
114
0
293
372
0
32
622
0
0
0
0
164
765
50
0
0
0
0
470
0
0
151
370
0
0
591
436
0
0
230
427
0
0
0
362
198
0
0
429
569
0
0
155
461
0
0
0
63
5
0
0
67
706
431
0
0
161
625
7
0
0
279
228
62
266
417
0
151
792
0
0
0
0
332
797
0
0
0
0
468
489
0
0
122
539
0
0
456
276
0
0
309
766
0
0
0
528
571
0
0
626
540
0
0
130
410
0
0
0
50
0
0
0
47
697
295
0
0
78
645
309
0
0
499
173
0
93
368
0
235
803
0
0
0
0
352
748
0
0
0
126
707
466
0
0
39
188
0
0
448
216
0
0
310
771
0
0
0
511
632
0
0
708
518
0
0
64
86
0
0
0
21
0
0
4
25
722
309
0
0
101
629
273
0
163
543
0
0
174
602
0
236
759
0
0
0
0
298
760
0
0
0
140
759
363
0
0
5
0
0
0
591
237
0
0
276
732
0
0
0
479
613
0
0
672
484
0
0
3
71
0
0
0
0
0
0
13
17
658
434
0
0
230
589
0
0
371
543
0
0
282
622
0
93
760
24
0
0
0
253
765
0
0
0
53
652
439
0
0
0
146
0
0
608
244
0
0
296
758
0
0
0
497
618
0
0
431
588
0
0
0
204
0
0
0
0
5
0
6
13
596
598
0
0
205
165
0
0
321
624
28
0
69
257
0
0
609
296
0
0
0
90
701
0
0
0
0
357
600
14
0
0
193
0
0
442
250
0
0
286
719
0
0
0
442
540
0
0
100
569
326
0
0
94
0
0
0
23
12
8
0
0
606
623
0
0
0
0
0
0
96
422
323
0
0
0
0
0
240
485
84
0
0
0
529
0
0
0
0
54
397
356
110
0
0
0
0
256
213
0
0
158
460
0
0
0
235
302
0
0
0
253
337
113
36
0
0
0
0
30
0
16
0
5
631
486
0
0
0
0
0
0
0
88
152
6
0
0
