237
112
79
213
212
227
231
62
111
222
206
214
214
241
233
232
242
222
207
216
208
237
234
218
225
228
223
230
230
234
222
227
244
227
204
214
223
232
239
234
221
213
216
222
231
238
226
201
243
225
218
223
220
215
208
224
242
244
235
216
189
185
186
212
152
45
18
65
57
144
218
70
68
92
39
39
130
208
234
218
176
91
42
51
115
191
231
224
225
226
223
231
222
233
227
229
223
150
71
52
49
141
225
210
118
45
45
79
211
240
167
89
200
231
151
58
85
39
17
93
204
245
196
115
50
41
52
124
210
98
66
177
164
215
210
81
19
119
173
118
28
167
246
205
67
95
195
176
39
110
234
227
219
221
233
221
230
229
221
242
160
31
151
204
168
75
216
109
70
185
198
78
60
231
188
45
201
251
127
23
129
193
165
42
129
255
153
67
214
241
190
182
237
108
69
227
236
222
214
86
87
233
242
217
41
119
226
133
60
187
221
231
118
77
210
236
221
225
227
230
222
232
230
219
98
99
233
223
240
228
208
43
157
252
239
209
37
183
185
52
189
239
149
61
212
255
245
97
101
233
164
24
159
215
247
253
244
133
60
216
228
222
230
81
85
239
224
219
44
129
241
134
17
72
62
58
59
43
189
229
222
231
228
221
230
217
231
223
56
113
251
226
234
229
188
50
178
222
233
225
64
158
185
61
198
241
159
76
220
228
229
105
103
249
219
99
28
39
70
151
232
138
60
223
215
220
226
89
83
219
220
217
83
100
237
121
45
183
177
178
168
183
228
220
226
226
235
225
227
218
232
212
70
121
250
216
222
241
191
42
199
240
223
223
63
154
187
53
203
238
144
68
222
234
237
107
103
229
235
238
195
177
78
62
230
127
56
220
244
223
220
88
83
224
227
213
61
97
239
137
38
176
247
243
245
218
219
218
235
224
228
224
226
225
237
212
110
63
203
254
240
206
216
56
126
246
255
175
48
181
202
45
199
246
144
70
210
235
245
104
107
232
203
192
250
255
150
64
236
152
45
93
138
182
241
88
64
227
227
208
41
100
233
221
79
48
141
160
92
86
193
229
222
227
225
216
227
219
228
237
184
42
94
156
118
68
219
145
34
95
141
57
107
218
191
43
178
242
147
58
218
231
236
98
95
224
153
33
71
84
77
119
233
204
110
60
44
138
227
125
106
221
228
227
125
101
226
250
195
114
43
55
98
123
229
238
210
224
236
227
216
226
218
234
239
170
107
58
78
127
236
227
148
89
72
118
209
243
204
130
200
241
193
126
220
239
247
169
155
237
223
152
132
118
146
224
227
234
227
210
209
225
233
222
226
227
214
229
227
222
233
203
234
238
215
219
229
234
226
223
234
225
232
224
224
241
223
226
211
244
227
225
229
239
227
238
232
233
225
235
230
224
231
242
232
226
244
241
221
230
228
237
241
226
228
245
232
247
240
245
224
227
231
222
221
221
222
222
223
223
224
224
218
228
218
224
233
228
231
231
223
225
223
222
231
229
220
232
232
220
228
231
224
221
220
230
219
229
230
218
222
226
219
232
228
228
228
228
228
228
228
228
230
230
230
231
232
232
232
233
227
229
231
233
222
221
226
220
221
221
222
222
223
223
224
224
219
229
231
223
218
221
222
218
219
228
230
225
226
227
223
223
230
222
225
221
221
227
225
228
222
227
229
220
227
237
227
224
228
228
228
228
228
228
228
228
229
229
230
230
231
231
232
232
228
229
231
233
228
223
225
222
221
221
222
222
223
223
224
224
221
217
228
222
220
231
226
225
217
228
232
226
222
227
230
219
226
225
227
221
223
230
225
221
229
229
231
224
223
231
227
218
228
228
228
228
228
228
228
228
228
228
229
229
230
230
231
231
229
230
231
232
220
220
218
220
221
221
222
222
223
223
224
224
230
216
223
220
224
230
216
225
224
227
224
225
223
227
237
223
224
227
231
230
227
225
222
221
226
223
230
230
222
221
226
226
228
228
228
228
228
228
228
228
227
228
228
228
229
229
230
230
231
231
231
232
220
223
218
219
221
221
222
222
223
223
224
224
213
221
228
220
219
224
222
228
230
231
217
225
227
223
234
225
225
224
229
234
225
219
227
234
229
224
225
233
230
224
228
235
228
228
228
228
228
228
228
228
227
228
228
228
229
229
230
230
232
232
232
231
228
228
223
217
221
221
222
222
223
223
224
224
214
233
236
235
219
221
235
202
208
234
221
226
229
217
227
222
228
222
224
227
217
220
235
231
235
241
229
224
230
226
226
229
228
228
228
228
228
228
228
228
228
228
229
229
230
230
231
231
234
233
232
231
221
217
227
214
221
221
222
222
223
223
224
224
242
203
184
233
224
215
223
123
150
227
231
227
230
218
227
223
228
225
227
225
216
229
231
188
175
236
241
220
224
226
224
224
228
228
228
228
228
228
228
228
229
229
230
230
231
231
232
232
235
234
232
230
222
214
234
215
221
221
222
222
223
223
224
224
226
114
79
203
232
221
223
74
96
216
238
227
231
223
233
227
226
231
235
229
220
238
219
137
76
202
248
226
227
233
231
230
228
228
228
228
228
228
228
228
230
230
230
231
232
232
232
233
236
234
232
230
224
243
207
195
212
226
234
209
226
228
216
231
239
122
58
186
216
234
234
87
102
228
216
217
228
239
219
222
221
212
199
201
238
239
218
131
59
196
214
227
231
218
230
224
219
245
191
206
238
239
203
217
238
235
198
185
225
244
200
151
138
162
232
252
216
131
59
42
64
113
212
237
216
216
236
232
165
61
0
74
66
139
223
94
58
105
55
47
99
221
246
197
85
33
58
42
97
204
180
35
9
64
53
144
235
235
231
229
236
222
131
93
209
244
127
62
210
234
103
97
220
182
89
77
80
59
112
226
169
60
123
175
126
106
172
232
230
214
227
220
210
104
32
143
143
180
236
100
15
116
150
116
40
136
240
226
140
179
224
184
70
101
224
99
66
178
176
201
232
222
226
231
239
235
163
43
195
239
83
4
164
247
82
113
227
110
114
243
255
168
82
197
133
31
165
255
255
226
212
213
231
220
218
226
235
148
57
206
246
230
218
77
79
200
252
227
69
94
231
230
234
211
183
190
75
72
255
136
44
229
255
227
221
224
238
234
220
240
221
52
179
206
84
67
114
225
78
161
225
56
99
170
177
128
43
165
179
63
45
66
123
194
249
221
218
225
222
228
227
164
52
186
227
219
227
96
102
224
231
229
90
97
243
211
133
53
39
71
39
87
227
141
50
208
231
226
236
231
229
225
229
228
230
76
148
160
114
158
87
189
79
187
215
49
88
68
61
79
96
199
249
191
119
74
44
65
187
229
219
221
217
219
230
153
42
202
233
219
241
102
60
230
228
228
94
93
241
175
32
136
214
233
126
91
226
150
46
206
237
226
225
220
228
234
240
227
237
124
90
94
154
232
75
102
86
228
220
55
134
252
234
245
228
240
230
215
251
234
161
41
140
227
221
219
212
222
227
150
25
199
243
219
232
89
71
228
215
218
90
96
233
138
47
208
246
233
107
65
233
138
59
214
244
228
227
232
237
231
225
225
240
175
37
48
192
248
122
21
102
245
223
90
73
211
235
221
178
212
154
83
166
195
143
30
153
231
218
230
219
219
227
193
20
127
179
188
220
97
63
214
228
236
80
78
238
176
18
110
162
115
28
71
226
175
11
121
150
191
229
230
227
227
231
228
233
213
39
72
238
231
176
11
152
233
229
212
61
41
85
50
63
199
178
75
44
58
60
138
211
228
219
220
226
226
213
222
123
48
45
120
199
145
86
198
240
220
137
114
214
247
138
57
52
101
100
124
202
233
149
72
56
144
227
236
223
229
230
228
230
213
182
184
213
232
222
183
202
229
217
230
229
176
143
172
209
229
226
219
215
197
205
228
239
226
216
221
225
221
221
240
215
212
210
222
249
209
208
235
224
228
213
208
240
216
242
211
213
241
232
220
232
228
238
220
214
226
233
226
223
229
228
226
234
234
222
222
230
229
239
222
231
240
231
238
244
225
227
232
237
236
215
228
232
226
230
227
219
212
217
226
228
222
216
218
218
235
229
216
229
225
231
231
222
230
226
221
232
217
229
233
224
222
228
229
227
221
220
237
242
229
220
227
234
233
226
221
225
232
232
235
233
224
227
231
229
226
226
225
229
237
239
233
225
222
226
213
210
229
212
214
219
225
228
227
223
221
225
223
225
224
218
216
221
225
219
217
222
225
222
220
223
229
219
233
223
210
222
235
234
229
227
229
226
222
226
232
230
223
227
224
223
223
221
223
224
224
223
231
229
228
235
231
225
231
229
227
226
228
223
219
217
218
227
225
226
227
224
218
217
220
217
222
227
221
225
234
224
219
226
221
222
220
224
227
219
222
225
227
227
221
221
228
226
219
224
224
224
225
226
225
225
225
227
232
234
232
228
224
224
227
229
227
230
235
238
238
232
225
230
233
235
235
214
216
223
216
226
220
215
215
218
220
220
221
221
220
217
216
226
230
221
221
216
225
228
220
220
222
219
226
231
219
225
227
222
229
234
233
223
230
232
228
227
231
231
228
222
230
231
231
234
230
225
228
227
219
224
228
222
226
231
223
221
226
230
229
224
220
228
236
227
227
225
223
225
227
223
217
222
226
219
224
233
224
218
221
220
231
224
222
231
231
230
231
225
216
227
229
223
224
221
220
231
231
229
226
228
230
225
216
223
227
221
220
230
229
223
226
229
226
231
232
225
227
234
232
229
232
234
234
220
218
216
215
214
224
227
219
215
218
222
221
211
226
214
214
222
217
225
231
216
231
218
217
223
216
218
219
231
228
230
223
222
228
225
231
226
221
222
229
231
225
223
226
229
233
224
222
232
230
222
227
220
226
231
232
230
227
226
228
230
228
226
227
220
220
205
54
168
234
211
218
214
214
225
230
218
214
218
221
219
217
216
218
210
230
217
225
220
225
91
123
233
219
220
230
226
224
229
226
225
227
229
229
223
232
221
221
225
227
219
233
233
215
240
225
224
229
227
232
221
219
237
223
221
235
225
224
222
218
199
46
126
235
226
225
221
222
219
214
218
227
234
230
225
216
214
233
215
221
222
232
219
216
67
107
223
233
233
231
226
221
228
233
237
238
234
227
228
230
219
238
232
232
238
226
226
236
232
230
235
232
229
232
244
236
219
231
236
228
233
233
223
218
195
38
146
230
210
215
220
222
216
230
226
197
189
210
235
235
220
224
226
197
194
210
220
241
74
102
231
244
214
197
228
247
230
207
163
189
205
208
240
228
190
209
232
166
162
241
234
175
125
104
179
230
243
152
158
232
221
233
141
164
240
205
225
220
198
41
77
92
41
62
139
237
224
177
58
32
43
71
112
195
241
209
124
67
38
50
118
220
82
99
235
209
119
88
183
234
150
55
31
40
39
72
213
228
113
57
76
48
61
196
129
58
96
79
63
159
251
109
77
225
233
226
64
108
241
178
224
224
205
50
23
123
140
87
44
169
235
198
138
161
193
136
47
134
235
152
33
114
171
149
121
179
73
113
255
126
54
141
247
181
68
88
214
184
98
51
210
241
106
29
123
183
193
202
71
130
253
240
81
74
223
138
76
216
227
232
93
111
245
187
223
226
209
56
115
227
255
208
51
106
232
221
222
190
187
145
34
107
215
76
96
207
244
228
204
237
100
71
144
72
123
233
254
117
50
211
230
236
158
64
210
238
122
73
226
255
249
167
44
194
247
237
193
46
183
147
82
217
225
232
92
106
240
190
221
224
206
52
126
212
214
235
75
79
235
202
93
44
34
67
22
111
224
50
123
233
226
226
218
232
98
37
26
100
236
241
198
129
86
224
225
231
153
52
215
242
119
74
226
215
227
172
62
218
224
237
208
43
181
139
78
233
233
224
88
115
242
184
220
222
202
46
119
239
205
234
82
78
231
118
34
145
222
214
75
104
216
41
122
233
206
227
226
222
97
32
52
36
169
243
231
128
56
227
228
236
163
57
216
229
106
73
225
230
233
181
40
198
239
239
179
51
203
139
68
229
235
236
92
122
238
182
207
231
204
45
118
226
253
180
40
122
219
74
79
235
255
211
74
92
230
78
60
213
249
233
198
229
88
89
208
77
32
189
255
149
30
143
234
202
105
46
202
231
118
64
222
224
239
207
70
90
241
219
91
101
218
156
35
138
203
115
25
104
246
180
210
220
184
41
65
154
149
93
55
176
242
109
36
133
143
95
12
89
238
154
27
107
149
118
105
193
86
94
246
183
64
59
173
235
96
7
45
56
37
53
216
235
122
46
225
226
224
234
151
54
63
67
71
159
255
212
80
34
60
80
91
134
225
190
222
222
197
106
61
50
22
69
141
212
234
197
81
50
62
98
87
126
216
227
153
79
50
53
113
222
138
105
205
236
173
98
136
232
195
156
112
190
127
58
186
234
177
139
209
232
222
241
245
178
140
153
204
236
233
244
233
186
195
233
220
222
246
236
222
217
221
195
226
212
190
204
229
230
217
225
247
196
202
228
224
220
221
223
232
210
216
221
209
227
228
234
214
231
235
230
221
221
208
246
234
212
97
76
207
237
221
236
224
239
230
217
233
245
239
237
241
232
207
227
236
226
242
233
240
232
227
235
212
206
218
224
214
228
241
223
217
219
215
218
222
221
229
224
219
224
224
223
221
222
231
227
225
224
225
210
232
213
209
225
232
198
104
47
107
50
52
160
236
223
227
229
227
217
227
227
220
225
227
228
220
223
235
238
217
221
241
224
223
223
219
229
218
216
218
220
228
203
217
221
224
215
216
220
220
221
218
222
221
213
218
230
227
214
231
214
220
224
214
227
221
221
226
219
224
220
161
95
90
119
177
230
225
218
230
215
225
222
230
237
235
225
220
230
234
228
223
219
226
230
225
229
230
231
232
228
221
227
225
219
221
215
226
215
220
215
227
226
214
223
215
213
222
226
222
210
222
211
229
231
229
215
208
229
221
216
227
222
222
228
234
230
234
242
232
226
225
232
227
226
225
232
222
217
222
218
218
222
221
234
236
235
240
229
219
234
227
226
233
226
208
216
219
214
221
220
220
208
227
217
222
218
228
222
218
221
224
219
219
229
222
228
210
224
224
215
235
216
226
217
229
225
223
220
227
224
228
219
227
230
211
222
223
222
232
225
220
237
236
223
231
231
219
223
222
222
220
228
238
224
227
223
231
224
218
215
220
219
227
221
228
222
218
221
214
222
230
212
216
225
223
223
222
217
217
229
218
226
219
226
212
219
225
223
223
214
223
232
221
223
215
224
232
226
230
220
221
225
232
226
224
226
233
222
228
226
230
228
226
236
220
234
227
233
221
236
234
228
214
218
218
215
217
224
221
218
225
232
227
214
207
230
230
220
221
222
223
225
229
217
210
228
225
228
222
225
213
220
225
225
213
214
229
228
229
226
233
229
217
233
239
214
225
224
226
225
228
224
228
233
223
234
221
219
234
247
217
229
234
211
212
234
206
211
219
210
200
219
209
225
228
208
219
225
232
226
222
229
220
214
227
226
216
220
225
221
215
229
232
216
228
231
218
221
221
218
227
218
228
223
214
223
218
228
224
225
223
227
236
229
223
225
215
229
217
230
236
226
217
224
221
239
233
235
240
233
230
221
218
154
51
199
237
224
222
224
240
210
219
230
216
209
220
232
236
219
218
221
225
218
232
225
225
223
208
237
241
228
226
217
212
232
217
247
233
233
234
228
207
231
228
225
229
220
223
245
220
249
237
209
221
242
234
230
231
192
194
183
186
226
218
208
233
144
40
188
211
209
230
215
221
227
208
210
222
237
226
187
181
219
233
224
209
192
226
188
182
207
233
204
184
167
201
242
224
214
231
192
157
148
174
225
245
223
228
220
224
221
226
226
131
143
92
72
78
159
255
237
160
54
48
65
62
132
117
75
126
53
13
62
47
118
207
137
93
161
59
49
172
213
103
48
46
27
166
227
196
63
68
53
46
22
137
74
43
24
49
159
235
226
209
70
57
55
38
87
221
237
227
219
226
232
233
202
36
39
120
126
58
47
204
241
200
177
233
234
122
68
54
94
177
118
36
136
140
167
234
126
5
57
112
121
209
137
49
156
198
111
44
190
199
27
67
145
170
87
15
104
183
176
71
90
225
226
106
77
216
247
169
61
169
236
228
220
223
226
234
217
59
110
233
253
188
58
160
244
227
222
159
153
74
46
39
198
255
140
28
194
240
224
240
123
47
187
224
233
197
77
116
239
218
199
36
158
183
57
139
230
251
147
43
178
240
233
96
72
224
203
59
88
188
158
146
37
134
237
223
224
229
226
223
207
64
153
234
228
225
72
128
242
182
71
57
90
72
53
168
231
220
172
23
188
233
218
233
129
51
211
225
217
204
45
37
62
48
65
27
128
204
37
148
231
227
146
32
187
227
227
99
64
226
195
49
34
72
59
73
77
145
231
228
223
229
222
234
222
30
142
238
218
223
80
136
230
78
95
223
246
185
59
177
238
220
179
38
174
218
205
231
132
40
206
229
235
172
28
121
186
152
181
188
205
208
40
148
219
221
162
48
189
225
227
114
82
227
196
38
115
240
231
216
230
247
217
220
225
230
228
222
222
67
127
239
255
177
58
175
221
74
119
249
237
136
46
77
211
233
152
35
177
248
217
239
154
43
199
208
231
203
58
109
228
246
230
208
224
213
54
152
231
227
154
36
186
241
234
112
74
217
222
100
61
173
249
217
162
191
228
226
227
223
230
221
225
77
61
174
150
83
93
219
236
108
32
76
94
58
41
14
106
218
190
36
121
196
187
215
133
33
207
224
218
238
119
38
105
165
142
59
148
185
45
123
226
231
141
28
171
236
223
108
70
197
232
189
47
37
74
56
45
134
230
229
226
220
223
226
226
73
51
48
36
87
182
220
238
222
124
83
125
163
165
103
51
153
208
106
25
17
81
202
162
61
189
223
202
237
216
131
60
35
46
92
174
212
108
147
219
235
180
113
193
224
222
167
148
215
227
248
189
153
120
124
171
219
237
221
223
230
218
228
219
72
110
201
210
229
245
227
219
238
229
225
231
250
236
224
172
189
222
225
172
159
171
233
219
168
235
229
216
215
233
230
203
185
213
228
231
242
210
221
219
224
224
211
228
223
228
230
227
235
223
228
231
233
229
236
243
228
222
226
224
235
221
233
211
67
118
244
241
221
208
226
231
223
237
236
226
222
226
