-94
57
108
62
0
-16
26
1
-18
13
20
-109
-270
-201
-119
-75
33
119
160
161
71
-138
-114
117
150
48
-4
-20
-76
-63
-107
53
68
80
71
-13
-15
18
9
8
6
-61
-135
-75
-72
-126
-128
-82
3
111
141
-4
90
246
109
8
-1
2
-32
-51
43
133
-56
-47
102
16
-50
8
-4
8
-7
-26
62
106
27
-74
-156
-143
-132
-118
-43
-36
216
263
-88
-85
72
120
110
7
138
204
-167
-236
62
100
-37
-48
-39
22
44
15
162
235
76
-38
-58
-46
-115
-170
-168
-173
163
126
-339
-221
88
183
167
43
87
177
-174
-309
-6
127
-11
-10
52
72
63
-36
57
212
98
-18
15
43
-20
-32
-102
-186
80
18
-396
-307
-9
95
51
-8
23
78
-83
-234
-112
27
7
84
224
185
10
-133
-53
140
136
-26
-36
80
82
50
-52
-109
42
39
-188
-219
-91
-8
-70
-98
-3
8
14
-117
-181
-88
-29
29
262
306
4
-175
-43
144
170
-13
-77
76
128
28
-112
-93
32
106
31
-58
-80
-36
-77
-91
2
9
44
-6
-114
-135
-124
-132
162
360
78
-158
-22
147
133
34
-20
50
89
0
-124
-143
-5
144
84
-5
-20
-23
-49
-35
43
44
41
49
-11
-89
-165
-220
73
320
115
-98
-33
72
24
9
19
28
40
27
-31
-151
-64
93
9
-39
34
31
-14
-64
71
60
41
44
27
-12
-103
-186
39
222
66
-50
-54
-24
-52
-54
21
23
1
58
58
-69
-87
-17
-48
-83
6
116
78
-114
54
25
16
38
35
7
-39
-97
27
131
20
-65
-93
-48
-22
-37
26
13
-41
36
93
25
-72
-72
-39
-100
-45
162
150
-118
12
-2
-17
-1
33
28
-16
-33
8
51
21
-98
-112
-15
16
44
46
-31
-52
3
49
48
-16
-67
-65
-45
12
129
125
-85
-10
-13
-40
-28
66
103
5
-32
-28
-11
18
-94
-98
-33
-3
107
79
-73
-47
2
-34
18
49
-40
-82
41
79
30
34
-27
-2
-49
-64
5
126
146
18
-67
-53
-7
12
-46
-64
-103
-35
111
79
-77
-59
22
-24
24
63
2
-18
60
44
-48
-30
-33
-13
-76
-81
-3
94
105
19
-60
-38
22
22
19
3
-116
-64
71
50
-74
-77
44
52
56
45
33
57
51
-10
-60
0
-63
-29
-99
-91
-10
38
49
15
-15
-9
0
12
49
41
-47
-58
-10
38
-38
-99
34
56
-20
-29
38
86
62
-29
-74
89
36
1
-100
-72
50
69
34
-1
4
0
-41
-25
-1
-22
16
-10
-106
72
99
-83
-12
-6
-140
-151
-36
17
47
-4
-58
163
140
49
-18
0
79
78
24
-15
-4
-3
-26
-35
-108
-147
18
17
-186
115
288
4
-31
-19
-102
-163
-150
-93
9
40
28
139
77
38
104
89
37
2
23
12
-38
-23
50
22
-151
-216
-34
-18
-229
119
372
50
-9
42
16
-60
-126
-107
-44
15
56
53
12
-26
191
138
-14
-66
40
64
-73
-55
98
74
-77
-159
-77
-43
-164
85
251
7
-45
37
96
48
2
-42
-73
-65
-77
-34
72
-35
207
145
14
-31
22
33
-82
-31
110
60
-19
-67
-24
14
-44
43
66
-45
-162
-63
172
149
55
-5
-36
-96
-236
-178
67
6
139
138
76
38
15
-48
-110
43
157
37
-17
-11
47
80
31
14
0
-38
-214
-94
206
186
26
-27
6
-38
-216
-291
-63
-4
33
88
41
13
53
-34
-118
68
153
21
19
37
28
76
54
-9
32
34
-131
-22
168
124
-9
-45
21
31
-84
-218
-104
-19
-91
-28
34
2
41
29
-50
11
59
20
27
50
16
7
9
6
49
64
16
74
107
34
-26
-17
27
30
-12
-56
-33
36
-234
-230
86
127
50
68
26
-55
-21
62
-36
6
87
-51
-70
51
12
6
133
163
60
-40
-22
20
37
18
10
29
10
81
-238
-384
-72
143
136
105
87
4
-48
58
-67
-18
175
-20
-116
35
-25
-33
163
184
39
-57
-58
-18
81
86
29
27
27
40
-72
-253
-241
-46
77
59
115
143
-25
-21
-31
39
198
36
-89
-21
-19
-5
82
48
0
20
-117
-117
107
137
2
-27
46
-25
14
-23
-92
-99
-77
-59
59
146
16
-46
0
88
123
7
-15
-11
0
19
-9
-131
-108
129
-54
-168
59
103
-61
-109
27
-36
-32
28
78
8
-70
-98
-24
42
48
31
2
33
27
-41
7
24
-20
8
41
-119
-161
148
35
-137
28
74
-71
-134
-13
-5
-59
-18
72
58
2
-78
-70
-23
64
115
27
-37
-4
-3
-28
-10
-40
-20
83
30
-50
63
-17
-79
60
59
-26
-60
-18
