0
57
108
62
0
0
26
1
0
13
20
0
0
0
0
0
33
119
160
161
71
0
0
117
150
48
0
0
0
0
0
53
68
80
71
0
0
18
9
8
6
0
0
0
0
0
0
0
3
111
141
0
90
246
109
8
0
2
0
0
43
133
0
0
102
16
0
8
0
8
0
0
62
106
27
0
0
0
0
0
0
0
216
263
0
0
72
120
110
7
138
204
0
0
62
100
0
0
0
22
44
15
162
235
76
0
0
0
0
0
0
0
163
126
0
0
88
183
167
43
87
177
0
0
0
127
0
0
52
72
63
0
57
212
98
0
15
43
0
0
0
0
80
18
0
0
0
95
51
0
23
78
0
0
0
27
7
84
224
185
10
0
0
140
136
0
0
80
82
50
0
0
42
39
0
0
0
0
0
0
0
8
14
0
0
0
0
29
262
306
4
0
0
144
170
0
0
76
128
28
0
0
32
106
31
0
0
0
0
0
2
9
44
0
0
0
0
0
162
360
78
0
0
147
133
34
0
50
89
0
0
0
0
144
84
0
0
0
0
0
43
44
41
49
0
0
0
0
73
320
115
0
0
72
24
9
19
28
40
27
0
0
0
93
9
0
34
31
0
0
71
60
41
44
27
0
0
0
39
222
66
0
0
0
0
0
21
23
1
58
58
0
0
0
0
0
6
116
78
0
54
25
16
38
35
7
0
0
27
131
20
0
0
0
0
0
26
13
0
36
93
25
0
0
0
0
0
162
150
0
12
0
0
0
33
28
0
0
8
51
21
0
0
0
16
44
46
0
0
3
49
48
0
0
0
0
12
129
125
0
0
0
0
0
66
103
5
0
0
0
18
0
0
0
0
107
79
0
0
2
0
18
49
0
0
41
79
30
34
0
0
0
0
5
126
146
18
0
0
0
12
0
0
0
0
111
79
0
0
22
0
24
63
2
0
60
44
0
0
0
0
0
0
0
94
105
19
0
0
22
22
19
3
0
0
71
50
0
0
44
52
56
45
33
57
51
0
0
0
0
0
0
0
0
38
49
15
0
0
0
12
49
41
0
0
0
38
0
0
34
56
0
0
38
86
62
0
0
89
36
1
0
0
50
69
34
0
4
0
0
0
0
0
16
0
0
72
99
0
0
0
0
0
0
17
47
0
0
163
140
49
0
0
79
78
24
0
0
0
0
0
0
0
18
17
0
115
288
4
0
0
0
0
0
0
9
40
28
139
77
38
104
89
37
2
23
12
0
0
50
22
0
0
0
0
0
119
372
50
0
42
16
0
0
0
0
15
56
53
12
0
191
138
0
0
40
64
0
0
98
74
0
0
0
0
0
85
251
7
0
37
96
48
2
0
0
0
0
0
72
0
207
145
14
0
22
33
0
0
110
60
0
0
0
14
0
43
66
0
0
0
172
149
55
0
0
0
0
0
67
6
139
138
76
38
15
0
0
43
157
37
0
0
47
80
31
14
0
0
0
0
206
186
26
0
6
0
0
0
0
0
33
88
41
13
53
0
0
68
153
21
19
37
28
76
54
0
32
34
0
0
168
124
0
0
21
31
0
0
0
0
0
0
34
2
41
29
0
11
59
20
27
50
16
7
9
6
49
64
16
74
107
34
0
0
27
30
0
0
0
36
0
0
86
127
50
68
26
0
0
62
0
6
87
0
0
51
12
6
133
163
60
0
0
20
37
18
10
29
10
81
0
0
0
143
136
105
87
4
0
58
0
0
175
0
0
35
0
0
163
184
39
0
0
0
81
86
29
27
27
40
0
0
0
0
77
59
115
143
0
0
0
39
198
36
0
0
0
0
82
48
0
20
0
0
107
137
2
0
46
0
14
0
0
0
0
0
59
146
16
0
0
88
123
7
0
0
0
19
0
0
0
129
0
0
59
103
0
0
27
0
0
28
78
8
0
0
0
42
48
31
2
33
27
0
7
24
0
8
41
0
0
148
35
0
28
74
0
0
0
0
0
0
72
58
2
0
0
0
64
115
27
0
0
0
0
0
0
0
83
30
0
63
0
0
60
59
0
0
0
