98
85
83
61
73
74
73
72
75
65
77
69
87
133
188
199
186
152
126
90
84
106
144
169
187
170
174
158
159
157
162
156
91
112
121
94
82
72
96
83
78
89
90
79
76
93
135
149
189
193
181
144
119
81
87
129
140
104
89
89
93
91
120
117
72
108
121
111
101
80
73
76
81
70
73
73
71
90
122
113
135
147
178
188
184
137
117
116
82
48
47
42
58
59
77
71
121
128
100
87
111
91
82
101
99
89
94
85
106
98
80
71
72
85
122
134
169
188
194
186
121
101
133
120
108
82
75
83
142
137
92
83
146
153
130
121
138
143
160
140
145
123
84
48
60
60
73
64
105
125
165
186
130
161
229
214
196
153
133
132
109
128
92
73
140
165
139
119
143
135
143
123
117
129
103
71
83
71
65
60
69
54
92
107
72
116
201
212
204
189
196
187
120
123
117
110
141
165
165
162
160
118
86
73
90
114
122
93
88
99
96
74
76
57
72
76
67
65
106
127
142
139
170
172
127
112
127
115
114
147
179
172
178
160
102
77
110
122
113
82
65
96
103
77
57
67
94
85
82
59
63
58
79
65
101
99
120
115
126
114
114
112
141
153
177
192
141
97
117
141
122
98
82
77
75
64
59
73
101
111
98
68
66
66
78
76
83
66
101
95
87
85
80
63
75
91
128
157
114
70
76
95
85
74
80
68
76
63
65
55
68
104
91
72
90
82
70
78
87
99
95
82
74
59
59
56
53
48
76
97
67
46
52
50
62
63
88
87
84
82
82
62
65
77
86
91
111
112
105
79
80
111
85
71
70
67
66
51
56
51
60
73
53
40
55
57
80
76
85
88
76
80
90
70
63
60
85
81
84
112
110
66
65
95
94
86
91
92
98
89
89
90
97
94
93
80
84
107
117
104
103
93
99
101
114
105
92
85
99
101
115
118
114
81
79
109
96
102
105
96
112
119
107
89
103
92
110
102
105
129
126
131
133
97
104
120
112
119
134
121
114
135
148
115
112
106
102
106
101
88
96
107
115
92
68
48
63
70
81
75
82
88
105
120
108
92
91
111
107
107
119
105
103
101
101
83
95
108
116
107
114
102
117
119
136
121
109
93
105
113
115
100
106
93
103
130
125
109
109
125
128
112
106
90
95
82
83
78
87
85
85
120
122
121
134
144
158
158
165
153
159
151
159
150
154
132
134
142
151
141
150
164
173
150
153
140
146
127
115
102
123
123
106
117
104
94
106
130
130
110
105
99
106
98
105
113
112
107
114
97
116
130
96
106
130
113
136
175
190
171
178
163
187
188
134
129
103
82
86
87
86
63
60
56
65
56
67
68
83
99
121
93
110
134
79
60
71
72
85
98
135
155
173
149
151
136
111
120
111
103
94
75
70
64
69
65
73
70
73
57
69
109
138
113
141
184
108
68
86
68
71
56
80
96
109
107
104
80
98
94
98
132
111
79
70
88
96
70
71
98
92
62
62
78
102
110
125
156
103
90
105
87
79
69
71
58
82
86
99
97
98
73
85
125
102
68
70
75
85
70
67
82
80
69
70
62
80
71
74
72
66
69
77
120
107
72
66
52
57
58
93
140
135
102
153
150
141
110
101
73
76
79
104
109
88
61
78
78
85
52
60
48
55
54
76
117
105
59
46
55
58
51
65
112
160
145
160
144
161
142
135
133
132
111
142
149
118
101
111
91
98
87
74
63
78
54
63
91
69
49
42
51
54
47
42
59
101
94
102
101
116
112
120
126
138
111
124
123
120
114
123
98
105
104
102
102
108
82
83
76
64
50
53
59
62
50
48
49
53
50
100
69
90
140
136
87
101
98
90
86
111
93
92
108
91
84
114
103
92
103
93
62
51
49
66
55
53
50
63
52
50
48
112
81
82
162
216
168
141
111
109
97
126
113
99
135
113
90
121
124
108
132
125
87
65
79
86
80
83
62
59
49
51
46
105
92
94
97
164
210
206
177
176
130
117
139
132
147
123
86
104
115
117
124
115
92
93
82
93
132
130
92
82
87
84
70
96
103
108
84
87
93
124
139
157
132
115
123
133
116
98
85
92
82
100
75
92
102
148
130
107
146
153
137
136
158
167
149
89
89
101
108
96
69
79
87
102
89
99
82
94
88
85
88
109
80
91
85
90
72
131
134
84
106
123
105
102
129
147
137
98
89
98
102
101
93
90
81
109
108
115
83
76
76
96
80
95
92
99
109
101
67
82
76
69
81
82
64
67
66
80
72
89
81
82
95
99
80
80
84
97
98
111
91
79
72
85
68
66
80
86
81
103
95
70
65
80
100
94
75
86
73
75
71
