2582
2239
3075
1999
1355
0
11
2278
0
2221
736
970
2462
2923
3368
2311
3096
98
1627
0
4196
1981
2221
0
3828
1375
1783
0
1549
1255
0
1171
648
3573
1257
2956
2213
1216
2360
0
2191
2521
2056
3147
1965
1676
2115
1784
637
2276
1267
3685
0
872
1454
2105
864
1943
3826
1252
1984
985
947
1009
1815
1311
0
1721
118
0
267
2088
2170
1965
987
518
1508
0
2759
1275
1616
1790
2123
993
3722
2585
780
91
2927
2013
151
1445
1186
3109
1586
3306
0
1794
714
439
1454
3262
34
491
0
2622
281
3071
373
1792
384
2132
1281
0
1004
1295
465
813
915
180
1570
848
0
1588
1440
1795
473
1407
2793
1794
2301
2171
2545
0
1412
0
2503
1861
2049
2727
1510
3324
2277
1940
1425
813
525
0
1901
2548
1285
1774
2885
2457
1071
1386
1533
0
3386
1565
652
2346
2229
0
901
900
1288
700
1055
1689
1313
2622
1644
2459
932
1715
1864
2793
518
1033
1294
3399
576
3497
2151
2300
0
2130
2137
2226
1030
2702
1065
1894
120
3403
812
2502
52
2745
951
3014
1804
201
3203
440
2322
2513
3527
1445
2714
1018
654
1231
1318
106
698
0
2151
734
0
694
3765
1134
1113
442
2819
1638
1574
3039
2248
2358
1335
995
1871
831
0
2176
832
1894
0
2446
1569
2597
2315
654
126
8
2747
3178
29
2625
2353
3879
1567
1451
408
0
0
955
2177
1490
1242
0
1401
3147
2502
1046
2528
578
2865
1613
939
1550
482
242
1384
161
554
2736
1508
1715
2113
1933
1803
2174
3140
1233
1151
224
3915
1086
2641
2199
1565
1175
0
1113
99
3567
1991
3008
2781
1464
1599
0
982
1750
257
858
32
1858
1126
701
2100
957
3351
1515
1529
2620
2259
286
1197
3220
3324
3083
2983
0
745
803
1344
1494
1849
3137
2455
4190
1591
3539
548
1319
0
2223
584
3808
1507
857
1205
877
2795
1352
1000
0
0
1066
2058
2878
3065
21
731
1718
1598
818
93
1469
396
682
1308
1766
3334
3071
1710
526
698
0
1807
1023
1102
0
819
2753
3169
1076
482
829
2042
0
636
2312
883
373
1431
0
2810
1571
1866
2936
322
0
2218
2551
1145
3680
780
845
684
329
670
1841
611
668
216
1800
746
2301
2094
2076
626
0
2112
3461
0
1848
2068
1048
2139
768
1571
1687
1772
1541
1080
1681
1637
2334
3019
1723
2444
1461
2065
1335
2069
613
48
516
2638
2879
774
692
434
2724
1891
1670
4160
2528
0
2584
2134
1854
330
2019
1820
1840
3432
381
2691
2507
0
2517
880
3352
2725
2818
2512
1467
2325
591
2958
200
2214
3131
0
643
1763
1934
1316
1222
2167
3131
1996
1505
0
3314
899
3333
916
1190
626
1073
1221
0
4089
2233
311
868
1284
1728
0
197
0
2527
1850
1600
2260
938
1055
1031
1431
1502
2642
1462
2258
730
3425
2497
2528
2824
1263
622
3412
1232
1241
1279
2062
0
2526
1655
1250
1499
1335
2100
1750
2348
3084
3236
3194
2989
117
2148
3151
3250
1252
1395
852
2414
733
3854
1122
1526
1142
350
1159
2951
3757
1065
479
1737
996
3376
2621
3849
0
2637
4146
1460
1819
22
2100
822
641
3061
3984
1277
754
432
0
0
1578
1452
1157
1533
0
927
2108
2598
751
879
602
0
3690
3324
2017
1880
1501
1120
0
1509
2171
1324
717
2524
2186
3116
262
3435
2422
1374
1783
220
3442
1495
2041
936
1407
367
383
1861
1314
1117
0
1101
2600
1334
2007
2519
1037
792
1263
2227
64
1619
1966
814
1198
318
2440
643
893
1751
122
1801
1654
1463
3104
0
2660
365
1881
2652
1247
2066
0
2004
0
2735
3079
2013
3439
1868
0
121
3015
1592
0
2504
1481
2390
1350
2824
3206
2224
2756
3469
1415
0
680
969
1485
1950
1598
0
3394
2210
2381
2093
2211
1013
1054
1568
2546
706
1350
2871
2993
0
2324
3371
249
2651
1289
1162
1889
1457
2932
1464
0
1730
6
3028
1384
988
1659
2463
1909
0
3714
446
1447
1087
1766
2266
622
1897
2404
1187
1448
0
2637
1022
2345
541
5
2882
2666
1658
1751
0
2865
800
2086
430
2362
880
2132
0
0
1883
0
767
3135
2827
1143
3077
2081
2251
1594
1676
3
0
2049
0
478
580
1947
2359
1735
302
559
2698
646
0
0
1969
3211
1907
1873
2313
1846
2465
0
2273
3365
681
1498
2071
1755
2303
1804
2057
2837
2818
3067
2115
2415
1832
1993
0
1340
2375
0
1848
2914
1786
1228
451
735
3755
1850
0
2271
1820
2090
2136
3099
0
3235
0
394
1236
154
1855
1889
3159
2857
599
3337
1452
2131
1429
1249
599
4669
2257
806
815
135
1783
1769
930
749
2389
2758
3609
1146
1954
974
2753
0
4085
1404
1497
771
481
2428
1672
2889
3830
3449
4386
1046
11
969
1418
2884
0
0
2053
3658
0
1351
1421
1033
2097
1763
1229
0
1692
513
487
3158
1573
1555
734
1013
0
676
1591
1770
3030
2978
649
