227
238
75
23
27
157
199
254
253
5
250
188
16
3
103
68
16
238
38
84
26
233
81
181
142
219
80
196
5
130
104
164
57
184
232
104
244
2
15
6
56
182
20
186
89
4
204
136
207
244
70
11
144
146
240
154
191
144
232
71
1
175
20
176
14
13
143
133
166
213
145
45
234
140
129
69
93
167
208
177
249
165
109
176
66
101
154
232
3
74
175
192
81
150
75
178
245
25
77
39
166
46
183
128
139
13
59
7
120
197
192
101
201
5
208
62
155
101
234
237
52
216
208
87
135
197
248
220
63
147
164
91
178
138
180
101
0
140
55
49
67
179
57
226
15
172
79
38
190
109
85
57
21
115
229
126
47
29
64
59
116
122
66
9
89
90
182
196
45
246
59
45
251
231
13
50
56
80
204
142
186
71
173
231
214
55
51
25
99
108
235
80
40
20
131
65
165
130
220
11
75
38
148
151
163
98
136
10
122
1
145
52
209
69
222
170
52
199
74
194
90
35
73
109
56
125
102
228
255
165
69
177
86
110
225
193
70
219
109
74
15
159
86
83
130
89
162
163
182
219
160
56
221
188
214
37
153
13
213
53
4
160
177
73
39
87
142
0
114
113
108
71
163
206
183
157
122
207
190
246
85
61
91
92
57
222
146
102
7
10
162
111
147
195
141
82
7
87
247
20
33
229
233
231
54
69
9
82
20
205
72
112
48
166
213
124
194
83
172
28
241
107
101
84
156
208
55
52
58
2
242
115
184
152
152
220
100
219
108
18
23
131
182
233
138
21
86
162
62
193
33
224
59
210
196
85
190
30
50
6
206
10
114
25
185
38
144
112
120
214
167
181
86
204
209
63
169
255
164
184
73
25
132
141
47
121
169
232
253
201
215
116
100
157
63
31
99
177
101
182
117
207
157
82
131
149
64
6
46
233
196
208
229
3
60
201
206
237
49
131
64
39
140
221
155
210
170
69
107
16
164
190
134
42
20
100
226
179
109
30
105
29
129
224
92
21
142
23
175
84
106
41
102
254
110
72
95
32
207
226
183
132
21
23
5
191
53
41
64
144
184
97
87
185
119
3
107
144
223
46
15
111
11
98
201
17
232
169
58
30
231
82
87
205
101
166
196
30
171
141
156
20
35
105
19
111
174
228
4
11
140
123
186
77
108
163
209
137
93
94
102
143
237
41
246
82
218
116
218
154
87
216
22
248
176
154
143
132
236
141
173
32
213
139
107
126
3
251
233
78
77
162
247
184
5
92
100
205
126
121
178
88
28
107
83
228
190
183
81
193
16
37
78
41
160
137
254
243
82
73
65
75
147
76
129
172
228
73
118
119
215
193
201
49
215
187
49
92
206
136
25
53
220
119
98
13
78
82
253
10
110
250
148
251
171
197
152
147
172
186
115
145
236
196
210
243
44
69
229
133
90
172
190
70
191
137
32
176
174
252
53
47
182
233
202
185
255
71
16
139
254
174
240
6
132
10
0
202
91
151
21
73
6
246
238
111
37
27
151
250
236
226
141
101
126
169
237
148
28
56
249
80
98
230
216
215
117
194
145
70
165
153
217
90
22
131
5
181
85
154
33
8
145
181
203
198
253
115
140
45
24
156
207
113
48
210
177
92
106
82
199
72
37
43
132
79
139
202
124
82
103
104
172
157
55
244
21
139
40
50
152
252
178
211
97
64
95
146
72
128
79
191
132
85
220
183
153
215
182
150
137
22
207
13
149
157
113
76
112
70
161
231
36
252
86
150
243
138
42
112
238
126
87
207
100
189
46
253
120
83
247
219
69
65
0
116
75
191
28
108
65
223
146
220
201
142
251
106
42
120
211
7
93
241
151
18
213
226
111
217
84
241
36
176
216
100
51
55
177
147
197
86
141
78
182
60
20
57
38
64
133
43
225
238
94
172
214
179
31
14
48
102
18
3
27
177
149
200
75
108
176
50
16
64
0
55
54
213
239
22
164
149
14
218
184
90
179
213
30
231
186
237
102
69
251
73
129
247
80
222
120
14
45
203
117
6
32
192
60
145
219
86
120
170
173
130
24
164
246
61
242
62
187
17
107
68
131
222
182
163
126
175
78
39
248
70
44
194
163
250
231
244
8
16
173
220
45
91
123
203
218
183
200
126
234
61
99
253
9
87
163
234
134
232
240
242
233
167
57
77
109
87
208
63
78
42
139
43
194
5
158
204
129
243
127
12
175
4
117
213
124
242
5
108
114
66
105
214
225
185
184
48
97
3
78
204
230
57
47
222
244
31
190
17
99
59
202
50
32
150
99
53
128
117
108
69
122
18
136
137
149
254
186
123
