-325
-54
50
-80
-372
-549
-517
-519
-579
-439
-145
16
20
-10
-11
-7
-159
-441
-545
-513
-596
-707
-577
-261
-229
-430
-347
-88
25
26
-93
-10
42
22
-83
-236
-366
-385
-257
-84
15
28
5
-12
-14
10
14
-128
-362
-447
-361
-331
-303
-159
-169
-316
-262
-70
22
34
36
4
-14
-5
12
9
-5
6
42
60
37
1
-12
0
0
-13
3
20
8
19
69
87
55
45
33
-10
-1
8
-31
-24
-21
-47
-57
-33
9
36
35
19
0
-24
-43
-39
-21
-13
-11
-18
-40
-35
-11
-16
-28
-16
-6
-15
-24
-3
39
30
-8
-22
-17
6
17
22
18
-3
-9
13
11
-20
-38
-28
-9
-11
-11
6
3
-11
-21
-29
-17
3
18
19
-2
-1
26
43
59
54
16
21
9
-4
-9
-14
-22
-17
8
31
35
25
9
-13
-31
-30
-11
12
20
19
24
16
-4
-2
22
27
-4
-21
-5
19
24
27
16
6
8
16
5
-19
-16
-3
-6
2
47
115
125
47
-16
-13
7
2
-15
-10
-10
-18
5
7
-26
-28
-30
-43
-11
3
10
-4
2
14
29
24
-8
-7
9
36
230
465
361
88
-18
-19
0
7
-28
35
278
396
206
13
-12
7
-1
-29
-37
-34
-27
-13
-19
-38
-31
-17
-5
-6
-3
22
160
307
184
12
-3
-18
-32
-3
-15
3
224
392
222
23
-7
-8
-3
4
15
7
-1
15
-4
26
174
324
346
212
46
-38
-57
-52
5
142
257
221
63
-29
35
60
-130
-290
-162
-7
-3
22
123
205
-12
-10
-8
-28
26
248
483
554
540
549
408
144
23
78
301
562
656
610
389
112
157
385
317
65
-15
-2
107
371
585
685
-42
-33
-12
-11
126
342
198
-210
-286
61
335
258
96
95
125
6
-75
154
415
277
-7
-38
195
358
152
29
298
443
197
-42
6
-2
2
37
163
151
-188
-481
-550
-391
8
204
67
-95
-307
-574
-667
-414
74
251
-78
-393
-289
-57
-16
131
315
83
-358
-575
17
11
2
35
94
-2
-157
-73
-46
-170
-67
62
2
-88
-157
-153
-170
-251
-145
72
84
-35
-74
-55
5
134
193
195
360
539
26
25
1
-24
-36
-27
-29
-28
0
-16
-30
3
31
30
4
7
21
-16
-44
-19
12
6
-12
-7
-6
11
17
-23
-13
34
12
-1
-5
-13
-66
-4
147
62
1
144
120
-6
-2
25
23
-8
34
188
147
-36
-61
-14
0
14
6
-76
-153
-246
-519
-734
-39
-49
-44
-39
-106
-80
224
482
523
393
43
-176
-73
124
335
485
538
397
13
-175
-43
21
-11
12
11
-143
-221
40
286
235
23
8
-12
-43
-165
-324
-177
247
395
51
-335
-314
-164
-129
65
365
392
12
-361
-298
-64
18
11
-1
5
-101
-321
-222
273
625
22
24
39
58
-40
-305
-505
-508
-503
-552
-440
-190
-233
-545
-638
-550
-561
-593
-458
-195
-24
53
82
17
4
-4
-230
-476
-468
-329
-42
-14
11
21
25
-37
-216
-388
-436
-335
-114
21
-97
-290
-371
-404
-393
-282
-105
137
398
507
320
12
-83
-2
-9
-177
-387
-527
9
2
11
-21
-27
20
26
8
21
47
49
4
-13
41
65
32
28
42
20
67
251
318
9
-313
-234
-31
30
9
-16
-16
5
-6
17
41
26
-7
-2
32
56
43
4
-5
25
33
13
-6
-31
-22
-8
-137
-368
-552
-622
-445
-135
1
-3
-6
-1
-6
8
17
-19
7
33
-2
-7
3
1
2
3
14
-8
-47
-23
23
13
-3
28
-49
-276
-416
-337
-118
13
-20
-31
3
-3
-8
29
32
-2
-22
-18
10
9
-13
-18
-23
-27
-29
-30
-37
-31
8
29
1
-10
-3
-23
-5
43
35
-3
-15
-13
-32
-53
-40
-34
-14
13
-14
-36
-20
0
3
3
66
124
69
15
23
8
-8
17
17
-3
23
52
29
2
2
2
2
-6
-12
-7
-13
7
15
27
114
223
138
20
-7
56
300
455
291
71
5
8
-2
-16
-19
-23
-19
10
25
3
0
25
18
2
14
8
-13
46
3
11
228
426
284
33
-38
59
265
323
142
4
-18
-26
-39
-40
15
44
-25
-67
-31
-9
-16
-4
14
8
-10
-16
-10
-24
-42
29
171
218
205
209
168
51
-32
-43
4
112
172
124
48
13
-1
0
56
135
144
86
16
-37
-30
-7
-13
9
38
17
59
181
247
232
362
524
417
133
-28
101
399
600
650
571
338
85
-20
139
447
617
647
580
348
103
5
-2
1
11
3
21
6
-47
-93
-93
-102
-113
-97
-45
32
118
140
58
79
299
365
147
95
328
390
154
16
198
391
291
94
22
15
-9
-48
