0
0
50
0
0
0
0
0
0
0
0
16
20
0
0
0
0
0
0
0
0
0
0
0
0
0
0
0
25
26
0
0
42
22
0
0
0
0
0
0
15
28
5
0
0
10
14
0
0
0
0
0
0
0
0
0
0
0
22
34
36
4
0
0
12
9
0
6
42
60
37
1
0
0
0
0
3
20
8
19
69
87
55
45
33
0
0
8
0
0
0
0
0
0
9
36
35
19
0
0
0
0
0
0
0
0
0
0
0
0
0
0
0
0
0
0
39
30
0
0
0
6
17
22
18
0
0
13
11
0
0
0
0
0
0
6
3
0
0
0
0
3
18
19
0
0
26
43
59
54
16
21
9
0
0
0
0
0
8
31
35
25
9
0
0
0
0
12
20
19
24
16
0
0
22
27
0
0
0
19
24
27
16
6
8
16
5
0
0
0
0
2
47
115
125
47
0
0
7
2
0
0
0
0
5
7
0
0
0
0
0
3
10
0
2
14
29
24
0
0
9
36
230
465
361
88
0
0
0
7
0
35
278
396
206
13
0
7
0
0
0
0
0
0
0
0
0
0
0
0
0
22
160
307
184
12
0
0
0
0
0
3
224
392
222
23
0
0
0
4
15
7
0
15
0
26
174
324
346
212
46
0
0
0
5
142
257
221
63
0
35
60
0
0
0
0
0
22
123
205
0
0
0
0
26
248
483
554
540
549
408
144
23
78
301
562
656
610
389
112
157
385
317
65
0
0
107
371
585
685
0
0
0
0
126
342
198
0
0
61
335
258
96
95
125
6
0
154
415
277
0
0
195
358
152
29
298
443
197
0
6
0
2
37
163
151
0
0
0
0
8
204
67
0
0
0
0
0
74
251
0
0
0
0
0
131
315
83
0
0
17
11
2
35
94
0
0
0
0
0
0
62
2
0
0
0
0
0
0
72
84
0
0
0
5
134
193
195
360
539
26
25
1
0
0
0
0
0
0
0
0
3
31
30
4
7
21
0
0
0
12
6
0
0
0
11
17
0
0
34
12
0
0
0
0
0
147
62
1
144
120
0
0
25
23
0
34
188
147
0
0
0
0
14
6
0
0
0
0
0
0
0
0
0
0
0
224
482
523
393
43
0
0
124
335
485
538
397
13
0
0
21
0
12
11
0
0
40
286
235
23
8
0
0
0
0
0
247
395
51
0
0
0
0
65
365
392
12
0
0
0
18
11
0
5
0
0
0
273
625
22
24
39
58
0
0
0
0
0
0
0
0
0
0
0
0
0
0
0
0
0
53
82
17
4
0
0
0
0
0
0
0
11
21
25
0
0
0
0
0
0
21
0
0
0
0
0
0
0
137
398
507
320
12
0
0
0
0
0
0
9
2
11
0
0
20
26
8
21
47
49
4
0
41
65
32
28
42
20
67
251
318
9
0
0
0
30
9
0
0
5
0
17
41
26
0
0
32
56
43
4
0
25
33
13
0
0
0
0
0
0
0
0
0
0
1
0
0
0
0
8
17
0
7
33
0
0
3
1
2
3
14
0
0
0
23
13
0
28
0
0
0
0
0
13
0
0
3
0
0
29
32
0
0
0
10
9
0
0
0
0
0
0
0
0
8
29
1
0
0
0
0
43
35
0
0
0
0
0
0
0
0
13
0
0
0
0
3
3
66
124
69
15
23
8
0
17
17
0
23
52
29
2
2
2
2
0
0
0
0
7
15
27
114
223
138
20
0
56
300
455
291
71
5
8
0
0
0
0
0
10
25
3
0
25
18
2
14
8
0
46
3
11
228
426
284
33
0
59
265
323
142
4
0
0
0
0
15
44
0
0
0
0
0
0
14
8
0
0
0
0
0
29
171
218
205
209
168
51
0
0
4
112
172
124
48
13
0
0
56
135
144
86
16
0
0
0
0
9
38
17
59
181
247
232
362
524
417
133
0
101
399
600
650
571
338
85
0
139
447
617
647
580
348
103
5
0
1
11
3
21
6
0
0
0
0
0
0
0
32
118
140
58
79
299
365
147
95
328
390
154
16
198
391
291
94
22
15
0
0
