6
36
40
42
45
0
0
0
0
0
0
0
0
0
0
0
0
0
86
134
108
93
83
73
0
0
0
24
18
15
48
0
0
0
61
65
0
0
0
0
0
0
0
0
0
0
4
26
20
16
11
7
7
0
0
19
35
45
41
0
0
0
0
0
0
0
13
0
0
0
0
0
0
0
0
0
0
0
0
0
0
38
38
33
3
0
0
0
46
78
27
63
88
0
0
0
34
56
44
0
0
0
0
0
0
25
13
0
0
0
2
62
45
25
28
0
0
21
12
0
0
0
0
0
0
0
0
0
0
0
0
13
54
15
0
0
0
0
0
0
0
0
22
0
0
0
0
18
12
56
105
94
147
203
67
0
0
16
72
58
135
267
287
151
0
0
0
0
33
8
2
4
17
12
0
0
0
0
0
0
0
0
0
4
13
0
6
0
0
0
0
0
0
36
107
31
0
0
0
0
0
8
152
146
22
0
0
0
0
38
50
97
107
146
269
234
0
0
31
108
27
0
0
115
313
253
80
0
0
0
0
11
13
0
0
0
0
0
0
0
0
0
0
48
63
66
89
81
0
11
32
16
0
0
0
45
119
33
0
0
0
0
0
57
178
104
0
0
2
39
30
25
79
128
145
213
233
65
0
0
116
107
15
0
0
0
182
284
165
5
0
0
0
33
29
13
0
0
0
0
0
15
17
28
38
0
0
0
23
29
0
12
49
61
23
0
31
100
75
0
0
0
0
0
0
112
219
121
14
21
53
52
16
13
80
148
198
223
137
16
17
105
119
83
13
0
0
0
42
272
253
87
0
0
0
4
42
49
34
0
0
0
0
0
19
26
0
0
0
0
0
0
56
28
0
0
0
0
83
137
45
0
0
0
0
0
4
145
211
112
24
26
31
12
0
0
59
161
198
158
83
72
116
105
73
10
0
0
0
0
0
234
299
172
13
0
0
0
0
0
0
0
46
45
0
0
27
24
0
7
8
0
0
0
24
0
0
0
0
1
42
105
44
0
0
0
0
0
29
164
153
57
14
15
8
0
0
0
36
137
172
104
51
78
113
82
5
0
0
0
0
0
0
143
315
260
95
0
0
0
0
0
0
8
32
39
10
0
0
0
10
71
74
3
0
0
6
21
0
0
14
25
46
63
7
0
0
0
0
0
72
195
129
24
5
6
0
0
0
0
5
54
91
48
0
0
7
0
0
0
0
0
20
0
0
10
246
308
182
21
0
0
0
0
13
16
0
0
0
0
0
0
15
39
38
38
14
0
0
0
0
0
0
64
134
59
0
0
0
0
0
0
122
231
138
22
2
0
0
0
0
0
0
0
5
0
0
0
0
0
0
0
0
15
0
0
0
0
84
299
259
99
0
0
0
0
0
0
18
6
0
0
0
0
5
23
39
47
25
8
0
0
0
0
0
41
123
43
0
0
0
0
0
9
157
195
93
12
0
0
0
0
0
0
0
0
0
0
0
0
0
0
0
0
0
0
0
0
0
0
0
212
293
183
27
0
0
0
10
1
7
22
44
42
37
24
0
0
0
25
52
64
0
0
0
0
0
44
113
39
0
0
0
0
0
45
167
121
30
4
0
0
0
0
0
0
0
0
0
0
0
0
0
0
19
14
0
0
18
26
0
0
0
63
288
260
109
0
0
0
0
7
0
41
99
83
54
56
22
0
0
0
4
3
0
0
44
57
76
128
88
0
0
0
0
0
0
93
194
106
10
0
0
0
0
0
0
0
0
0
0
0
0
0
54
70
35
17
37
74
75
57
52
0
0
0
203
295
191
37
0
0
0
0
0
11
6
0
0
0
0
7
2
0
0
3
23
36
40
58
123
126
25
0
0
0
0
0
2
132
194
91
6
1
0
0
0
0
0
0
0
0
0
0
0
67
101
80
71
92
118
97
39
6
21
25
0
0
77
290
264
114
0
0
0
0
19
0
0
0
0
0
1
21
28
29
68
98
0
22
23
0
54
113
35
0
0
0
0
0
24
142
119
0
0
0
4
6
9
0
0
0
0
0
0
0
0
0
16
7
0
0
4
0
0
0
0
0
0
0
0
199
304
203
44
0
0
0
0
0
0
0
0
0
0
0
0
0
0
0
20
11
29
59
100
99
20
0
0
0
0
0
64
168
59
0
0
0
0
0
0
0
0
0
0
0
0
0
0
0
0
0
0
0
0
0
0
49
51
0
0
0
0
65
284
266
117
0
0
0
0
0
0
0
0
0
0
20
18
0
0
0
69
30
0
51
98
31
0
0
0
0
0
0
102
197
73
0
0
0
0
0
0
0
0
0
0
0
0
0
0
0
0
0
0
0
0
0
0
12
36
41
8
0
0
0
173
293
205
50
0
0
0
2
13
30
44
30
11
17
24
5
0
0
11
20
0
31
91
26
0
0
0
0
0
3
132
173
48
0
0
0
0
0
0
0
0
0
0
0
0
0
0
0
0
0
0
0
0
0
0
0
0
0
0
0
0
0
23
275
273
129
0
0
0
0
0
26
60
62
31
0
0
0
0
0
22
4
0
57
117
44
0
0
0
0
0
39
162
127
0
0
0
5
7
17
50
82
81
67
68
58
36
27
17
18
56
91
83
52
44
49
20
0
0
0
0
0
0
0
0
171
301
216
60
0
0
0
7
22
22
23
45
21
10
64
64
45
8
8
30
85
69
4
0
0
0
0
0
85
196
107
0
0
19
23
6
8
14
17
14
13
16
15
7
0
0
0
0
33
36
37
82
79
16
0
0
0
0
1
41
0
0
30
271
277
138
0
0
0
0
51
17
0
0
4
36
77
107
91
0
0
35
83
22
0
0
0
0
0
1
124
199
77
0
0
14
3
0
0
0
2
5
5
4
0
0
0
0
0
9
12
0
0
0
0
0
4
56
58
38
27
21
0
0
0
155
299
224
65
0
0
0
0
0
0
0
11
72
55
50
61
0
0
3
104
42
0
0
0
0
0
24
148
145
8
0
0
0
0
0
0
0
0
7
5
2
0
0
23
49
41
23
0
0
13
39
66
75
67
78
123
141
107
54
0
0
0
5
261
283
150
0
0
0
0
0
0
0
0
0
0
0
0
0
0
23
92
33
0
0
0
0
0
58
171
116
0
0
0
0
0
0
0
0
0
0
3
4
3
0
4
35
30
0
0
0
0
5
7
4
13
14
7
0
2
27
7
0
0
0
151
303
238
79
0
0
0
0
0
0
0
0
0
0
0
24
64
118
58
0
0
0
0
0
0
99
200
114
0
0
0
0
0
0
0
0
0
0
2
4
3
0
0
0
0
0
0
0
0
0
0
0
0
0
0
0
0
0
0
0
0
0
15
254
286
158
2
0
0
20
138
127
80
40
0
0
4
0
83
183
63
0
0
0
0
0
2
132
182
66
0
0
0
6
2
0
0
0
4
1
0
3
4
0
0
0
0
10
37
57
0
0
27
47
34
21
13
17
12
8
33
18
0
0
0
115
293
240
85
0
0
0
31
0
0
0
0
0
12
0
103
145
36
0
0
0
0
0
31
153
128
0
0
46
54
10
0
0
0
1
4
3
0
0
0
1
0
0
0
46
52
28
22
15
18
32
31
20
0
0
0
0
0
0
0
0
0
0
239
286
165
12
0
0
0
0
29
52
60
33
0
0
92
80
0
0
0
0
0
0
77
191
123
0
0
0
55
44
10
0
0
3
5
9
5
0
0
13
45
38
0
0
0
29
29
12
0
0
0
0
0
0
0
0
0
0
0
0
0
0
97
290
244
91
0
0
0
51
136
160
119
56
29
7
60
24
0
0
0
0
0
0
123
209
117
0
0
0
0
0
0
0
0
0
3
8
7
4
5
0
0
0
0
0
0
0
0
6
0
0
0
45
61
81
129
109
52
53
38
0
0
0
0
234
290
174
19
0
0
0
12
0
11
48
75
87
117
37
0
0
0
0
0
21
152
163
45
0
0
0
0
0
0
0
0
0
0
4
6
5
3
0
0
0
0
0
0
0
0
0
0
13
24
0
0
0
5
0
0
68
114
53
0
0
0
107
293
252
97
0
0
0
0
0
8
38
0
115
140
38
0
0
0
0
0
52
167
117
0
0
0
0
0
0
0
0
0
0
0
5
6
0
0
9
34
43
13
0
0
26
39
51
48
21
0
0
0
0
0
0
0
0
30
28
7
0
0
0
217
292
181
26
0
0
0
0
0
0
0
125
68
0
0
0
0
0
0
97
198
120
0
0
0
0
0
0
2
0
2
4
5
5
1
0
0
4
18
10
0
0
5
26
0
0
0
0
0
8
32
30
11
41
57
1
0
0
0
0
0
0
85
288
257
106
0
0
0
0
0
0
0
81
20
0
0
0
0
0
3
131
190
101
0
0
0
9
11
13
8
8
16
15
11
3
0
0
0
0
0
0
0
0
0
0
0
0
0
14
26
18
12
18
0
0
10
0
0
0
20
7
0
0
0
211
299
192
34
0
0
0
0
0
0
128
36
0
0
0
0
0
29
154
140
36
0
0
0
0
0
0
0
12
15
11
6
3
1
1
0
0
4
0
0
0
29
33
34
34
62
40
0
0
6
8
33
0
0
0
0
20
119
114
2
0
0
61
292
270
119
0
0
0
0
0
0
125
18
0
0
0
0
0
70
184
120
0
0
0
0
3
0
0
0
0
0
0
4
8
10
12
11
8
7
0
3
25
45
43
19
32
56
56
58
46
61
115
171
124
13
0
1
10
9
15
31
0
0
0
194
298
205
46
0
0
0
73
58
39
0
0
0
0
0
0
109
199
110
0
0
23
54
56
72
47
15
8
4
0
0
2
3
2
3
0
0
27
57
55
29
22
0
0
0
24
35
13
4
39
29
44
83
87
75
8
0
13
8
0
0
0
59
274
265
122
0
0
0
0
15
29
0
0
0
0
0
13
144
169
74
0
0
0
17
35
49
36
34
55
50
14
0
0
0
0
0
0
6
10
0
6
0
0
0
0
0
0
0
0
0
0
0
0
55
58
30
9
5
0
0
0
0
0
0
184
294
210
56
0
0
0
67
29
0
0
0
0
0
55
173
128
23
0
0
0
16
19
0
0
0
9
10
6
8
6
3
6
7
7
8
15
25
16
0
0
0
0
0
0
35
26
0
0
0
0
0
0
19
65
64
8
23
89
65
0
0
60
277
278
133
0
0
0
0
0
0
0
0
0
0
93
198
119
0
0
0
33
36
0
0
5
0
0
0
0
6
3
6
10
7
5
2
25
41
0
0
81
137
86
9
0
0
22
26
0
0
0
0
0
0
0
0
17
0
0
9
0
0
0
160
298
217
60
0
0
0
0
0
0
0
0
2
127
190
100
0
0
0
38
0
0
0
32
8
0
0
5
1
0
0
0
0
0
0
0
15
0
0
65
131
101
23
0
0
36
58
0
0
0
0
0
0
0
0
9
0
0
0
0
0
0
26
263
280
144
0
0
0
0
0
0
0
0
25
149
146
56
0
0
0
0
0
0
17
7
8
9
9
5
0
0
0
0
0
0
0
0
24
80
75
9
0
37
109
95
60
47
8
28
80
94
94
49
7
0
0
0
30
18
0
0
0
0
0
146
301
232
72
0
0
0
0
0
0
0
67
178
122
21
0
0
0
0
28
67
37
0
0
4
0
0
0
0
0
0
0
0
5
0
0
0
5
0
0
12
60
62
36
0
0
33
37
19
26
10
0
0
0
0
0
26
15
59
42
0
0
24
254
284
154
0
0
0
0
0
0
0
111
203
117
0
0
0
0
0
0
0
0
0
0
0
0
0
0
0
0
0
0
0
0
0
0
0
0
0
0
0
0
0
22
0
8
21
0
19
37
14
0
0
0
1
49
74
55
74
79
0
0
0
143
292
234
79
0
0
0
0
0
6
138
176
81
0
0
0
0
0
0
0
14
0
0
0
0
0
1
2
3
9
11
0
0
0
12
43
60
37
0
0
0
0
0
14
15
14
69
104
55
45
68
45
7
0
14
87
102
13
0
0
0
0
16
252
286
160
5
0
0
0
0
45
165
130
34
0
0
0
44
45
35
32
26
15
9
3
0
0
6
8
8
16
15
0
0
0
11
12
0
0
0
0
0
0
0
42
49
12
1
13
10
5
13
37
61
52
6
0
25
40
47
37
0
0
0
127
299
244
86
0
0
0
0
89
198
124
17
0
0
0
58
69
43
0
0
31
33
0
0
0
2
8
9
8
6
20
39
38
35
28
0
0
11
48
28
36
41
53
58
34
0
0
0
59
63
53
32
17
0
0
0
3
36
32
6
0
0
0
243
290
168
0
0
0
0
125
197
110
8
0
0
0
0
0
0
0
0
0
0
0
2
2
0
5
7
0
0
30
67
70
51
14
0
0
21
58
60
58
43
35
37
48
46
0
0
0
44
22
0
0
0
0
0
0
0
0
0
0
0
0
102
292
251
0
0
0
24
148
148
57
0
0
0
1
42
0
0
28
7
0
0
5
2
1
0
1
7
3
0
0
0
0
0
0
0
0
0
0
0
3
11
0
0
0
0
0
0
0
0
0
0
0
0
0
0
0
0
0
0
0
0
0
0
228
292
0
0
0
60
170
120
21
0
0
0
58
52
11
0
5
41
4
0
0
0
0
0
0
5
13
10
1
6
13
38
94
93
55
36
0
0
0
0
0
0
0
0
28
33
41
50
77
112
60
0
0
0
35
47
27
0
0
0
0
0
96
288
0
0
0
104
204
127
21
0
0
0
0
0
21
27
17
41
21
0
0
0
0
0
0
3
8
13
4
2
7
1
0
7
81
106
52
0
0
0
0
0
0
63
99
54
0
0
0
84
118
123
108
70
79
83
25
31
84
72
0
0
0
222
0
0
1
137
185
93
13
0
0
0
0
0
22
51
27
11
28
11
0
0
0
0
0
0
0
0
0
0
0
0
0
0
0
15
105
149
41
0
15
13
0
0
0
0
0
0
0
0
0
15
20
31
37
21
2
11
28
45
0
0
0
90
0
0
37
157
131
37
0
0
0
0
0
0
0
0
0
0
0
1
0
0
0
0
0
0
0
0
13
0
0
10
0
0
0
0
14
56
0
0
47
87
5
0
0
0
74
65
19
0
0
0
0
0
0
0
8
40
0
0
0
0
0
0
0
0
89
199
125
18
0
0
0
0
39
33
2
0
0
0
0
0
8
12
12
6
0
0
4
11
6
5
0
0
0
0
35
55
19
0
0
0
15
37
30
0
0
0
0
0
4
0
0
0
22
0
0
0
56
50
0
0
0
0
0
0
0
0
125
208
119
18
0
0
0
0
13
0
0
0
0
40
39
22
16
21
30
21
9
7
8
2
0
0
0
0
0
0
0
14
43
105
151
90
0
0
0
54
56
0
0
0
0
0
0
52
101
94
51
16
10
7
0
22
69
76
0
0
0
21
145
152
65
8
0
0
0
0
0
0
0
0
0
0
0
0
4
14
26
22
9
5
1
0
0
7
16
4
0
0
0
0
0
0
0
1
0
0
0
0
0
15
44
26
0
0
41
15
0
0
0
0
0
0
48
51
68
21
0
0
0
61
172
123
28
0
0
0
0
0
0
0
0
0
0
0
0
0
3
11
14
10
5
1
0
0
0
18
59
95
94
28
0
30
0
0
0
0
18
93
84
27
16
11
0
0
0
22
0
0
0
9
20
0
0
0
0
0
0
0
46
6
0
100
199
123
19
0
0
11
102
100
74
45
0
0
40
64
12
9
14
5
4
3
0
0
0
0
5
15
0
0
5
69
132
146
75
34
54
50
49
66
20
10
70
76
29
5
23
10
0
0
0
0
51
68
47
0
0
0
0
0
9
0
1
129
181
92
8
0
0
0
52
48
82
139
127
95
133
133
55
6
0
0
0
2
4
4
9
10
9
0
0
0
0
0
16
17
37
39
70
121
83
0
0
0
12
33
0
17
53
55
56
57
7
0
0
29
63
41
0
0
0
0
15
40
32
152
135
47
4
0
0
0
0
0
0
53
120
107
52
19
0
0
0
0
0
2
10
13
9
1
0
0
0
0
0
0
0
0
7
56
17
7
42
31
22
34
11
0
0
12
55
45
70
70
90
130
37
0
0
0
0
0
2
44
27
12
80
193
125
22
0
0
0
0
15
49
35
0
0
0
0
0
0
0
1
0
0
0
5
12
8
0
0
4
44
53
0
0
0
9
36
10
0
0
0
0
0
4
0
0
42
0
0
0
0
0
0
50
0
0
0
0
0
0
0
0
0
0
125
213
122
17
0
0
0
0
0
0
9
11
0
3
33
26
17
2
0
0
0
0
0
0
0
0
0
5
69
137
112
0
0
0
33
18
11
0
0
0
0
0
0
0
0
0
0
0
0
0
0
0
0
22
0
0
0
0
0
0
0
0
145
161
73
9
0
0
0
0
0
0
0
0
0
3
42
20
6
0
0
0
0
0
0
0
0
5
0
0
0
44
118
109
48
0
0
34
79
96
83
93
106
53
0
0
0
12
76
35
0
0
0
0
0
0
0
0
0
52
86
81
33
0
165
119
31
4
0
0
0
64
43
33
0
0
0
0
0
0
5
0
0
0
0
0
0
0
0
12
21
45
67
9
0
57
90
44
16
21
19
22
46
76
119
103
55
31
0
0
18
31
14
0
0
0
0
0
0
0
0
13
91
103
0
0
