28
22
-26
-14
-1
96
192
56
214
268
17
-50
-187
-128
120
23
0
175
132
50
22
-7
-17
-27
-276
-549
-243
114
120
201
352
209
-204
-295
43
235
-9
-335
-356
-144
109
56
-82
5
58
3
6
32
-34
8
47
-11
-7
-3
-34
-29
23
43
-9
-43
-24
14
72
20
-24
-3
7
10
21
8
353
353
-54
-112
-405
-284
95
12
250
485
251
46
0
-5
-59
-32
-396
-566
-66
102
75
279
332
11
-270
-88
136
168
-62
-551
-549
-191
105
303
157
-3
37
3
26
31
8
22
11
1
-16
-46
-5
13
-12
22
-7
-79
-22
42
53
12
-3
22
23
-5
-33
45
406
295
-110
-159
-536
-388
-46
-72
554
768
276
33
-21
0
-41
-44
-436
-474
9
48
131
315
185
-227
-193
120
140
172
-1
-555
-683
-303
-1
307
344
88
-9
-14
20
36
63
22
-33
7
-14
-72
-2
33
-44
2
15
-56
-17
26
-14
4
34
20
30
7
-41
152
411
175
-119
-231
-548
-399
-121
6
748
788
168
0
-45
32
46
-48
-426
-393
-13
98
257
210
-96
-276
5
176
59
120
120
-329
-691
-491
-142
140
392
238
-3
-3
5
40
56
3
-42
9
-3
-61
-21
5
-2
40
9
-26
-15
-17
-45
21
50
-12
1
-2
-24
309
399
25
-123
-352
-499
-326
-143
207
812
644
74
-14
-20
63
72
-39
-369
-354
-25
217
281
-17
-272
-124
128
121
-59
-61
197
-23
-524
-616
-309
-15
296
350
113
9
-9
25
35
-8
-42
25
12
-45
-33
-6
36
30
2
10
1
-35
-42
66
63
-29
-61
-17
45
410
347
-87
-134
-477
-451
-211
-151
420
827
457
40
5
27
52
38
-13
-274
-332
20
265
167
-192
-249
23
117
87
-187
-253
200
187
-242
-566
-497
-153
125
382
278
40
-6
13
12
-39
-65
24
57
-20
-31
10
-8
-37
22
45
3
-27
-42
64
70
-36
-97
-3
165
413
227
-119
-176
-548
-425
-127
-82
609
811
276
26
28
41
18
15
9
-163
-273
48
222
49
-206
-190
41
81
24
-322
-317
173
271
52
-394
-623
-320
-29
286
386
155
-22
-4
9
-32
-52
-19
59
30
-9
-8
-58
-47
18
30
12
0
-50
15
44
-42
-57
5
284
411
76
-117
-281
-536
-372
-117
69
734
741
151
20
37
30
-4
9
19
-60
-173
20
142
1
-142
-175
-16
29
-145
-388
-202
121
262
292
-161
-619
-506
-167
111
388
305
-15
-18
27
12
-8
-57
6
60
13
-38
-38
7
-32
-39
32
21
-38
-11
2
-31
0
-11
362
413
-43
-125
-419
-476
-270
-147
266
795
603
88
21
38
16
-12
10
23
-7
-76
-5
56
-23
-96
-165
-119
-106
-242
-289
-41
70
143
409
118
-490
-628
-336
-43
272
391
94
-2
43
14
-19
-73
9
70
0
-37
13
41
-64
-78
12
17
-12
-37
-28
-16
38
52
390
327
-104
-147
-514
-436
-169
-134
472
821
418
52
18
35
12
-13
10
21
0
-27
-5
0
-137
-187
-149
-182
-187
-120
-99
3
41
17
362
340
-230
-611
-519
-181
97
377
248
17
39
47
-26
-112
29
94
-19
-26
45
51
-59
-75
-37
16
-19
-77
-35
-1
54
201
393
169
-118
-210
-536
-410
-121
-27
643
797
247
26
7
23
18
-5
5
12
-5
-15
2
-19
-312
-402
-153
-90
-98
2
17
-21
3
-22
200
440
114
-464
-625
-345
-55
255
362
105
8
95
-9
-126
30
102
-19
-40
34
57
-29
-57
-50
24
-39
-65
-34
0
58
356
389
19
-120
-333
-503
-338
-129
151
735
697
154
12
-4
1
12
11
9
2
-10
-6
11
-23
-401
-524
-151
13
-7
2
21
-14
2
-32
31
393
365
-191
-592
-516
-191
80
366
269
29
75
-3
-63
47
67
-18
-52
-24
16
17
-18
-34
19
-49
5
-6
-25
100
450
324
-79
-130
-465
-463
-225
-140
349
760
538
126
3
-8
-17
-23
2
37
18
-13
3
17
-28
-419
-506
-104
14
-13
-15
27
18
5
-45
-40
210
419
141
-435
-609
-353
-69
236
374
145
25
32
-3
40
31
-26
-34
-52
-21
34
2
-25
17
-47
52
20
-20
179
426
207
-111
-162
-539
-442
-136
-88
530
742
365
118
-5
-8
-22
-66
-63
66
79
-11
-6
8
-28
-382
-435
-79
-16
-27
2
56
5
-39
-52
-23
81
317
334
-169
-570
-522
-204
61
352
296
52
43
3
12
18
-12
-22
-37
-5
20
9
8
22
-24
76
1
-11
294
373
81
-114
-256
-536
-390
-113
42
648
663
203
123
35
-6
-22
-81
-122
50
123
6
-25
-19
-51
-316
-344
-84
-41
-27
29
62
-47
-59
-45
-13
79
157
351
130
-407
-606
-371
-84
216
388
190
2
-11
-3
5
33
-22
-33
-1
-2
33
48
20
-18
95
1
-9
392
333
-36
-123
-400
-487
-281
-132
220
692
487
-11
155
182
-25
-52
-131
-200
-38
99
62
72
19
-143
-274
-206
-58
-53
-32
27
57
-41
-24
-9
-45
30
70
300
309
-133
-556
-540
-223
47
354
323
24
-15
-17
-16
54
-5
-3
-2
-28
34
27
-2
-25
54
17
69
402
255
-95
-145
-513
-446
-171
-126
408
703
243
-231
203
323
-92
-129
-264
-358
-167
52
175
314
159
-215
-228
-72
-57
-36
5
20
9
11
37
16
-44
-51
48
189
333
155
-383
-611
-389
-94
204
379
158
-2
-25
-12
48
-2
21
21
-46
7
-2
-37
-7
6
-7
197
381
144
-104
-203
-545
-415
-119
-45
566
681
16
-327
258
349
-160
-184
-346
-453
-262
20
288
479
259
-228
-206
-7
-98
-34
62
7
-77
48
102
-3
3
-30
-18
57
261
343
-77
-545
-545
-237
32
336
301
56
-22
30
54
-20
-11
11
-47
-5
-1
-32
6
-16
-28
325
373
14
-110
-317
-517
-346
-123
111
662
591
-165
-340
343
341
-183
-181
-326
-446
-303
5
334
492
266
-235
-219
24
-90
-41
65
-26
-110
59
106
-44
4
19
-68
16
135
378
257
-359
-603
-408
-108
187
369
188
-13
64
54
-17
-23
-49
-16
24
-30
-3
16
-44
8
411
331
-82
-125
-448
-479
-237
-133
301
706
423
-282
-309
417
327
-184
-168
-300
-437
-316
3
340
475
253
-240
-241
25
-32
-11
30
-21
-78
29
44
-61
-25
-10
-34
67
67
253
404
-60
-531
-559
-252
18
323
327
72
65
19
-15
-3
-72
28
75
-51
-17
23
-55
101
421
244
-113
-157
-531
-454
-144
-93
482
711
207
-334
-236
440
297
-178
-169
-295
-434
-319
5
340
469
248
-271
-262
48
17
-4
-5
11
-54
-4
9
-30
-6
-72
2
89
79
111
342
224
-339
-601
-424
-123
169
385
243
55
-12
-31
-2
-3
52
75
-26
-47
-19
-72
247
424
118
-117
-243
-540
-402
-112
24
612
653
6
-371
-163
461
289
-171
-176
-291
-422
-321
5
336
462
251
-273
-269
71
27
-37
-9
33
-39
2
7
-9
36
-67
-5
51
58
29
187
359
-29
-511
-567
-272
2
317
359
91
-28
-50
8
84
64
40
-2
-19
-64
-99
397
444
-23
-119
-382
-501
-295
-128
194
679
528
-152
-385
-114
479
324
-176
-181
-288
-412
-318
5
334
457
248
-234
-251
40
10
-83
-1
80
-19
11
4
-5
44
-37
-28
46
35
-35
40
363
255
-311
-593
-444
-139
152
374
197
-54
-43
47
106
62
-6
-2
54
-78
-62
468
382
-100
-132
-503
-463
-180
-127
377
710
356
-291
-357
-55
463
364
-181
-185
-289
-408
-312
8
334
455
233
-218
-228
9
-6
-102
-4
86
-26
7
19
0
42
-14
-59
67
65
-70
-13
271
360
-21
-492
-578
-292
-14
298
325
36
-12
45
74
36
-76
9
112
-76
101
459
211
-112
-190
-545
-427
-119
-52
538
700
164
-390
-316
15
450
368
-179
-189
-287
-404
-315
12
337
452
205
-240
-207
35
-20
-59
-17
3
-5
29
31
-14
45
3
-69
56
98
-63
-40
132
324
243
-271
-589
-462
-155
135
379
247
7
-21
23
9
-72
54
130
-27
297
405
36
-117
-307
-512
-352
-124
95
643
620
0
-384
-254
8
442
357
-179
-185
-281
-402
-321
12
338
451
191
-277
-197
98
-6
-40
-40
-46
17
66
28
-25
32
-35
-56
14
112
-9
-69
50
196
363
41
-473
-584
-309
-28
292
377
80
-42
17
0
-24
47
88
71
412
320
-70
-125
-438
-468
-241
-141
277
697
473
-142
-323
-153
-27
422
328
-176
-176
-277
-401
-319
3
332
456
211
-273
-226
94
25
-27
-47
-45
-8
47
10
-14
54
-66
-69
-17
95
10
-41
56
64
340
287
-235
-582
-478
-165
119
381
247
33
70
-6
-51
-16
49
169
460
224
-109
-147
-520
-448
-149
-105
459
715
295
-273
-310
-57
-14
417
303
-174
-172
-273
-397
-314
-7
328
461
214
-270
-239
57
37
0
-52
-24
-16
-6
-13
30
105
-67
-63
5
29
-22
-1
46
-10
206
395
83
-460
-590
-322
-41
277
381
176
84
-13
-69
-24
57
255
457
111
-116
-228
-529
-404
-117
9
600
671
129
-329
-327
-16
5
416
321
-184
-175
-266
-389
-310
-10
327
461
194
-289
-216
48
24
-31
-40
32
-16
-23
-5
60
82
-58
-15
23
-37
-4
64
12
-95
53
404
310
-233
-575
-494
-179
102
380
336
94
-9
-24
-2
23
363
404
-18
-121
-367
-494
-303
-130
178
677
555
-5
-322
-322
-29
30
424
344
-199
-176
-260
-380
-305
-12
322
459
201
-284
-205
15
-4
-34
-6
63
-9
-36
-3
40
22
-23
-27
3
-40
45
149
12
-158
-21
289
370
72
-435
-600
-339
-54
256
420
189
-12
10
-1
-17
429
306
-101
-133
-490
-461
-190
-130
361
710
394
-130
-312
-267
-67
58
456
342
-204
-172
-258
-375
-303
-17
312
459
232
-276
-212
-33
-16
29
-6
47
-10
-62
17
25
10
18
-84
-9
7
51
139
0
-157
-48
141
343
319
-183
-574
-507
-192
83
383
310
28
14
-8
-9
435
182
-115
-184
-541
-428
-124
-63
525
706
231
-245
-316
-175
-85
65
477
328
-194
-170
-259
-377
-309
-23
302
462
245
-273
-233
-43
-10
55
-14
12
-38
-32
68
20
16
30
-92
-43
59
42
46
-11
-109
-48
61
226
404
130
-423
-601
-356
-68
241
379
148
-4
-32
16
418
46
-110
-300
-520
-354
-122
77
638
638
106
-335
-352
-83
-53
43
488
339
-182
-171
-263
-382
-315
-27
299
461
243
-262
-272
-30
23
47
-5
-10
-50
34
40
-22
62
14
-68
-65
30
29
-17
26
8
-13
8
46
316
360
-143
-562
-524
-209
65
356
270
12
-39
48
329
-64
-120
-438
-474
-244
-142
256
698
500
1
-393
-362
-5
-15
-3
502
367
-178
-170
-263
-382
-314
-28
302
455
244
-257
-302
-17
65
55
-11
-27
-20
56
-4
-58
98
29
-27
-25
-96
-25
-19
59
92
1
-5
-37
125
414
182
-402
-602
-375
-86
221
357
144
-17
36
199
-104
-154
-530
-446
-152
-115
439
719
326
-100
-385
-299
14
10
-28
483
369
-178
-172
-263
-377
-310
-29
304
453
233
-244
-291
5
63
51
-16
-91
29
78
2
-51
57
76
15
-21
-132
-61
-5
47
46
15
23
-54
-18
341
382
-139
-546
-533
-230
46
350
308
45
-3
75
-109
-234
-544
-405
-119
-9
586
687
174
-191
-353
-215
3
41
-29
446
372
-167
-192
-286
-374
-307
-31
305
455
221
-220
-280
11
64
2
-26
-130
41
100
-1
-36
2
89
55
-16
-53
-45
-14
16
-11
37
15
-59
-48
200
428
144
-382
-596
-394
-100
207
386
207
9
-37
-119
-364
-506
-313
-131
157
669
584
77
-284
-360
-118
42
23
-48
453
390
-151
-212
-306
-372
-310
-31
308
455
221
-210
-279
7
68
-51
-57
-116
42
84
27
-5
-56
55
94
21
-30
-9
-19
15
15
6
-32
-5
-11
63
336
303
-124
-527
-546
-247
30
346
379
115
-97
-134
-489
-471
-199
-132
343
706
423
0
-345
-333
-27
48
-35
-43
475
376
-157
-202
-287
-372
-315
-26
310
451
223
-214
-245
-1
9
-22
-17
-113
2
45
57
32
-68
12
71
3
-56
24
19
29
45
8
-57
5
38
19
161
314
147
-334
-600
-419
-114
193
429
271
-108
-180
-550
-437
-122
-72
511
706
254
-96
-361
-225
2
-39
-57
32
480
328
-169
-178
-263
-383
-317
-20
309
447
232
-233
-200
-9
-68
52
87
-95
-97
-11
37
60
-2
-28
-7
-31
-35
35
33
18
29
78
-29
-64
44
23
41
236
323
-40
-519
-564
-262
18
344
375
-114
-289
-534
-363
-114
59
629
648
132
-199
-365
-123
-28
-76
-25
73
483
302
-169
-169
-261
-394
-319
-22
305
449
250
-263
-178
32
-80
59
91
-65
-97
-17
-17
78
27
-74
-6
-30
0
28
-23
5
3
81
43
-76
-12
-4
2
135
367
233
-314
-597
-434
-128
173
401
-126
-423
-482
-253
-139
231
692
526
63
-271
-366
-67
-51
-26
13
23
478
312
-170
-172
-267
-395
-318
-29
300
455
261
-269
-191
57
-30
23
22
-37
-10
16
-62
62
-31
-63
69
-49
15
20
-76
-2
-8
24
94
-4
-70
-21
31
36
253
382
-26
-500
-570
-282
1
325
-152
-517
-444
-154
-122
411
715
361
4
-327
-373
-20
-8
-14
17
-1
459
331
-170
-175
-270
-393
-316
-31
297
461
254
-246
-232
12
31
40
-35
-25
40
16
-20
18
-89
14
71
-77
53
7
-102
-13
-9
2
113
77
-100
-21
94
-39
73
392
221
-303
-588
-452
-143
153
-230
-541
-401
-111
-26
564
692
203
-68
-371
-382
12
54
-38
43
12
421
354
-171
-176
-263
-389
-318
-27
299
463
229
-229
-249
-4
75
72
-91
-77
45
17
63
0
-98
51
46
-27
66
-37
-91
-20
-33
-11
120
144
-69
-56
59
-43
-14
267
350
-22
-484
-580
-296
-17
-360
-507
-313
-124
133
657
602
102
-143
-375
-337
26
69
-47
74
4
391
367
-179
-180
-250
-382
-322
-22
308
455
183
-226
-222
33
70
53
-89
-154
24
41
98
44
-68
29
30
33
53
-76
-67
-13
-39
-19
100
144
-11
-65
-6
-15
-43
91
354
239
-269
-589
-468
-158
-480
-466
-201
-135
319
700
450
51
-223
-374
-220
52
55
-69
14
43
423
331
-183
-187
-242
-374
-322
-21
314
446
170
-223
-206
55
42
-6
-56
-129
-8
52
110
75
-27
0
-2
14
40
-24
-57
-11
-27
-28
85
67
-11
-4
15
4
-76
-6
230
348
39
-475
-590
-316
-539
-434
-122
-83
493
707
282
10
-312
-380
-94
44
41
-50
-73
85
482
294
-180
-188
-242
-370
-315
-25
308
447
218
-215
-212
39
14
-50
-48
-39
-24
50
118
57
-5
-15
0
-30
-23
51
-20
2
-72
-59
103
-13
-8
56
15
-1
-56
-7
77
313
286
-246
-582
-487
-528
-367
-108
44
616
656
155
-38
-413
-339
33
-12
2
17
-78
39
505
314
-183
-184
-247
-371
-305
-27
297
446
253
-211
-220
26
-4
-67
-62
-10
-26
80
139
29
-5
-35
4
-41
-77
61
28
23
-103
-65
103
-57
10
87
-26
-1
-9
-39
22
202
372
76
-452
-594
-481
-255
-132
212
682
540
81
-118
-463
-222
114
-58
-55
33
-11
-13
478
349
-190
-182
-250
-371
-300
-21
295
436
253
-204
-227
56
28
-109
-85
-28
-98
112
183
-6
-12
-27
13
-17
-72
47
63
20
-61
-54
32
-74
3
119
-25
7
-9
-97
30
83
335
326
-218
-572
-443
-153
-126
390
714
381
35
-238
-417
-105
81
-50
-55
1
43
-7
415
364
-188
-184
-253
-366
-297
-15
302
431
240
-188
-231
79
49
-113
-45
-62
-198
80
185
-38
-33
45
78
27
-49
-16
33
29
29
-20
-20
-77
-22
118
21
-23
-57
-71
46
6
189
401
72
-434
-401
-113
-41
551
701
225
5
-324
-362
-77
15
13
-4
-15
25
19
386
343
-179
-190
-260
-356
-291
-20
308
440
221
-200
-208
74
4
-55
9
-71
-153
13
91
-33
-37
75
114
48
-52
-78
-7
33
78
39
12
-73
-36
105
49
-63
-94
-19
64
-7
20
329
295
-190
-317
-127
111
655
619
121
-33
-350
-322
-99
-8
71
14
-9
-27
37
417
309
-169
-197
-264
-348
-293
-30
315
457
217
-244
-155
58
-63
5
-19
-47
-6
-48
-44
23
39
37
43
-10
-43
2
18
-7
53
56
-9
-90
-14
113
50
-42
-48
-24
42
-7
-70
181
395
121
-208
-138
295
701
473
66
-104
-367
-257
-74
-3
79
-14
-13
-50
36
458
307
-162
-198
-266
-350
-301
-33
326
467
216
-263
-155
5
-54
72
-53
-17
9
-92
-75
65
119
19
-28
-87
-23
95
45
-43
58
11
-82
-45
-12
54
62
54
32
-78
-5
-49
-72
113
320
333
-127
-91
479
710
301
30
-186
-384
-195
-19
13
43
-54
-20
-2
42
459
314
-164
-187
-268
-363
-307
-31
332
462
204
-247
-228
-48
21
119
-36
10
-25
-67
-41
2
76
24
23
-82
-52
64
59
-41
23
-14
-43
56
-17
-24
47
104
66
-121
-27
-54
-29
106
90
369
-108
29
613
666
169
4
-272
-400
-144
-14
26
8
-33
-16
4
82
462
319
-166
-170
-264
-380
-315
-29
327
451
204
-227
-274
-74
12
95
-9
10
23
3
-20
-51
-24
28
93
-70
-49
55
66
-50
-72
38
43
43
0
-26
8
77
56
-64
-26
-29
10
27
-73
310
-129
195
682
555
98
-25
-363
-390
-64
-58
-20
3
43
-6
-66
115
513
333
-159
-159
-260
-392
-321
-31
313
447
220
-202
-249
-75
-44
8
27
8
-11
17
-1
5
-20
63
60
-101
-16
75
52
-74
-72
64
56
-9
15
1
-6
36
10
31
-11
-32
25
-28
-58
184
-125
374
713
399
55
-89
-396
-289
-2
-98
-82
-7
39
14
-36
86
530
353
-162
-157
-260
-397
-324
-34
301
449
241
-187
-252
-60
-17
-21
90
-10
-119
8
16
30
39
96
-28
-80
12
48
9
-75
-21
22
18
-17
28
59
25
-2
-29
14
15
-14
-13
1
13
55
-51
535
703
244
22
-185
-370
-142
4
-110
-62
1
-35
31
59
15
471
360
-172
-161
-256
-394
-328
-32
301
448
253
-220
-317
-51
46
48
126
-31
-149
-1
76
17
13
54
-103
-9
80
7
-32
-39
-3
-7
-4
-27
-15
99
88
3
-21
-71
-4
18
-50
38
63
12
90
642
631
139
0
-269
-356
-52
4
-112
-14
71
-50
1
72
-31
415
360
-173
-165
-250
-386
-326
-31
301
441
253
-274
-370
-12
84
77
98
-17
-79
-20
87
47
-20
-9
-120
26
101
-46
-30
48
-11
-7
22
-52
-20
90
29
3
21
-102
-39
26
-12
58
65
20
270
695
493
86
-15
-341
-378
27
41
-113
-15
97
-17
-64
45
-29
405
388
-177
-168
-248
-379
-315
-32
294
431
250
-282
-360
5
62
49
91
27
-32
-44
4
56
10
-10
-73
18
64
-44
-6
48
-73
52
59
-102
81
92
-119
-26
59
-71
-37
16
26
56
6
7
457
709
320
51
-54
-405
-388
104
78
-98
-7
55
-13
-65
39
-22
405
398
-179
-176
-251
-372
-306
-30
293
425
243
-251
-287
9
-20
-32
106
112
-31
-86
-29
1
8
37
-25
-3
45
19
-16
-35
-88
84
63
-83
96
71
-102
-32
32
-35
-38
2
-4
71
4
-49
601
669
181
21
-153
-420
-301
78
48
-62
22
37
-10
11
32
-44
404
374
-167
-187
-261
-367
-304
-25
304
427
230
-239
-236
84
-46
-129
70
136
0
-82
5
-40
-25
85
-20
-61
18
40
-22
-22
-30
-5
51
-12
-7
53
11
-31
-16
-23
-11
16
-20
73
11
-96
675
565
109
2
-276
-399
-140
18
5
-41
-11
32
13
42
40
-32
395
356
-152
-190
-271
-366
-302
-24
318
438
223
-221
-233
81
-1
-103
16
84
20
-47
13
-28
-26
126
-5
-145
-13
15
-24
33
-2
-61
24
-13
-48
61
10
-13
1
-44
37
71
37
23
-101
-76
