148
147
143
151
146
154
127
117
121
55
32
37
44
74
69
39
44
44
32
27
22
26
22
19
22
92
185
158
140
128
96
41
35
82
108
82
52
72
125
170
171
135
167
166
160
149
156
149
149
162
147
147
152
148
152
156
159
143
143
154
159
169
146
136
139
144
143
140
145
143
149
51
56
72
87
186
166
139
151
89
24
13
12
13
13
36
24
143
166
147
139
135
66
46
51
132
84
80
51
120
217
254
254
218
147
171
161
158
156
144
147
151
144
146
143
150
154
150
153
152
142
153
169
155
155
143
154
147
146
145
151
155
141
48
63
78
101
218
202
252
245
97
26
15
14
16
17
36
27
145
146
137
143
116
54
49
134
106
83
74
37
66
183
249
254
251
169
157
151
163
162
165
156
130
142
144
138
151
162
148
144
169
160
163
169
166
163
173
160
160
150
145
143
155
114
55
68
84
120
226
227
251
228
57
25
21
28
40
21
18
34
129
128
132
113
55
49
93
131
86
80
62
33
39
130
222
254
255
224
146
158
156
155
146
140
146
149
156
151
152
164
160
168
160
145
156
156
165
149
162
152
150
160
152
162
163
78
59
73
90
162
214
246
251
195
46
32
32
38
38
17
16
29
111
115
126
50
44
57
131
89
83
66
104
86
38
75
180
247
254
252
174
164
151
162
164
158
143
151
151
142
155
153
163
158
144
148
149
143
143
174
167
150
154
156
164
161
156
49
65
80
97
202
206
253
250
147
42
32
32
31
21
17
15
19
83
107
75
35
35
102
95
80
70
56
111
124
69
72
126
220
254
255
227
147
150
145
143
143
150
156
166
147
150
157
159
149
161
162
153
151
155
162
155
141
130
150
169
155
129
53
68
83
107
227
216
252
242
95
36
31
30
22
19
19
15
16
58
86
39
30
34
81
76
70
57
54
141
151
91
79
77
177
244
255
253
177
152
143
159
138
154
158
179
161
150
150
155
151
178
172
167
154
166
153
161
155
154
167
163
155
86
58
72
86
138
224
236
250
222
61
31
28
27
19
19
21
18
16
27
61
25
23
26
60
72
63
54
95
167
150
136
75
55
125
216
254
254
232
147
147
162
163
156
142
142
164
157
146
147
160
157
152
169
169
157
152
156
154
151
163
151
177
61
62
74
93
184
209
251
249
184
50
31
29
25
19
22
22
19
16
18
29
21
19
23
36
64
57
90
154
168
149
159
109
43
72
173
242
255
253
182
152
160
143
150
153
161
163
154
150
156
159
151
147
170
170
163
152
150
157
165
158
156
153
51
67
82
102
215
208
253
249
135
41
29
28
24
19
22
23
19
17
19
22
20
24
38
49
75
123
147
139
167
135
146
147
50
53
119
212
253
255
234
151
169
155
152
142
163
173
153
147
159
152
146
143
160
158
174
139
165
164
168
169
148
113
58
73
87
119
225
227
251
239
82
33
29
28
27
21
22
23
21
20
22
24
22
30
121
150
155
163
172
154
153
164
163
163
109
48
71
171
240
255
254
187
158
171
163
140
156
180
154
151
159
158
145
137
157
159
173
150
162
172
176
162
171
78
63
75
92
158
219
246
250
208
63
31
28
28
30
28
24
25
24
25
27
27
24
32
120
169
168
159
160
159
161
164
159
176
163
60
56
119
209
253
255
238
150
161
149
141
161
156
145
138
148
159
155
153
146
151
150
173
174
169
177
184
149
52
66
79
99
200
210
254
251
167
59
30
28
29
30
35
35
28
27
29
30
27
25
34
135
164
156
158
162
165
158
159
150
168
165
122
52
72
169
236
254
254
194
155
162
151
148
144
135
142
142
145
166
162
155
162
165
172
173
153
159
158
120
56
70
84
105
224
219
253
246
116
57
29
28
31
30
36
49
51
28
31
32
30
28
39
131
148
145
156
154
157
134
146
147
161
153
159
67
59
115
206
252
254
241
155
161
158
145
160
147
151
156
158
153
151
150
151
151
166
166
156
171
151
98
61
74
89
133
227
236
251
229
82
57
28
28
30
30
36
53
76
37
36
37
46
42
49
108
136
138
142
141
131
129
154
150
167
146
136
114
52
70
164
233
254
254
199
150
145
153
145
150
147
137
152
156
154
153
145
133
177
166
140
169
156
60
65
77
95
180
215
250
251
195
78
65
70
29
29
29
34
45
61
48
38
38
44
51
80
132
141
142
162
154
154
136
166
140
170
155
155
148
72
58
108
201
251
254
244
154
159
162
168
169
168
153
173
151
177
162
162
153
159
168
148
156
130
55
69
81
104
216
213
254
249
151
72
96
153
42
51
65
87
141
193
189
180
147
86
97
154
143
151
151
156
156
156
147
150
142
138
161
169
137
119
52
68
159
232
255
254
205
155
162
152
168
166
159
156
147
148
156
153
167
159
148
164
152
115
61
73
87
118
227
226
252
244
105
68
102
145
43
67
89
119
185
238
253
235
172
103
100
146
155
163
186
168
159
156
186
145
155
149
146
153
153
147
80
58
106
198
250
255
246
159
166
158
172
142
158
159
163
150
180
148
169
162
152
157
163
76
65
77
91
155
221
245
252
218
83
66
128
158
42
67
87
111
165
220
243
219
159
98
94
172
144
148
172
167
159
184
191
164
156
171
152
162
180
167
150
53
68
154
229
255
255
210
157
159
161
147
144
143
157
158
161
162
173
147
150
168
152
54
66
80
98
196
215
254
251
179
74
68
152
147
40
66
87
107
161
216
240
216
155
98
91
142
155
149
158
147
146
151
165
143
160
169
173
164
178
144
176
83
57
100
194
249
254
248
161
163
160
139
154
147
146
175
137
145
154
150
154
157
131
55
70
84
105
222
220
253
250
129
67
80
148
139
41
65
86
107
160
217
240
215
154
97
94
175
157
160
155
156
162
152
170
159
171
161
174
190
170
158
137
141
53
66
149
226
255
255
216
149
142
144
152
147
158
148
144
129
149
143
167
163
110
60
74
89
129
228
236
252
233
93
65
95
159
134
45
66
86
110
159
215
239
214
156
99
92
170
164
145
148
159
151
152
170
150
164
150
151
169
152
164
141
148
86
57
96
189
248
255
250
167
156
146
154
163
152
136
137
129
136
155
173
180
63
64
78
94
176
218
249
251
201
81
67
120
169
146
43
67
87
113
158
215
239
214
155
100
92
153
154
147
161
160
157
145
150
140
154
147
141
147
148
138
145
158
152
56
65
143
222
254
255
219
158
175
180
188
170
157
150
150
149
149
172
178
52
69
81
99
212
213
254
251
159
71
67
143
154
166
41
68
88
113
161
216
237
214
154
100
96
157
151
154
143
197
149
154
163
155
157
146
152
164
165
141
147
152
148
84
57
89
184
245
255
251
169
163
181
163
156
146
149
173
154
142
177
121
59
73
86
115
229
226
252
244
113
64
75
172
156
155
45
66
88
115
160
215
239
212
155
99
101
150
157
153
172
156
168
171
173
167
162
178
143
156
169
144
143
172
147
139
56
63
137
218
254
255
225
150
143
149
158
140
156
169
138
171
167
83
64
77
93
153
221
244
252
222
87
62
91
164
158
160
43
68
89
114
159
215
240
211
154
99
115
180
155
142
153
152
172
162
153
140
150
141
148
164
152
155
124
151
155
153
104
57
86
180
243
255
252
174
157
169
173
181
175
168
152
158
149
58
68
82
100
195
213
254
252
185
78
65
108
137
147
154
46
70
90
114
159
214
239
213
157
99
98
163
159
138
154
155
160
166
176
148
165
160
156
171
178
187
148
176
151
155
148
60
62
132
215
254
254
229
149
160
144
128
142
149
159
182
128
58
73
86
105
222
219
254
251
137
67
64
145
141
153
138
48
70
90
112
159
212
237
215
155
99
101
163
165
157
152
140
168
153
163
164
178
153
144
174
165
168
158
184
162
168
155
114
58
82
177
241
255
253
179
149
140
131
148
153
153
174
109
62
76
91
127
226
234
252
236
96
63
67
150
151
152
154
46
71
92
115
158
212
236
214
154
99
107
177
157
157
151
174
165
161
175
163
169
143
141
157
140
148
155
149
145
156
172
153
57
62
126
212
253
254
233
150
140
134
139
138
136
175
69
66
79
96
173
219
249
252
204
81
63
83
140
165
144
157
45
70
95
115
160
210
236
213
155
98
109
167
161
165
162
179
158
160
159
168
161
159
169
168
165
169
179
155
131
145
179
152
102
56
78
172
240
255
254
187
143
143
146
137
149
143
51
69
82
101
210
214
254
252
164
73
64
103
145
177
164
160
44
73
97
115
161
208
236
212
158
98
96
166
147
175
155
164
155
152
152
170
157
168
147
159
183
163
180
145
137
146
172
156
152
69
59
122
208
253
254
237
149
152
156
150
154
122
58
73
87
112
227
224
253
245
117
64
64
132
137
169
162
153
45
72
93
115
158
209
235
215
160
99
98
170
156
187
155
166
165
162
180
180
151
168
153
159
169
159
154
158
149
166
188
187
164
114
55
75
169
237
255
254
193
158
148
154
157
87
65
77
91
151
224
242
252
225
89
60
64
139
153
166
169
150
46
71
91
113
156
209
236
216
162
100
103
163
169
163
173
161
167
169
178
147
163
153
153
150
177
189
151
167
158
161
154
157
161
164
68
59
114
205
252
255
240
153
175
167
191
57
69
80
98
193
212
253
252
189
76
62
73
171
174
163
170
168
45
68
89
112
157
208
235
215
159
102
96
167
178
180
148
158
155
156
168
148
187
170
143
171
147
158
184
174
192
152
153
152
155
165
134
54
71
162
233
254
254
198
159
162
157
55
69
83
105
221
218
254
252
143
69
62
99
158
170
152
177
161
48
73
93
113
155
207
233
214
157
101
98
165
170
156
161
147
164
170
147
152
128
160
128
132
123
144
171
159
167
150
157
153
151
157
161
70
59
110
199
251
255
244
153
158
158
62
75
87
128
228
234
254
241
101
64
64
107
148
163
154
143
159
43
66
87
114
158
207
234
215
158
101
106
152
171
152
156
141
159
188
151
154
168
167
155
146
146
156
145
171
150
164
163
143
150
176
169
120
54
71
158
230
255
254
204
154
151
64
77
95
169
219
249
253
210
84
60
65
135
154
167
145
159
155
42
57
76
113
158
207
235
215
158
101
100
155
178
153
153
182
170
195
162
181
148
183
172
164
140
148
147
148
155
155
150
157
167
146
167
145
71
59
105
196
249
255
246
155
140
67
80
99
207
216
254
253
168
75
61
73
152
171
150
141
163
164
44
63
83
115
154
206
234
213
156
100
103
151
161
148
158
152
178
195
160
173
144
161
165
165
144
166
161
160
159
138
141
149
152
143
144
138
115
56
67
150
228
255
255
209
141
72
86
111
229
224
254
248
122
67
63
90
151
138
150
159
167
146
47
70
92
112
155
208
233
212
156
101
97
159
148
168
170
153
130
167
172
180
161
170
163
169
166
180
181
168
158
176
154
144
172
162
150
154
143
90
58
99
192
249
255
248
160
77
91
147
228
241
253
228
92
62
63
114
157
145
159
172
169
143
48
68
88
110
154
210
235
215
158
103
97
169
137
163
164
137
137
161
168
168
169
140
146
166
168
174
156
169
171
157
168
132
150
166
158
164
160
138
55
66
145
225
254
255
214
80
98
190
215
252
254
195
79
60
64
132
153
145
178
146
166
144
45
68
89
111
155
209
234
217
160
103
91
176
138
147
142
155
145
158
138
148
164
136
181
159
140
162
149
156
165
167
172
168
147
158
165
174
166
155
94
57
94
186
247
255
249
86
105
219
216
254
252
150
71
60
67
135
161
145
160
142
161
152
46
67
88
111
157
210
236
218
161
103
99
160
156
167
151
154
150
161
143
158
152
148
172
139
163
174
142
171
171
163
168
162
142
152
168
143
133
171
129
57
65
140
220
254
255
90
126
231
231
253
242
107
64
61
83
166
179
153
164
172
157
155
49
70
91
114
157
211
236
218
163
101
102
160
173
163
148
141
182
149
163
149
139
163
171
144
159
148
139
153
167
171
175
170
139
123
169
146
144
148
151
82
58
90
183
245
254
95
168
221
248
253
216
85
61
64
95
150
191
154
168
157
138
169
48
70
93
114
155
210
236
215
158
101
113
155
163
146
143
131
167
185
167
171
143
153
157
149
144
133
139
163
145
155
165
169
143
129
126
148
152
159
156
138
56
61
135
217
254
101
206
215
254
253
174
78
60
64
116
162
165
141
157
163
150
152
47
68
94
116
154
209
235
214
156
104
124
163
175
145
170
144
177
182
172
169
146
147
154
145
162
140
139
151
166
162
157
154
137
137
152
141
131
132
159
149
98
56
84
178
243
111
229
223
254
250
127
68
60
66
137
158
163
144
147
166
177
133
50
69
94
116
154
208
233
214
155
102
94
153
148
143
136
166
154
165
172
153
138
140
135
148
134
160
145
132
142
129
167
159
144
166
142
143
143
146
159
139
151
54
61
129
214
144
229
240
253
231
94
63
60
71
162
169
155
174
154
158
174
150
49
68
94
114
156
207
232
215
159
102
95
156
148
155
163
160
168
163
161
150
137
141
140
142
134
153
158
147
157
140
188
147
151
163
148
149
152
153
148
157
148
107
56
81
173
189
218
252
253
199
82
61
62
85
194
136
149
152
165
145
173
155
45
69
94
114
157
207
231
212
158
104
94
156
154
142
140
176
174
181
196
139
139
141
141
166
150
173
168
152
145
146
161
167
155
185
153
149
170
139
171
177
157
160
59
61
124
221
215
254
253
157
72
61
65
123
162
145
145
166
169
163
144
164
47
69
94
115
156
207
232
210
156
103
95
149
149
122
134
158
146
173
207
158
162
169
167
145
142
137
154
138
138
137
136
142
153
164
157
131
144
140
155
157
153
158
106
56
77
229
230
253
245
110
64
59
63
149
154
159
152
151
143
163
142
158
49
70
94
117
160
206
231
210
154
101
100
145
163
134
158
141
145
168
199
160
161
174
182
152
145
134
152
169
174
148
133
137
125
152
141
136
129
151
163
150
135
159
138
61
59
222
247
254
220
86
62
59
66
141
149
176
155
158
153
152
155
142
52
70
94
120
160
206
233
215
155
100
103
166
131
141
152
146
157
148
141
166
171
160
161
153
146
149
172
156
151
166
157
144
144
165
144
125
132
149
147
153
141
141
162
110
54
215
254
254
182
78
60
62
86
158
151
177
149
150
148
159
172
147
54
70
94
120
160
207
236
215
154
97
95
165
131
168
157
146
179
162
163
182
185
157
145
156
169
192
153
141
155
149
131
148
174
181
172
164
158
143
142
160
140
182
165
161
65
223
254
251
130
70
59
63
107
156
151
157
152
150
170
151
170
149
51
68
91
116
159
206
235
214
151
98
105
159
160
173
141
140
145
123
184
157
185
148
156
138
151
157
180
157
152
174
136
187
145
145
161
165
139
129
124
169
139
186
140
146
128
239
254
235
95
63
58
63
122
165
164
163
151
161
170
170
148
144
45
69
89
110
155
206
234
213
152
101
99
158
181
175
172
144
178
152
141
131
158
172
180
169
143
177
153
164
148
163
181
152
163
147
150
148
161
137
141
161
140
159
142
154
176
251
254
202
83
61
59
64
155
167
171
184
170
187
147
184
187
156
50
68
88
108
152
206
233
213
154
102
102
154
157
180
182
180
175
171
187
176
172
154
181
142
167
177
167
148
139
183
161
154
145
163
155
167
147
148
146
124
159
140
144
163
161
254
253
161
72
60
59
79
166
161
156
187
191
180
175
183
183
150
47
68
86
106
152
206
232
216
159
103
96
144
153
150
156
173
137
175
161
169
175
167
155
131
160
154
166
150
175
155
170
160
164
156
142
146
153
159
165
152
151
154
154
141
144
254
246
115
66
59
61
107
147
129
153
158
166
176
182
159
162
167
41
66
87
107
151
206
234
213
158
101
95
154
178
176
164
151
119
166
178
165
149
161
141
149
173
148
149
137
150
167
159
164
169
180
175
137
136
132
142
156
142
150
164
152
154
254
224
90
62
59
63
129
154
145
148
171
149
141
168
141
141
143
48
67
89
108
151
204
233
212
157
101
93
174
187
175
166
154
149
153
156
162
124
155
147
161
181
149
143
168
164
142
154
150
144
149
169
146
148
140
145
170
163
162
166
133
133
254
188
79
61
58
64
139
152
137
154
168
153
139
149
155
151
174
43
67
88
109
150
204
229
212
156
105
94
180
193
168
165
158
146
162
152
165
158
136
140
145
160
144
159
163
146
137
168
131
156
169
120
128
172
142
151
160
154
156
138
154
149
253
137
72
60
59
68
168
179
129
140
154
156
145
162
177
140
166
44
68
90
111
152
204
227
212
155
106
93
165
161
183
176
175
140
141
153
170
169
179
172
165
171
161
147
148
158
178
197
130
172
157
138
150
174
154
160
159
173
159
176
136
181
237
97
65
58
61
93
167
171
143
169
160
145
152
150
137
153
162
48
67
90
115
155
206
232
212
156
106
99
164
151
131
169
189
154
141
153
166
144
176
148
158
155
170
159
158
166
159
154
177
153
168
161
152
139
162
156
169
165
171
179
148
154
207
84
63
58
63
133
162
167
171
162
174
172
162
166
149
150
154
52
68
89
116
158
208
233
213
153
104
99
168
163
132
158
153
154
147
143
150
140
161
154
126
161
167
159
164
156
154
171
171
147
174
172
160
169
167
165
171
145
151
134
147
168
