121
82
0
0
29
112
0
0
40
32
0
0
0
0
0
0
0
0
276
452
30
0
0
0
0
0
0
0
0
129
141
158
0
0
0
0
0
32
15
0
27
67
0
0
0
0
0
33
180
111
0
0
0
0
0
0
0
0
0
173
138
142
18
0
0
0
0
49
0
0
112
152
35
0
0
0
40
76
2
0
0
0
0
0
44
66
23
0
0
127
110
16
0
0
0
0
10
0
13
133
144
70
0
0
0
0
0
44
0
0
0
26
0
0
46
90
25
0
7
125
101
0
0
0
0
29
85
0
109
269
9
0
0
52
0
0
0
35
23
0
0
17
0
0
23
53
0
0
0
136
40
0
14
0
0
0
67
90
230
160
0
0
0
195
0
0
54
36
9
46
12
0
16
26
0
0
0
0
0
101
0
0
28
35
0
0
15
331
242
0
0
0
14
164
0
0
46
19
12
60
37
0
28
91
26
0
0
0
33
60
27
3
0
30
61
0
185
418
0
0
0
0
0
45
59
58
59
38
18
18
24
5
66
153
82
0
0
0
30
23
13
0
0
18
47
230
489
89
0
0
0
0
0
25
76
112
128
91
19
0
0
1
88
139
88
0
0
0
6
26
0
0
0
0
15
490
596
0
0
0
77
0
17
47
4
49
108
63
8
5
6
9
42
56
69
38
0
0
64
109
0
0
0
0
0
573
427
0
0
91
80
0
24
29
0
9
25
0
0
0
7
24
25
16
37
43
0
0
102
155
0
0
0
0
11
370
99
0
0
68
29
37
86
21
0
0
0
0
0
0
0
0
40
14
0
0
0
33
53
75
0
0
58
166
120
7
0
0
0
0
0
76
185
76
0
0
12
5
2
0
0
0
5
0
0
0
0
10
0
0
0
0
79
369
154
0
0
0
109
0
0
67
193
102
0
0
50
36
0
0
5
15
0
0
0
0
0
0
0
0
0
0
176
424
0
0
0
0
72
81
57
63
131
91
0
0
13
0
0
0
60
57
1
0
10
16
15
0
0
0
0
0
419
483
0
0
0
0
0
98
103
49
124
138
37
0
0
0
0
18
55
34
25
24
0
0
22
34
0
0
0
0
628
519
0
0
0
0
0
32
8
5
92
156
164
65
0
0
26
72
2
0
9
2
0
0
0
67
132
17
0
0
736
366
0
0
0
0
56
16
0
0
11
94
137
31
0
54
103
28
0
0
6
0
0
0
0
46
219
48
0
135
800
111
0
0
0
0
0
22
13
10
15
64
70
0
17
159
130
0
0
0
30
0
0
25
0
0
164
111
0
244
643
0
0
8
0
0
0
0
71
62
28
73
116
27
2
117
75
0
0
0
44
0
0
11
0
0
85
168
0
285
236
0
0
38
0
0
0
0
4
26
17
67
139
77
0
12
44
0
0
45
62
0
4
0
0
0
38
120
269
387
0
0
0
41
0
0
30
0
0
0
49
54
76
66
0
0
85
0
0
90
102
0
29
10
0
21
0
10
503
523
0
0
152
116
0
0
41
0
0
0
0
36
83
20
0
96
87
0
0
152
71
0
0
18
26
70
32
0
509
518
0
0
247
208
61
36
17
0
47
0
0
0
46
0
0
214
113
0
64
228
1
0
0
0
0
92
148
0
355
520
0
0
144
185
98
97
113
68
16
0
0
0
0
0
0
211
157
0
124
225
32
0
0
0
0
53
170
34
195
647
0
0
0
86
0
80
207
119
0
0
22
0
0
0
0
94
101
33
95
131
88
39
0
0
0
8
140
113
8
646
315
0
0
30
0
61
217
104
0
0
0
0
0
0
0
65
38
0
6
11
34
35
0
0
4
24
118
176
0
447
543
0
0
101
17
60
168
62
0
0
0
0
0
0
80
139
25
0
0
0
0
0
0
0
1
16
41
136
0
252
637
0
0
107
171
32
56
8
0
0
0
0
0
0
102
150
64
0
0
0
0
0
0
0
0
0
0
0
0
132
747
134
0
0
137
19
8
0
32
39
0
0
47
62
28
60
140
125
61
4
0
0
0
0
0
0
0
0
