17
53
69
30
0
51
98
31
0
0
0
0
0
0
102
197
73
0
0
0
0
0
0
0
0
0
0
0
0
0
0
0
11
20
0
31
91
26
0
0
0
0
0
3
132
173
48
0
0
0
0
0
0
0
0
0
0
0
0
0
3
11
22
4
0
57
117
44
0
0
0
0
0
39
162
127
0
0
0
5
7
17
50
82
81
67
68
58
36
27
0
0
8
8
30
85
69
4
0
0
0
0
0
85
196
107
0
0
19
23
6
8
14
17
14
13
16
15
7
0
0
0
0
0
35
83
22
0
0
0
0
0
1
124
199
77
0
0
14
3
0
0
0
2
5
5
4
0
0
0
35
28
0
0
3
104
42
0
0
0
0
0
24
148
145
8
0
0
0
0
0
0
0
0
7
5
2
0
0
23
0
0
0
0
23
92
33
0
0
0
0
0
58
171
116
0
0
0
0
0
0
0
0
0
0
3
4
3
0
4
19
26
24
64
118
58
0
0
0
0
0
0
99
200
114
0
0
0
0
0
0
0
0
0
0
2
4
3
0
0
0
0
0
83
183
63
0
0
0
0
0
2
132
182
66
0
0
0
6
2
0
0
0
4
1
0
3
4
0
0
0
0
0
103
145
36
0
0
0
0
0
31
153
128
0
0
46
54
10
0
0
0
1
4
3
0
0
0
1
0
0
0
0
92
80
0
0
0
0
0
0
77
191
123
0
0
0
55
44
10
0
0
3
5
9
5
0
0
13
45
0
0
7
60
24
0
0
0
0
0
0
123
209
117
0
0
0
0
0
0
0
0
0
3
8
7
4
5
0
0
41
47
87
117
37
0
0
0
0
0
21
152
163
45
0
0
0
0
0
0
0
0
0
0
4
6
5
3
0
0
0
1
115
140
38
0
0
0
0
0
52
167
117
0
0
0
0
0
0
0
0
0
0
0
5
6
0
0
9
34
0
51
125
68
0
0
0
0
0
0
97
198
120
0
0
0
0
0
0
2
0
2
4
5
5
1
0
0
4
18
8
34
81
20
0
0
0
0
0
3
131
190
101
0
0
0
9
11
13
8
8
16
15
11
3
0
0
0
0
0
86
117
128
36
0
0
0
0
0
29
154
140
36
0
0
0
0
0
0
0
12
15
11
6
3
1
1
0
0
4
71
167
125
18
0
0
0
0
0
70
184
120
0
0
0
0
3
0
0
0
0
0
0
4
8
10
12
11
8
7
0
83
39
0
0
0
0
0
0
109
199
110
0
0
23
54
56
72
47
15
8
4
0
0
2
3
2
3
0
0
86
120
29
0
0
0
0
0
13
144
169
74
0
0
0
17
35
49
36
34
55
50
14
0
0
0
0
0
0
6
129
121
29
0
0
0
0
0
55
173
128
23
0
0
0
16
19
0
0
0
9
10
6
8
6
3
6
7
7
8
95
26
0
0
0
0
0
0
93
198
119
0
0
0
33
36
0
0
5
0
0
0
0
6
3
6
10
7
5
2
115
26
0
0
0
0
0
2
127
190
100
0
0
0
38
0
0
0
32
8
0
0
5
1
0
0
0
0
0
0
87
37
0
0
0
0
0
25
149
146
56
0
0
0
0
0
0
17
7
8
9
9
5
0
0
0
0
0
0
0
42
0
0
0
0
0
0
67
178
122
21
0
0
0
0
28
67
37
0
0
4
0
0
0
0
0
0
0
0
5
42
0
0
0
0
0
0
111
203
117
0
0
0
0
0
0
0
0
0
0
0
0
0
0
0
0
0
0
0
0
54
0
0
0
0
0
6
138
176
81
0
0
0
0
0
0
0
14
0
0
0
0
0
1
2
3
9
11
0
0
22
0
0
0
0
0
45
165
130
34
0
0
0
44
45
35
32
26
15
9
3
0
0
6
8
8
16
15
0
0
0
0
0
0
0
0
89
198
124
17
0
0
0
58
69
43
0
0
31
33
0
0
0
2
8
9
8
6
20
39
0
0
0
0
0
0
125
197
110
8
0
0
0
0
0
0
0
0
0
0
0
2
2
0
5
7
0
0
30
67
