157
151
167
177
166
140
169
156
60
65
77
95
180
215
250
251
195
78
65
70
29
29
29
34
45
61
48
38
38
44
51
80
149
142
153
159
168
148
156
130
55
69
81
104
216
213
254
249
151
72
96
153
42
51
65
87
141
193
189
180
147
86
97
154
165
146
152
159
148
164
152
115
61
73
87
118
227
226
252
244
105
68
102
145
43
67
89
119
185
238
253
235
172
103
100
146
163
156
152
162
152
157
163
76
65
77
91
155
221
245
252
218
83
66
128
158
42
67
87
111
165
220
243
219
159
98
94
172
160
147
152
147
150
168
152
54
66
80
98
196
215
254
251
179
74
68
152
147
40
66
87
107
161
216
240
216
155
98
91
142
169
154
166
150
154
157
131
55
70
84
105
222
220
253
250
129
67
80
148
139
41
65
86
107
160
217
240
215
154
97
94
175
143
155
164
143
167
163
110
60
74
89
129
228
236
252
233
93
65
95
159
134
45
66
86
110
159
215
239
214
156
99
92
170
146
157
148
155
173
180
63
64
78
94
176
218
249
251
201
81
67
120
169
146
43
67
87
113
158
215
239
214
155
100
92
153
148
162
161
149
172
178
52
69
81
99
212
213
254
251
159
71
67
143
154
166
41
68
88
113
161
216
237
214
154
100
96
157
147
148
146
142
177
121
59
73
86
115
229
226
252
244
113
64
75
172
156
155
45
66
88
115
160
215
239
212
155
99
101
150
162
156
164
171
167
83
64
77
93
153
221
244
252
222
87
62
91
164
158
160
43
68
89
114
159
215
240
211
154
99
115
180
162
152
159
158
149
58
68
82
100
195
213
254
252
185
78
65
108
137
147
154
46
70
90
114
159
214
239
213
157
99
98
163
156
177
182
182
128
58
73
86
105
222
219
254
251
137
67
64
145
141
153
138
48
70
90
112
159
212
237
215
155
99
101
163
178
159
160
174
109
62
76
91
127
226
234
252
236
96
63
67
150
151
152
154
46
71
92
115
158
212
236
214
154
99
107
177
153
165
168
175
69
66
79
96
173
219
249
252
204
81
63
83
140
165
144
157
45
70
95
115
160
210
236
213
155
98
109
167
167
179
165
143
51
69
82
101
210
214
254
252
164
73
64
103
145
177
164
160
44
73
97
115
161
208
236
212
158
98
96
166
163
183
160
122
58
73
87
112
227
224
253
245
117
64
64
132
137
169
162
153
45
72
93
115
158
209
235
215
160
99
98
170
166
167
182
87
65
77
91
151
224
242
252
225
89
60
64
139
153
166
169
150
46
71
91
113
156
209
236
216
162
100
103
163
154
149
151
57
69
80
98
193
212
253
252
189
76
62
73
171
174
163
170
168
45
68
89
112
157
208
235
215
159
102
96
167
170
162
117
55
69
83
105
221
218
254
252
143
69
62
99
158
170
152
177
161
48
73
93
113
155
207
233
214
157
101
98
165
168
171
96
62
75
87
128
228
234
254
241
101
64
64
107
148
163
154
143
159
43
66
87
114
158
207
234
215
158
101
106
152
177
143
62
64
77
95
169
219
249
253
210
84
60
65
135
154
167
145
159
155
42
57
76
113
158
207
235
215
158
101
100
155
159
133
52
67
80
99
207
216
254
253
168
75
61
73
152
171
150
141
163
164
44
63
83
115
154
206
234
213
156
100
103
151
144
113
60
72
86
111
229
224
254
248
122
67
63
90
151
138
150
159
167
146
47
70
92
112
155
208
233
212
156
101
97
159
149
75
63
77
91
147
228
241
253
228
92
62
63
114
157
145
159
172
169
143
48
68
88
110
154
210
235
215
158
103
97
169
165
56
66
80
98
190
215
252
254
195
79
60
64
132
153
145
178
146
166
144
45
68
89
111
155
209
234
217
160
103
91
176
135
57
71
86
105
219
216
254
252
150
71
60
67
135
161
145
160
142
161
152
46
67
88
111
157
210
236
218
161
103
99
160
101
63
74
90
126
231
231
253
242
107
64
61
83
166
179
153
164
172
157
155
49
70
91
114
157
211
236
218
163
101
102
160
60
65
76
95
168
221
248
253
216
85
61
64
95
150
191
154
168
157
138
169
48
70
93
114
155
210
236
215
158
101
113
155
57
70
82
101
206
215
254
253
174
78
60
64
116
162
165
141
157
163
150
152
47
68
94
116
154
209
235
214
156
104
124
163
62
77
89
111
229
223
254
250
127
68
60
66
137
158
163
144
147
166
177
133
50
69
94
116
154
208
233
214
155
102
94
153
65
81
94
144
229
240
253
231
94
63
60
71
162
169
155
174
154
158
174
150
49
68
94
114
156
207
232
215
159
102
95
156
