0
3
4
0
0
1
0
0
1
0
0
0
0
8
123
128
133
179
87
0
0
0
0
4
9
3
0
0
0
2
0
1
1
0
0
0
0
0
2
0
0
0
0
11
128
127
126
178
89
0
0
0
2
6
7
1
0
0
0
4
0
0
0
0
1
0
0
0
1
0
0
0
0
31
117
117
128
184
90
0
0
0
2
5
4
0
0
0
0
1
0
0
0
0
1
0
0
0
1
0
0
0
0
53
104
106
137
190
89
0
0
0
2
5
2
0
0
0
0
0
0
0
0
0
0
0
0
0
4
0
0
0
0
57
97
96
143
195
92
0
0
0
1
6
3
0
0
0
0
0
0
0
0
0
0
0
0
0
6
0
0
0
0
42
91
92
146
202
100
0
0
0
0
3
4
0
0
0
0
0
0
1
0
0
0
0
0
0
8
3
0
0
0
26
93
93
143
204
110
0
0
0
0
0
3
0
0
0
0
0
3
1
0
0
2
0
0
0
10
2
0
0
0
12
98
100
133
196
129
0
0
0
0
0
3
0
0
0
0
0
3
0
0
0
1
0
0
0
6
0
0
0
0
0
98
112
129
189
147
0
0
0
0
4
5
0
0
0
0
0
1
0
0
2
0
0
0
0
2
0
0
0
0
0
102
118
128
193
150
0
0
0
0
9
5
0
0
0
0
3
0
0
0
2
0
0
0
0
2
0
0
0
0
0
104
114
130
205
144
0
0
0
0
11
7
0
0
0
0
4
0
0
0
0
0
0
0
1
1
0
0
0
0
0
96
105
145
218
132
0
0
0
0
14
10
0
0
0
0
4
0
5
5
0
0
0
0
0
0
0
0
0
0
1
92
99
159
224
123
0
0
0
0
10
4
0
0
0
0
4
0
8
5
0
0
2
0
0
0
0
0
0
0
0
100
97
156
224
133
0
0
0
0
0
0
0
0
0
0
2
0
6
0
0
0
4
0
0
0
0
0
0
0
0
102
90
145
222
152
0
0
0
0
0
0
0
0
0
0
0
0
1
0
0
1
0
0
0
0
0
0
0
0
0
89
81
134
209
152
0
0
0
0
0
0
0
0
0
0
1
0
0
0
8
11
0
0
0
0
0
0
0
0
0
74
81
128
191
131
48
0
0
0
0
0
0
0
0
0
3
0
0
0
18
21
4
0
0
0
0
0
0
0
0
75
89
136
187
119
62
0
0
0
0
0
0
0
0
0
5
0
0
0
9
19
20
24
0
0
0
0
0
0
8
88
100
152
195
129
25
0
0
0
0
0
0
0
0
0
4
0
0
0
0
15
27
30
0
0
0
0
0
0
60
94
109
161
206
147
0
0
0
0
1
0
0
0
0
0
1
0
0
0
0
21
36
3
0
0
0
0
0
26
86
94
110
159
217
165
0
0
0
0
1
0
0
0
0
0
0
0
0
0
0
30
35
0
0
11
1
0
0
36
72
95
109
153
220
175
0
0
0
0
0
0
0
0
0
0
3
0
0
0
0
32
15
0
0
2
0
0
0
19
43
91
113
145
213
176
0
0
0
0
0
0
0
0
0
0
8
0
0
0
7
16
4
0
0
0
0
0
0
0
7
71
106
133
207
182
0
0
0
0
0
0
0
0
0
0
10
0
0
6
4
0
1
2
0
0
0
0
0
0
0
53
82
116
205
192
0
0
0
0
0
0
0
0
0
0
10
0
1
2
0
0
0
1
0
0
0
0
0
0
0
54
64
98
196
196
0
0
0
0
2
0
0
0
0
0
9
2
0
0
0
0
0
2
0
0
0
0
0
0
0
59
58
89
181
194
0
0
0
0
4
4
0
0
0
0
8
2
1
0
0
0
1
2
0
0
0
0
0
0
0
65
56
89
173
190
0
0
0
0
4
5
0
0
0
0
6
4
2
0
0
2
1
0
0
0
0
0
0
0
0
78
63
87
169
188
0
0
0
0
4
4
0
0
0
0
3
5
2
0
0
2
1
0
0
0
0
0
0
0
0
92
72
81
162
187
0
0
0
0
0
3
0
0
0
0
7
