6
11
8
5
4
3
1
1
3
5
7
10
9
2
5
16
15
7
5
4
0
0
0
4
5
3
0
0
0
2
5
7
5
4
4
4
4
3
2
5
10
9
8
17
22
15
8
8
11
8
2
1
2
2
1
0
0
2
0
0
6
4
2
0
1
1
1
2
1
2
5
0
0
11
15
1
0
8
12
9
5
4
4
3
0
0
0
3
2
0
2
2
1
2
3
0
0
0
1
3
3
0
0
0
4
0
0
0
1
1
2
1
0
1
2
1
0
0
0
0
0
0
0
1
0
0
0
0
2
5
5
8
11
5
0
0
0
0
0
3
2
0
0
0
0
0
0
0
0
0
0
0
0
0
0
1
0
0
0
0
6
13
12
0
0
0
0
0
0
3
2
1
2
0
0
0
0
0
3
7
0
3
4
4
6
8
3
0
0
0
1
5
2
0
0
0
0
0
0
0
3
5
5
2
0
0
0
0
2
6
3
3
2
1
0
0
2
4
4
2
0
0
0
0
0
0
0
0
0
6
8
2
0
0
3
3
1
0
1
2
1
0
0
0
0
0
1
7
4
0
0
0
0
0
0
0
0
0
0
6
6
0
0
0
5
2
0
0
0
0
1
0
0
0
2
2
1
0
0
0
0
8
5
0
0
0
0
0
0
0
0
0
0
0
0
0
0
0
0
0
3
3
5
4
1
0
0
0
0
0
0
0
0
0
0
0
0
0
0
0
0
0
0
0
0
2
5
2
0
0
3
4
8
7
2
0
0
1
1
1
6
3
0
0
0
0
0
8
6
0
0
0
0
0
2
2
0
0
0
0
0
1
7
6
0
0
6
5
1
5
12
9
0
0
0
0
0
2
1
1
2
6
12
8
0
0
0
0
3
6
0
0
0
0
0
0
2
1
0
0
0
1
0
0
0
0
0
0
0
4
6
7
9
3
0
0
0
3
7
6
0
0
0
0
0
0
0
0
0
0
0
0
12
7
0
0
0
0
0
0
18
9
0
0
1
2
1
0
0
0
0
0
0
0
0
0
0
0
0
0
0
0
14
30
17
5
0
0
0
0
31
24
3
3
5
4
2
2
1
1
0
0
0
0
0
0
0
0
0
0
0
0
0
3
0
0
0
0
0
0
16
20
4
4
5
3
1
0
0
3
0
0
0
0
0
0
0
0
0
0
0
0
0
0
0
0
0
9
13
6
0
0
0
0
0
0
0
0
0
0
0
0
0
0
0
0
0
0
0
0
0
0
0
0
0
0
14
27
41
21
0
0
0
0
0
0
0
1
2
0
0
0
0
0
0
0
0
0
0
0
0
0
0
0
4
7
11
18
33
20
0
0
0
0
1
2
3
5
4
1
0
0
0
0
0
0
0
0
0
0
0
0
0
6
6
4
0
1
15
18
3
0
1
1
0
0
0
0
0
0
33
29
37
52
66
61
43
35
35
35
37
41
40
22
9
11
9
4
3
3
0
2
6
5
3
0
0
0
0
0
92
82
81
97
108
95
90
105
106
92
92
92
73
45
25
23
21
11
6
8
9
6
2
1
2
2
1
0
0
4
140
148
164
175
162
148
160
174
169
156
156
158
130
85
49
24
7
0
4
13
12
5
2
1
0
2
6
8
6
4
184
202
208
206
196
187
184
186
189
191
193
177
121
65
45
28
4
0
0
2
3
0
0
1
2
4
7
7
5
4
86
95
88
79
78
79
77
80
88
95
100
81
36
18
28
28
16
0
0
0
0
0
0
0
1
6
7
5
5
5
2
2
2
2
3
6
10
12
14
19
24
15
0
4
17
16
13
5
0
1
8
4
1
2
4
6
4
1
1
2
4
5
7
8
10
13
12
8
7
10
11
6
0
0
0
0
1
1
0
2
9
6
1
0
0
0
0
0
1
0
6
8
7
8
12
13
9
5
5
7
6
6
4
0
0
5
9
3
0
2
6
6
0
0
0
0
0
0
0
0
5
4
5
6
4
3
4
3
3
3
1
0
0
0
2
10
9
2
0
0
1
2
2
0
0
0
0
0
0
0
