6
11
8
5
4
3
1
1
3
5
7
10
9
2
5
16
15
7
5
4
-2
-6
-2
4
5
3
0
-3
-2
2
5
7
5
4
4
4
4
3
2
5
10
9
8
17
22
15
8
8
11
8
2
1
2
2
1
-1
0
2
0
-2
6
4
2
0
1
1
1
2
1
2
5
-4
-8
11
15
1
0
8
12
9
5
4
4
3
0
-2
0
3
2
-3
2
2
1
2
3
0
-1
0
1
3
3
-4
-10
-1
4
-6
-7
0
1
1
2
1
0
1
2
1
0
-1
-3
-5
-2
-3
-2
1
0
-3
-3
-1
2
5
5
8
11
5
-3
-10
-13
-9
-2
3
2
0
-1
-2
-1
-1
-2
-1
-1
-2
-4
-3
-2
-2
-1
1
0
-2
-2
0
6
13
12
-2
-15
-18
-16
-10
-2
3
2
1
2
-1
-4
-4
-5
-3
3
7
0
3
4
4
6
8
3
-4
-4
-1
1
5
2
-10
-11
-5
-9
-16
-12
-2
3
5
5
2
-1
-1
-1
-2
2
6
3
3
2
1
0
0
2
4
4
2
-7
-9
-2
-8
-16
-10
-9
-20
-13
6
8
2
-1
0
3
3
1
0
1
2
1
-1
-3
-3
-3
-4
1
7
4
-2
-4
-1
0
-11
-20
-14
-7
-7
-3
6
6
-2
-5
0
5
2
-4
-5
-5
-4
1
-1
-2
0
2
2
1
0
0
-2
0
8
5
-9
-12
-8
-10
-7
-4
-6
-2
0
-2
-1
-1
-2
-1
-2
-8
-11
3
3
5
4
1
-1
-3
-2
0
-4
-6
-8
-16
-13
-8
-14
-14
-3
0
-7
-5
-1
-5
-7
-3
2
5
2
-4
-6
3
4
8
7
2
-1
-1
1
1
1
6
3
-8
-5
-4
-15
-9
8
6
-3
-1
0
-2
0
2
2
0
-4
-3
0
-2
1
7
6
-1
0
6
5
1
5
12
9
-2
-7
-4
-3
-1
2
1
1
2
6
12
8
-4
-9
-6
-2
3
6
-1
0
-3
-8
-8
-2
2
1
-2
-4
-1
1
-8
-18
-14
-9
-16
-22
-11
4
6
7
9
3
-5
-7
-3
3
7
6
-3
-4
-9
-8
-1
0
-4
-5
-7
-16
-18
-2
12
7
-4
-14
-25
-32
-26
0
18
9
0
0
1
2
1
0
-1
-2
-7
-11
-18
-17
-9
-10
-17
-23
-27
-30
-34
-21
14
30
17
5
-4
-21
-40
-15
31
24
3
3
5
4
2
2
1
1
-33
-47
-64
-62
-47
-40
-40
-42
-50
-63
-72
-56
-16
3
-6
-9
-6
-13
-33
-24
16
20
4
4
5
3
1
-1
0
3
-116
-124
-132
-132
-127
-114
-93
-85
-99
-116
-112
-82
-54
-40
-27
-15
-2
9
13
6
-6
-7
-3
-2
-2
-1
-3
-7
-6
-3
-195
-190
-189
-205
-221
-220
-200
-181
-175
-176
-179
-162
-107
-44
-12
0
14
27
41
21
-26
-26
-6
-4
-3
-1
0
1
2
0
-149
-150
-153
-168
-179
-177
-184
-191
-174
-149
-152
-154
-96
-22
4
7
11
18
33
20
-16
-17
-3
-1
1
2
3
5
4
1
-58
-58
-48
-49
-51
-38
-49
-82
-83
-54
-40
-32
-8
6
6
4
-1
1
15
18
3
-3
1
1
0
-2
-3
-1
-3
-6
33
29
37
52
66
61
43
35
35
35
37
41
40
22
9
11
9
4
3
3
0
2
6
5
3
0
-4
-8
-8
-3
92
82
81
97
108
95
90
105
106
92
92
92
73
45
25
23
21
11
6
8
9
6
2
1
2
2
1
-1
0
4
140
148
164
175
162
148
160
174
169
156
156
158
130
85
49
24
7
-1
4
13
12
5
2
1
0
2
6
8
6
4
184
202
208
206
196
187
184
186
189
191
193
177
121
65
45
28
4
-7
-4
2
3
0
-1
1
2
4
7
7
5
4
86
95
88
79
78
79
77
80
88
95
100
81
36
18
28
28
16
0
-8
-5
0
-1
-5
-4
1
6
7
5
5
5
2
2
2
2
3
6
10
12
14
19
24
15
-2
4
17
16
13
5
-4
1
8
4
1
2
4
6
4
1
1
2
4
5
7
8
10
13
12
8
7
10
11
6
-4
-10
-5
0
1
1
-2
2
9
6
1
0
-1
-3
-4
-2
1
0
6
8
7
8
12
13
9
5
5
7
6
6
4
-9
-10
5
9
3
0
2
6
6
-1
-6
-6
-7
-7
-4
-2
-3
5
4
5
6
4
3
4
3
3
3
1
-2
-7
-7
2
10
9
2
-3
-2
1
2
2
-2
-7
-6
-4
-6
-8
-3
