56
61
8
-13
-5
-5
-4
5
10
14
30
46
35
11
3
-3
-43
-246
-239
-35
11
3
-50
-62
-120
-252
-155
24
36
15
-31
-206
-104
89
3
185
589
356
-39
43
70
7
3
69
69
11
-4
4
7
6
6
6
1
-5
-6
-1
-2
-3
-2
-6
-8
-5
38
114
69
10
-5
-6
0
7
8
9
15
15
2
-4
1
-4
-29
-209
-259
-76
13
-1
-38
-46
-148
-242
-154
-18
33
10
-45
-207
-37
155
16
119
522
366
-52
4
92
82
39
61
47
6
-6
0
7
5
5
9
0
-5
-1
-1
-4
-5
-4
-3
-4
-5
21
114
99
30
-3
-9
3
8
2
0
0
0
-2
-5
-2
-6
-21
-134
-259
-148
-2
-10
-35
-30
-119
-215
-229
-113
23
7
-20
-107
21
118
55
172
405
330
13
-47
61
141
86
38
18
3
-3
-2
4
3
4
9
2
0
1
-4
-3
-5
-5
0
-4
-6
46
92
63
19
-5
-5
7
7
-1
-3
-3
-2
0
-5
-3
-6
-16
-63
-236
-206
-33
-24
-39
-41
-92
-177
-273
-176
10
22
9
-60
23
61
78
233
320
340
102
-66
54
147
84
11
5
2
-2
-1
1
0
3
7
5
5
-1
-5
-1
-2
-2
-3
-8
-5
83
52
16
0
-9
1
10
4
-1
-1
-6
-5
0
-2
-1
-7
-13
-29
-195
-227
-72
-29
-46
-76
-92
-126
-246
-187
-3
34
15
-65
23
52
87
263
333
343
108
-44
57
91
37
-1
3
3
-1
0
-1
-3
2
5
4
5
0
-2
0
0
0
-6
-9
-5
74
15
-1
-4
-8
3
10
2
-2
-1
-7
-4
-1
-1
0
-7
-11
-22
-171
-226
-93
-29
-48
-100
-96
-89
-213
-182
-15
24
7
-62
23
53
125
369
406
244
41
-9
32
27
8
-1
1
3
-1
0
-1
-3
1
3
1
4
3
0
1
1
-1
-5
-7
-6
31
2
-1
-3
-4
3
6
2
-3
-3
-3
0
-1
-4
-1
-5
-11
-22
-167
-216
-94
-36
-45
-129
-116
-81
-196
-156
-19
-1
-3
-39
12
53
259
520
362
101
1
0
9
2
2
1
1
0
-2
2
1
-3
-2
0
0
5
4
1
3
1
-3
-3
-5
-4
1
-1
0
-6
0
7
3
0
-4
-4
1
2
0
-6
-3
-4
-13
-22
-145
-224
-122
-48
-50
-161
-139
-80
-179
-106
2
-17
-19
0
-8
107
474
527
192
26
-1
-6
0
0
-1
2
4
0
-2
4
1
-5
-4
-3
0
6
4
2
2
-1
-2
-2
-5
-2
-6
-4
-1
-7
4
11
0
-3
-2
-4
1
2
-2
-5
-4
-5
-13
-21
-89
-301
-275
-72
-39
-119
-106
-66
-131
-53
32
1
-28
18
32
281
557
328
58
9
1
-7
-6
-2
-2
0
5
5
-1
2
0
-4
-3
-5
-1
5
3
0
-1
0
1
-2
-7
-3
-5
-6
-3
-4
6
10
-2
-4
-1
-2
1
1
-4
-3
-5
-8
-11
-16
-38
-381
-490
-138
-2
-30
-34
-36
-57
-11
35
22
-15
35
220
449
378
107
15
7
4
-4
-8
-7
-4
-2
2
6
2
1
1
-2
-2
-4
-3
2
0
-3
-2
2
1
-2
-6
-3
-5
-5
-4
0
6
5
0
-3
-3
1
2
-1
-4
-3
-7
-10
-7
-10
-23
-311
-577
-276
7
2
0
-10
-7
8
11
11
8
165
450
406
133
19
9
7
6
-1
-6
-9
-8
-3
-2
1
4
4
3
-3
-2
0
-4
-1
-4
-5
-1
2
-1
-4
-4
-1
-6
-7
-4
7
8
0
2
-1
-4
1
1
-1
-4
-5
-8
-8
-2
-9
-22
-149
-559
-445
-25
-7
0
0
5
11
-3
6
116
389
465
200
25
9
8
5
4
0
-2
-3
-8
-8
-8
-4
3
7
4
-3
-3
1
-2
-1
-5
-7
-1
1
-3
-7
-5
1
-7
-21
-4
23
12
-1
2
-1
-4
1
0
-1
-4
-6
-8
-4
0
-10
-19
-51
-513
-544
-73
-7
1
2
2
11
3
93
339
456
254
48
9
5
8
4
0
-1
1
4
-3
-11
-13
-8
-1
6
5
1
-4
-2
1
1
-3
-8
-4
-1
-5
-8
-4
3
-15
-45
0
48
17
0
1
-1
-3
2
0
-3
-4
-7
-7
-1
0
-9
-18
-27
-420
-560
-153
1
2
2
5
11
71
298
447
276
64
8
6
3
7
4
-2
-3
2
4
0
-5
-12
-25
-8
14
7
5
-2
-4
1
1
-2
-6
-5
-2
-6
-7
-4
4
-28
-64
11
70
21
-2
-1
2
-1
1
-1
-4
-5
-7
-3
-1
-2
-7
-16
-26
-291
-552
-269
12
3
0
12
63
261
432
295
73
4
8
6
1
5
3
-2
-2
2
0
-1
0
-10
-82
-34
65
29
5
1
-2
0
0
-2
-3
-3
-3
-5
-9
-15
6
-29
-63
18
70
17
-4
-2
3
0
1
-2
-4
-6
-5
0
-3
-4
-5
-13
-23
-157
-536
-393
6
4
-5
51
247
423
312
86
-1
0
9
6
1
2
1
-1
0
2
-2
-3
-1
-15
-175
-103
155
101
5
2
1
2
2
-3
-5
-2
-4
-8
-18
-26
13
-16
-40
15
46
7
-3
-2
1
-1
1
-2
-4
-3
-3
-3
-4
-2
-3
-12
-19
-59
-493
-495
-48
6
10
204
455
351
101
6
-4
1
6
5
2
-1
-1
1
-1
2
-2
-5
-2
-21
-249
-216
201
213
28
5
5
6
5
-3
-8
-3
-5
-14
-24
-24
17
6
-8
11
20
1
-1
-1
0
-2
-2
-3
-4
1
-1
-5
-4
-2
-1
-11
-18
-26
-410
-545
-153
16
137
416
438
150
11
0
-1
3
3
3
2
-1
-3
0
0
2
-3
-5
-2
-18
-260
-328
87
256
138
58
9
11
11
2
-2
-2
-8
-13
-21
-20
11
37
26
11
6
-1
0
0
0
0
-5
-4
-2
1
-1
-3
-4
-5
0
-8
-16
-25
-285
-555
-289
92
370
467
222
32
2
-2
0
3
2
3
2
0
-4
-2
2
0
-3
-3
-2
-12
-208
-364
-136
123
201
130
50
66
52
24
15
2
-7
-5
-16
-30
-35
57
58
18
2
-2
0
0
0
2
-6
-4
1
-1
-2
-1
-4
-5
-1
-5
-12
-22
-147
-553
-373
290
483
290
54
4
-1
-1
1
1
2
3
1
0
-3
0
1
-4
-2
-2
-3
-9
-120
-318
-276
-62
65
84
73
105
90
59
38
14
9
0
-21
-52
-92
58
73
27
5
0
1
1
0
0
-5
-4
1
-1
-1
1
-4
-4
-2
-3
-8
-19
-57
-459
-275
399
339
86
7
-1
-3
1
4
0
0
2
-1
-1
-1
1
1
-5
-3
-1
-4
-8
-47
-240
-302
-147
-60
-23
-27
-31
13
67
66
43
37
22
-7
-43
-66
49
61
28
17
9
4
4
0
-3
-2
-3
-1
0
-1
3
-2
-5
-1
-1
-6
-16
-26
-229
-79
240
112
10
3
-3
-3
3
5
0
-2
2
-3
-3
0
-2
-1
-2
0
1
-4
-7
-16
-153
-280
-190
-85
-69
-185
-241
-86
46
65
54
70
124
84
-5
-13
39
35
17
24
23
14
9
1
-4
0
-1
-2
-1
-2
3
1
-4
0
-1
-7
-11
-12
-41
9
51
10
5
1
-3
-1
3
2
0
-2
1
-3
-4
-3
-8
-9
2
12
6
-3
-6
-11
-77
-223
-232
-129
-143
-343
-325
-69
23
16
22
101
276
215
19
-9
46
18
0
11
25
23
12
2
-3
0
0
-2
-1
-1
0
1
-1
0
-3
-7
-5
0
7
6
-1
1
4
-1
-2
1
1
0
-1
-2
1
-5
-11
-12
-12
-8
11
23
10
-1
-6
-12
-32
-141
-236
-193
-305
-461
-260
-30
-1
-14
-2
85
333
321
67
-11
61
11
-7
-2
13
15
7
1
0
3
-1
-3
0
0
0
0
-1
-1
-5
-4
1
4
3
0
-1
1
3
-4
-2
3
-1
0
-1
-2
-4
-16
-21
-17
-8
7
26
24
5
0
-3
-10
-14
-66
-198
-264
-433
-442
-165
-51
-28
-19
-12
21
274
388
148
6
56
5
-3
-2
5
4
-1
0
3
5
-2
-3
-1
1
3
-1
-1
-3
-7
-1
6
3
-2
-2
1
2
0
-6
-1
4
-1
0
0
-5
-20
-24
-17
-14
-4
18
36
21
0
-1
1
-6
-10
-27
-125
-366
-504
-308
-109
-81
-62
-41
-29
-15
186
405
233
33
33
2
4
7
10
6
-2
1
3
2
-1
-1
-3
1
3
-3
-1
-3
-5
1
6
1
-3
-2
1
2
-1
-5
-1
5
1
-1
-1
-12
-29
-17
-7
-12
-6
16
37
21
1
-2
1
-3
-8
-16
-56
-413
-613
-283
-64
-60
-65
-44
-24
-15
96
399
327
61
13
2
10
21
25
16
2
-1
0
0
0
2
-2
-1
1
-4
-3
-1
1
3
2
0
-1
-2
-1
2
1
-3
-3
6
2
-3
-1
-17
-23
-8
-5
-9
-10
9
35
21
0
-1
1
-2
-6
-13
-29
-284
-647
-480
-103
-14
-28
-27
-15
-11
51
405
387
85
2
-1
8
25
33
19
1
-9
-7
-3
4
13
2
5
11
0
-2
2
4
3
-1
0
0
-2
0
1
0
-1
-3
4
2
-3
-1
-16
-16
-7
-8
-6
-12
7
34
19
-2
-1
1
-2
-5
-11
-21
-104
-452
-670
-329
-21
-8
-22
-19
6
60
395
402
125
-6
-6
2
15
23
9
-4
-12
-11
-5
8
19
4
19
39
20
3
3
4
1
-3
1
0
-2
3
-1
-4
0
0
1
-1
-3
-1
-10
-12
-9
-11
-4
-9
8
31
15
-2
-2
0
-3
-3
-7
-14
-32
-183
-604
-605
-177
-16
-9
-6
9
31
362
447
197
-11
-7
2
5
8
4
-3
-8
-5
-2
3
11
6
27
59
44
8
0
3
0
-2
3
0
-1
3
-3
-7
0
2
-3
-12
-4
10
0
-9
-11
-12
-4
-2
12
22
7
-2
-2
0
-3
-2
-3
-10
-20
-53
-329
-641
-464
-112
1
-7
-32
-11
342
516
276
-8
-2
3
0
0
5
-1
-7
2
-1
-4
11
20
37
54
39
9
-1
1
0
0
2
1
1
0
-4
-6
-1
-3
-15
-26
4
31
11
-7
-12
-11
-10
2
18
14
1
-2
-3
-2
0
-1
-4
-6
-10
-28
-101
-396
-613
-372
-87
-41
-44
4
278
558
359
-5
4
1
-2
-1
0
-9
-8
7
0
-4
19
46
49
33
17
6
0
-1
1
0
-1
1
1
-2
-4
-5
-7
-16
-28
-23
20
43
18
-5
-10
-8
-12
1
16
10
-1
-2
-2
-4
1
0
-5
-4
-5
-16
-27
-135
-461
-615
-337
-79
-12
13
162
601
442
-10
2
0
-2
0
-5
-19
-8
10
4
2
26
63
44
12
8
3
0
-3
2
3
1
-2
-2
-3
-10
-14
-17
-23
-25
-4
32
44
19
-4
-5
-5
-8
1
8
4
-2
-2
1
-3
-2
1
-3
-5
-2
-6
-17
-38
-215
-568
-588
-224
-23
3
104
647
451
-9
-2
3
-2
-6
-8
-17
-6
7
4
7
34
65
34
4
8
1
-1
-3
2
5
4
-2
-3
-9
-26
-27
-21
-16
-11
7
37
46
19
-3
-3
-4
-4
4
2
-3
-1
-2
0
-1
-3
2
-2
-6
1
-3
-12
-25
-93
-321
-589
-480
-151
0
115
674
374
2
1
6
-7
-15
-6
-8
-1
2
-2
10
43
63
31
2
4
1
-1
-1
2
2
3
2
-2
-19
-40
-30
-18
-11
-2
8
36
50
23
-1
-4
-3
-2
5
1
-5
-1
-2
-1
-1
-2
1
-1
-4
0
-4
-8
-15
-62
-151
-359
-573
-403
-75
151
669
308
1
-2
-2
-14
-12
1
-4
3
-1
-5
19
53
58
24
-2
-2
3
1
-1
2
0
2
4
-5
-27
-43
-28
-16
-11
1
9
33
53
27
1
-3
-3
-2
2
2
-2
-3
-3
2
-1
-2
0
0
-2
-4
-3
-4
-11
-48
-101
-149
-387
-554
-320
124
670
356
-11
-9
-9
-10
-1
2
-4
2
1
6
37
56
38
8
-4
-1
6
3
-1
3
0
1
3
-10
-33
-42
-27
-13
-6
3
10
31
52
28
3
-2
-5
-2
0
1
-1
-3
-2
2
0
0
1
0
-2
-6
-3
-2
-8
-41
-82
-77
-152
-414
-600
-59
726
438
-10
-3
-4
-3
4
-1
-5
0
14
33
49
32
-3
-11
-2
6
14
14
8
5
0
-1
0
-13
-38
-42
-23
-9
-1
5
7
27
51
31
4
-1
-5
-3
0
0
-2
0
1
-2
-1
2
1
0
0
-5
-4
-2
-7
-34
-63
-64
-62
-175
-568
-202
635
322
0
3
-1
-3
1
-4
-5
5
35
59
37
-16
-40
-18
2
9
20
34
27
10
1
-2
-2
-17
-39
-38
-22
-11
0
5
2
24
56
36
3
0
-4
-4
0
1
0
1
0
-3
-1
1
-2
0
3
-4
-3
-2
-14
-27
-42
-49
-57
-69
-265
-132
312
59
4
0
-2
-4
-6
-7
-1
12
45
66
17
-47
-49
-11
9
4
13
43
43
19
3
-1
-2
-24
-39
-31
-24
-14
-2
3
5
28
59
36
1
0
-2
-3
0
1
2
0
-3
-2
0
0
-3
-1
3
-3
-3
-5
-22
-21
-20
-33
-53
-56
-67
-37
36
-100
-1
-2
0
-3
-9
-7
2
10
33
61
14
-45
-40
-7
17
0
2
37
50
29
5
0
-3
-30
-43
-27
-19
-13
-8
3
14
32
56
34
1
0
1
-1
-1
-2
1
1
-4
-3
1
1
0
-1
0
-3
-5
-11
-23
-16
-8
-20
-43
-50
-37
-26
-63
-107
-8
0
4
-3
-6
-5
1
3
19
58
18
-36
-29
-7
17
1
-2
30
54
36
6
0
-5
-33
-47
-23
-12
-13
-9
5
15
31
54
33
3
0
1
-1
-2
-3
-1
2
-3
-5
2
3
2
1
-2
-5
-7
-15
-21
-13
-6
-12
-27
-44
-45
-33
-61
-62
-6
0
1
-6
-4
-2
1
2
26
54
6
-33
-20
-3
11
3
1
26
56
38
6
1
-9
-39
-47
-16
-8
-12
-3
6
10
33
54
27
2
1
-1
-4
0
-1
-3
2
-1
-6
1
5
1
0
-2
-4
-8
-16
-19
-10
-6
-14
-11
-30
-49
-42
-44
-34
0
-2
-5
-10
-10
-4
1
7
48
43
-19
-28
-10
1
2
6
10
24
54
36
7
2
-14
-46
-45
-12
-4
-5
0
3
10
41
51
17
-2
2
-1
-7
1
1
-3
1
0
-4
1
5
-1
-1
-3
-5
-7
-12
-15
-10
-10
-17
-2
-13
-42
-47
-46
-35
2
1
-6
-14
-14
-7
-4
9
60
28
-34
-18
-1
-1
-7
12
21
27
48
28
7
2
-16
-45
-43
-15
-4
0
2
0
17
50
42
9
-3
1
0
-7
-1
2
0
0
-1
-1
3
1
-4
2
-4
-12
-7
-4
-6
-11
-17
-16
-2
-1
-30
-45
-46
-48
7
8
-8
-23
-15
-4
-5
17
51
4
-31
-6
2
-3
-8
14
26
35
41
17
6
3
-18
-44
-39
-16
-6
0
3
-1
26
57
33
4
-1
0
-2
-6
-1
3
2
0
-1
-1
2
-2
-5
2
-8
-18
-5
3
2
-6
-18
-17
-6
5
-19
-42
-46
-58
20
20
-10
-38
-29
-10
2
39
35
-22
-21
0
1
1
-4
10
26
43
37
11
6
1
-26
-47
-30
-12
-4
2
0
-3
32
61
28
0
0
0
-4
-5
0
4
0
0
1
-2
0
-1
-2
-3
-17
-19
1
7
5
-1
-14
-16
-8
4
-10
-33
-50
-67
30
34
-7
-46
-38
-21
2
53
24
-33
-13
-4
-5
4
2
10
27
45
35
13
5
-9
-37
-42
-16
-12
-6
2
0
1
38
60
22
-3
-1
1
-3
-3
-1
2
-1
0
1
-2
1
1
-1
-9
-24
-14
7
8
8
1
-12
-14
-10
0
-2
-18
-48
-73
29
44
2
-46
-36
-24
-1
49
14
-32
-11
-9
-8
2
7
13
31
45
30
17
3
-22
-42
-32
-7
-12
-11
1
4
7
46
55
13
-2
-1
2
-2
-3
-2
0
1
0
0
-1
1
0
-3
-15
-28
-9
13
12
11
4
-9
-13
-13
-5
3
-5
-36
-68
23
49
14
-47
-40
-25
7
38
-1
-24
-12
-8
-3
0
9
15
39
41
18
18
2
-30
-40
-27
-10
-7
-7
6
6
8
51
48
4
1
2
2
-2
-5
-1
0
-1
0
1
1
0
-3
-6
-20
-27
-7
14
17
12
6
-4
-7
-10
-10
2
1
-22
-51
19
53
24
-48
-47
-26
18
29
-15
-18
-10
-4
-1
4
12
17
46
28
4
21
2
-33
-37
-25
-14
-3
-1
8
7
15
52
38
0
2
3
2
-2
-5
1
-1
-5
0
1
1
0
-2
-12
-23
-16
-4
10
16
11
4
-3
1
-2
-11
-4
1
-12
-33
21
59
24
-49
-48
-19
23
16
-21
-16
-8
-2
0
8
13
22
48
18
-3
23
-2
-36
-34
-22
-13
-2
1
4
8
30
51
26
2
2
2
1
-3
-3
1
-1
-4
-1
-1
1
0
-3
-19
-21
-3
-1
7
12
7
1
-1
4
2
-7
-9
-3
-6
-22
30
62
12
-51
-38
-3
21
-3
-24
-13
-7
-3
2
8
14
29
49
14
-8
20
-8
-38
-27
-15
-12
-4
1
-1
10
45
48
16
4
1
2
0
-3
-3
-2
1
-1
-2
-2
2
0
-11
-24
-14
6
2
3
8
4
2
3
2
2
-1
-7
-8
-6
-16
38
59
-3
-53
-25
13
14
-16
-26
-15
-4
-4
4
10
15
35
52
8
-18
15
-8
-35
-19
-8
-10
-5
-3
-6
16
55
42
9
4
0
0
0
0
-4
-3
1
0
-1
-3
1
-2
-21
-26
-5
14
7
-3
4
5
4
4
0
2
2
-2
-9
-9
-15
43
51
-18
-52
-16
27
8
-26
-23
-17
-2
-1
8
9
11
45
54
1
-24
3
-7
-27
-16
-8
-6
-3
-5
-3
24
55
32
5
4
0
-2
0
2
-4
-3
0
1
0
-3
0
-9
-30
-22
3
18
13
-3
1
4
3
3
0
2
2
0
-7
-10
-15
50
39
-33
-44
-2
32
-3
-32
-17
-13
-5
2
11
6
9
56
53
-5
-21
-10
-12
-19
-14
-12
-4
-3
-4
7
35
49
19
3
3
1
-1
0
1
-4
-5
1
4
-1
-2
-2
-20
-33
-11
7
14
16
6
0
1
2
0
-2
2
4
0
-5
-11
-14
53
21
-43
-31
17
23
-21
-28
-12
-6
-9
0
12
6
15
61
49
-7
-16
-15
-19
-18
-12
-12
-6
-7
-3
20
48
40
8
2
1
2
0
0
-1
-4
-4
2
4
-2
-2
-7
-28
-29
0
11
8
13
13
2
0
0
0
-3
1
5
-1
-4
-10
-15
48
-3
-45
-16
29
8
-32
-19
-8
0
-8
-2
8
5
28
63
42
-4
-15
-19
-23
-18
-14
-10
-8
-11
1
36
53
26
3
1
0
1
0
1
-2
-3
-1
1
1
-3
-3
-11
-29
-23
2
12
9
11
13
6
0
-2
3
-1
0
0
-4
-3
-6
-15
37
-26
-37
2
28
-12
-31
-11
-7
1
-4
-2
2
7
42
63
33
-2
-16
-23
-25
-13
-15
-14
-6
-7
7
47
48
13
1
-1
0
0
0
2
-1
-2
-1
0
1
-5
-8
-14
-24
-15
-1
7
13
12
10
9
2
-1
2
-1
-1
-5
-5
-2
-5
-13
17
-42
-22
20
16
-31
-22
-7
-8
-2
-2
-2
-1
10
51
63
24
-2
-16
-27
-25
-10
-16
-17
-1
2
17
50
37
6
0
-2
1
1
0
1
-1
-2
-2
-1
1
-5
-16
-18
-13
-6
0
4
12
9
6
11
6
0
-3
-3
-3
-4
-2
-2
-8
-16
-11
-51
-6
31
0
-37
-13
-5
-5
-3
-3
-4
-1
12
55
63
18
-3
-17
-30
-24
-14
-18
-12
2
8
33
48
22
4
0
-2
2
2
0
-1
-2
-1
-3
-2
1
-7
-24
-17
-2
-1
4
4
9
7
5
10
6
0
-5
-4
-4
-3
-2
-2
-14
-45
