45
25
31
34
37
36
38
42
44
41
40
38
36
22
11
8
9
10
25
72
73
79
77
75
93
94
105
153
158
151
151
148
148
163
158
157
156
80
24
23
19
17
26
32
29
14
11
10
9
8
8
7
7
6
6
7
8
8
7
8
8
9
11
11
41
41
26
24
29
31
30
29
28
28
27
24
15
9
9
10
9
10
19
74
82
80
76
81
89
96
121
162
159
153
149
149
158
212
206
201
204
152
39
49
51
30
27
30
27
13
8
10
10
9
8
7
6
6
6
7
8
7
9
8
9
10
11
11
41
49
29
13
9
10
11
13
13
11
9
8
7
8
9
9
8
10
15
66
80
82
77
81
85
94
129
155
155
151
146
147
162
212
160
151
163
141
36
48
56
49
27
27
21
10
8
9
10
9
8
8
7
5
7
7
7
7
8
8
9
9
10
10
38
42
39
17
7
6
7
8
5
6
6
7
7
7
7
8
8
10
13
43
79
81
78
83
87
88
115
142
179
177
174
179
178
193
171
171
151
121
48
44
48
57
38
19
11
9
9
8
9
9
8
8
7
6
7
6
6
7
7
9
9
8
9
10
32
38
21
10
6
5
7
7
6
5
6
6
6
6
6
8
7
9
11
21
73
77
80
84
89
91
108
137
183
184
179
177
175
191
170
178
152
116
80
33
47
53
35
10
9
9
8
9
9
9
9
9
8
7
6
5
7
7
7
7
7
8
10
9
31
16
6
5
5
7
8
6
5
5
5
5
7
7
7
7
7
9
10
15
56
71
76
79
88
101
114
132
173
179
176
169
171
187
165
174
143
115
70
18
34
31
14
8
9
9
8
8
8
8
8
9
8
8
7
7
7
7
7
7
7
9
9
10
26
7
4
5
5
6
7
5
4
5
5
5
7
6
7
6
7
8
10
13
51
72
76
78
89
103
110
121
163
167
164
160
163
175
157
162
132
79
17
13
14
11
9
9
8
9
8
8
8
8
9
9
8
8
8
7
7
7
7
7
7
8
9
10
10
6
5
6
5
6
6
6
5
5
5
6
6
6
7
7
7
8
9
14
52
66
75
75
85
103
113
125
161
168
171
168
171
182
166
168
113
24
10
9
11
9
9
9
8
9
8
9
9
9
8
9
9
9
9
8
8
8
7
7
8
8
9
9
5
5
6
5
6
7
6
5
5
5
7
6
6
5
5
7
6
8
10
13
50
66
73
78
85
126
124
145
171
169
169
177
173
173
177
161
49
12
8
7
8
9
8
9
9
8
8
9
8
7
8
9
9
10
9
8
8
7
7
8
8
8
9
8
4
4
6
5
6
7
5
4
5
5
5
6
5
6
6
7
7
8
10
14
32
80
85
95
101
132
134
152
171
167
163
168
174
162
179
93
14
8
7
7
7
9
9
9
9
9
7
7
8
7
8
8
9
9
9
8
8
8
9
8
8
9
10
10
4
4
5
6
6
7
4
4
5
5
5
6
5
5
6
6
7
8
10
12
15
128
161
158
156
155
157
162
167
161
153
150
155
148
109
17
10
8
7
6
6
7
8
9
9
10
9
8
8
8
8
8
8
10
9
9
9
10
9
9
9
9
11
10
4
5
5
6
6
6
5
5
5
6
6
5
5
6
6
6
8
9
10
11
16
94
161
157
157
156
156
158
156
156
157
155
157
130
24
12
9
8
7
6
5
6
7
9
9
9
9
9
8
8
7
9
8
8
9
9
10
10
11
10
11
11
11
11
4
5
6
6
7
5
5
5
4
5
5
5
5
5
6
7
8
9
8
11
14
40
155
160
161
163
162
162
159
159
160
161
150
48
12
9
8
7
6
6
5
6
5
7
8
9
10
10
9
8
8
9
8
9
9
9
11
11
10
10
11
12
13
12
5
5
6
9
7
4
4
5
4
5
5
5
5
5
6
6
8
7
8
10
12
18
144
160
161
162
160
162
161
159
161
150
65
12
9
8
7
7
5
6
5
6
5
4
5
8
9
10
9
8
8
8
10
8
9
8
9
10
11
11
12
13
13
12
5
5
8
17
9
5
5
4
4
5
5
4
5
5
6
7
8
7
8
9
13
15
121
155
154
155
154
154
153
152
149
75
12
8
8
7
7
6
5
5
6
6
5
5
5
6
8
9
10
9
8
7
8
9
8
8
9
10
10
10
12
12
12
11
5
6
13
23
10
4
4
5
5
4
5
4
5
5
6
7
7
7
7
9
11
16
83
154
153
151
152
151
148
147
85
12
8
8
8
6
6
6
5
5
5
6
5
6
5
5
7
22
11
10
9
9
9
9
9
10
9
10
10
11
11
12
14
11
6
6
15
24
9
4
4
5
4
4
4
4
5
5
7
6
6
7
8
8
11
14
50
150
146
144
145
145
142
92
11
7
7
9
7
6
6
6
5
6
6
5
5
6
6
7
9
52
33
11
10
10
9
10
9
9
10
10
10
11
11
16
20
13
5
5
8
15
5
4
4
5
5
5
5
4
5
5
6
6
7
7
7
8
10
12
17
138
148
147
147
150
106
13
8
6
7
7
7
6
5
5
6
5
5
6
5
6
6
6
13
74
64
13
11
11
11
10
9
9
10
12
11
13
16
20
21
14
6
6
7
8
4
4
4
4
4
4
5
5
6
6
5
6
7
7
7
7
10
12
16
117
153
153
150
136
31
8
7
6
7
6
6
5
6
5
6
6
6
6
5
7
7
8
11
76
101
38
17
15
13
12
11
10
11
11
12
13
15
18
20
16
17
11
6
5
4
4
4
4
4
4
4
5
5
6
5
6
5
7
7
7
9
11
16
85
156
157
147
51
10
6
6
6
7
6
6
6
5
5
5
6
6
5
6
6
6
6
9
62
106
112
71
22
21
20
16
14
13
11
12
14
14
18
19
17
24
20
8
4
4
4
5
4
5
4
4
6
5
5
5
6
6
7
7
7
8
10
13
42
151
151
80
10
6
6
6
6
6
6
6
5
5
5
5
6
5
6
6
6
7
7
9
35
89
109
120
111
94
68
40
30
22
20
21
19
19
22
34
61
26
25
12
5
4
4
4
4
4
4
4
5
5
5
6
5
5
6
6
7
7
9
12
18
149
101
10
6
5
5
5
6
5
5
5
5
5
5
5
5
4
5
6
6
6
7
8
15
69
93
104
114
122
129
130
121
110
106
99
96
101
107
118
122
27
25
13
8
6
5
5
4
4
4
5
5
6
5
5
5
5
6
6
6
6
7
10
14
57
14
7
6
5
5
6
6
5
4
5
5
4
6
5
6
6
5
6
6
6
7
8
10
46
82
92
98
105
138
174
179
165
153
145
137
121
119
115
116
26
24
19
17
13
7
6
5
4
5
5
4
5
5
6
6
4
5
6
5
6
7
9
10
7
6
6
5
5
5
6
5
5
5
5
5
5
6
6
6
7
9
7
6
6
7
7
9
23
67
86
99
111
189
206
201
198
203
195
175
117
116
117
120
25
19
14
15
16
14
8
5
4
4
5
5
5
5
5
5
6
5
5
5
6
7
7
6
5
5
6
5
5
5
5
5
5
5
5
6
5
6
6
9
11
13
9
6
5
6
7
10
14
45
74
94
154
217
220
221
222
227
226
198
130
119
117
123
23
10
6
7
8
8
6
5
4
5
4
4
4
5
4
5
4
5
5
5
6
6
6
5
5
5
5
5
4
6
5
5
5
5
6
5
5
9
13
15
14
12
7
6
6
6
7
8
9
21
62
84
182
209
215
219
220
219
217
220
154
116
113
115
20
5
4
4
5
5
4
5
5
5
4
3
5
4
5
4
4
4
4
5
6
5
4
4
5
5
5
4
5
6
5
5
6
5
5
6
11
14
15
16
16
11
6
6
7
6
6
8
9
13
41
102
154
171
187
198
203
211
217
217
165
116
112
108
13
6
6
6
5
5
4
4
5
4
4
4
4
4
5
3
4
4
4
5
6
5
4
5
5
5
4
5
5
6
5
5
4
5
5
8
14
12
15
16
16
11
7
6
6
7
6
7
8
11
16
136
174
181
184
198
209
213
213
215
194
116
108
100
18
16
15
15
12
9
5
5
4
4
4
4
4
4
5
5
5
6
6
6
5
5
5
5
5
6
6
5
5
6
6
4
6
5
6
10
11
11
12
13
15
12
6
6
6
6
6
7
7
10
15
84
199
208
210
207
209
208
211
213
205
113
103
92
19
19
19
19
16
11
6
4
5
7
6
7
6
5
5
5
5
6
6
6
5
5
5
5
5
5
5
5
5
5
6
4
5
5
5
9
9
11
11
12
14
10
6
6
7
6
6
6
8
9
13
20
134
207
205
206
210
216
217
215
197
109
100
82
19
19
20
21
21
18
15
17
17
21
22
24
18
15
17
9
6
6
5
4
4
4
5
4
5
5
4
5
5
5
5
5
5
5
6
8
9
10
12
12
15
10
6
5
6
6
7
7
7
9
10
17
36
189
212
213
211
214
214
205
200
122
94
72
22
24
26
26
25
25
24
25
25
26
25
25
25
26
24
19
7
4
5
5
4
5
5
4
5
4
4
5
6
5
5
5
7
7
6
7
8
10
11
9
11
7
6
6
7
6
6
7
7
7
10
12
20
85
202
215
215
212
208
222
225
132
87
62
24
26
26
27
25
27
25
24
24
26
24
27
25
23
22
16
8
5
5
5
5
5
4
4
4
4
4
5
6
5
6
8
14
8
5
5
7
8
10
12
9
6
6
6
6
7
7
7
7
8
8
10
15
21
116
201
203
205
221
226
212
147
78
61
24
24
24
22
24
23
25
24
27
26
25
26
27
22
14
6
5
4
4
4
4
4
5
5
4
4
5
5
5
6
9
15
17
9
5
4
6
7
8
10
8
6
5
6
6
7
7
6
7
8
8
9
12
15
24
138
209
220
221
212
218
182
66
65
19
23
22
22
22
22
21
23
27
25
24
24
23
17
6
7
5
5
4
5
5
4
4
4
5
5
5
6
8
11
16
18
15
10
5
5
6
6
7
8
7
6
6
7
6
6
7
7
7
7
8
8
9
12
19
47
177
216
214
223
216
200
53
78
16
18
20
20
20
21
21
23
26
25
24
23
22
15
6
7
5
5
5
5
6
5
4
3
5
4
7
11
15
17
18
19
16
9
4
5
5
5
6
6
5
6
6
6
7
6
7
7
6
8
8
7
8
10
14
32
81
200
219
217
215
189
46
99
23
22
21
21
18
21
23
24
24
24
24
25
22
14
6
6
5
4
5
5
5
4
5
4
4
4
9
15
17
19
19
19
17
10
5
4
5
6
6
6
4
6
6
6
6
7
6
7
6
7
7
7
9
9
12
23
41
107
208
217
214
181
41
109
21
20
19
19
19
25
23
23
24
22
24
24
20
11
5
4
6
6
5
5
5
5
5
4
4
5
11
16
17
20
21
20
19
12
5
5
5
5
5
6
5
5
5
6
6
5
7
6
7
6
7
7
7
8
10
20
36
43
137
209
204
158
50
84
14
17
19
22
24
24
23
24
24
23
25
23
16
7
4
5
5
5
4
5
5
4
5
4
4
7
12
17
20
21
21
20
18
12
5
5
4
6
6
6
6
6
6
7
7
6
6
6
6
6
7
8
8
8
10
18
30
37
48
149
228
163
39
27
23
24
26
24
25
24
24
24
25
25
22
17
7
6
8
9
9
8
6
6
5
5
5
5
5
8
15
19
20
20
20
19
18
12
6
5
5
5
6
6
6
6
7
6
6
7
7
6
6
6
6
7
7
8
8
17
24
33
39
57
212
139
18
47
24
25
23
23
24
24
23
25
25
24
16
7
6
13
19
20
18
16
11
6
4
4
4
5
5
9
15
19
20
22
20
20
20
15
6
5
5
5
6
6
6
6
6
5
6
6
6
6
7
6
6
7
7
7
10
13
21
26
35
41
77
65
19
63
24
22
23
23
23
24
25
26
25
22
11
5
9
20
22
21
21
21
18
9
6
4
5
4
5
10
14
17
21
21
21
21
21
14
5
5
5
5
6
6
6
5
5
6
6
6
6
6
7
6
6
7
6
8
13
14
17
21
31
36
39
38
37
75
23
23
22
23
23
24
26
26
25
23
17
8
14
19
24
21
18
21
18
12
6
5
5
5
6
13
17
20
22
23
24
22
19
13
6
5
6
5
5
5
5
6
5
5
6
6
6
6
6
7
6
7
8
10
13
13
14
19
25
30
34
39
60
67
23
24
27
25
25
25
26
26
26
26
23
12
17
20
24
22
20
22
21
15
7
5
5
5
6
13
18
19
20
22
24
21
20
14
6
5
5
5
5
5
6
6
6
6
7
7
6
6
5
5
6
7
7
11
13
15
15
16
22
29
33
35
46
49
25
26
26
24
25
26
26
27
26
27
21
12
18
21
23
22
20
21
20
14
6
5
5
5
7
14
19
18
22
22
21
20
19
12
6
5
5
5
5
6
5
6
6
5
6
7
6
6
6
6
6
7
9
11
13
13
14
17
16
24
30
36
39
42
24
23
24
26
27
28
28
27
27
25
14
15
20
22
23
21
22
20
20
15
6
5
4
4
8
17
19
19
19
20
20
19
18
9
4
5
5
4
6
6
5
6
6
6
6
7
6
5
6
6
7
6
8
10
13
12
15
17
15
20
25
32
38
40
22
21
21
19
21
23
28
28
29
25
12
17
22
22
21
22
24
19
18
12
6
5
4
5
8
16
19
20
20
19
19
20
15
7
5
5
6
5
5
7
6
6
6
6
6
6
5
6
6
5
7
9
9
9
10
13
15
16
15
16
23
27
34
40
21
21
21
21
24
25
23
23
26
22
13
20
21
21
21
23
23
18
16
10
6
6
5
5
9
15
19
20
21
21
20
20
13
6
5
5
5
5
6
6
6
6
5
6
6
6
5
7
7
6
8
10
10
10
9
11
14
16
16
14
20
25
31
39
21
19
15
13
17
24
27
27
25
15
17
23
22
22
21
21
22
20
16
8
7
6
5
5
11
18
19
20
20
19
20
21
12
5
5
5
5
5
6
7
6
5
6
5
5
6
6
6
6
7
11
13
10
10
9
10
12
14
14
13
17
22
30
39
20
18
12
10
15
22
25
28
24
14
18
22
21
23
22
22
22
19
15
8
6
5
5
7
15
18
19
21
19
20
20
20
11
5
5
6
5
6
6
6
6
6
7
6
7
6
6
6
6
8
12
11
11
10
9
10
12
13
14
13
14
17
27
36
22
20
14
8
13
19
21
25
23
12
19
21
21
24
25
23
22
20
15
9
7
4
6
10
17
17
17
21
22
22
20
19
8
5
5
6
6
5
6
6
7
6
6
6
6
7
6
6
7
10
14
12
10
9
7
8
10
12
14
13
13
14
22
32
20
19
15
7
12
19
22
25
20
16
20
22
24
24
23
25
22
21
12
9
7
5
7
13
17
20
20
21
21
19
20
18
7
6
6
5
5
5
6
6
6
6
6
6
6
5
6
7
7
12
15
14
11
9
8
7
8
9
11
12
10
11
15
24
21
19
16
6
9
18
21
25
16
18
21
21
23
22
24
21
20
17
8
11
8
6
7
14
16
20
20
21
20
18
18
15
5
5
6
5
5
4
5
6
5
6
7
6
6
6
6
6
9
12
13
13
11
9
8
8
9
7
9
10
10
10
13
17
20
21
16
6
9
18
22
24
16
18
21
24
23
24
23
21
20
16
8
12
9
5
9
14
18
20
21
20
21
20
19
12
6
6
5
5
5
5
6
5
5
6
6
6
7
6
7
6
12
12
12
12
10
9
8
9
9
8
8
10
11
10
12
16
22
21
14
5
11
18
21
18
15
21
21
22
23
23
22
22
19
14
7
10
8
6
11
16
18
20
21
21
20
20
18
9
6
5
5
5
4
5
5
6
6
5
6
6
6
5
6
8
12
11
11
11
10
9
10
9
8
8
8
8
10
11
11
14
23
21
13
6
14
19
19
16
16
19
23
24
24
25
24
22
19
14
6
12
11
7
13
16
17
17
20
19
21
22
17
7
6
5
5
5
5
5
5
6
6
6
6
6
7
6
7
11
14
13
10
11
11
10
9
8
9
9
8
8
8
10
11
14
21
19
11
6
15
20
20
13
18
20
24
24
24
25
21
22
19
11
5
11
12
10
13
17
17
19
18
19
20
20
14
6
6
5
5
5
6
5
5
6
5
6
5
6
6
6
8
14
14
12
9
9
11
9
10
9
8
8
8
8
8
10
10
14
22
20
9
10
18
21
19
11
18
20
22
24
23
22
21
22
19
7
6
8
11
12
14
16
18
19
19
20
19
18
11
6
6
5
5
5
5
5
5
6
7
6
6
6
6
6
11
15
14
14
10
9
8
9
8
8
9
9
8
8
8
9
11
12
21
18
7
12
18
20
13
15
20
22
23
23
26
24
22
21
19
6
6
9
10
12
15
16
17
20
18
21
20
17
7
6
6
6
6
5
6
5
6
6
7
5
5
6
6
8
14
15
13
12
12
9
8
9
8
9
8
10
8
8
8
9
11
13
20
15
8
16
20
20
12
17
20
22
22
22
24
22
22
22
15
6
5
6
8
11
14
17
18
18
21
22
20
12
6
6
5
5
5
5
5
5
6
6
6
6
7
6
7
9
14
15
13
11
11
9
8
7
8
8
7
8
7
8
8
9
9
13
20
11
10
18
20
18
12
21
21
23
22
22
23
23
23
21
12
5
3
6
8
12
14
14
18
18
19
20
18
8
6
5
6
6
6
6
6
5
6
5
6
5
5
7
7
10
14
14
15
13
11
9
8
7
8
7
7
7
7
9
9
9
10
12
19
7
14
18
19
12
15
21
20
23
23
24
23
24
23
21
10
6
5
6
8
12
15
15
18
20
19
19
15
6
5
5
5
5
5
5
5
5
5
6
6
6
6
7
10
12
13
13
13
12
10
10
9
7
7
7
8
8
9
9
9
10
11
13
13
6
16
19
18
11
18
21
21
22
22
23
23
24
24
22
10
5
5
6
10
15
15
17
21
20
19
18
11
6
6
5
6
6
5
5
5
5
6
5
6
6
6
7
12
12
12
12
11
11
9
10
8
7
6
7
8
8
9
8
9
8
12
15
9
8
19
22
16
13
20
21
22
22
22
22
23
24
22
19
8
5
5
6
9
12
16
19
19
20
20
17
7
6
5
5
5
5
5
5
5
6
5
6
7
6
6
10
14
12
13
12
11
11
9
8
7
7
7
7
7
8
8
10
10
11
16
39
