0
0
0
0
5
0
0
0
0
0
0
1
4
4
6
10
9
3
1
3
4
4
3
1
2
6
9
11
10
6
3
1
1
3
5
7
5
0
0
0
0
0
0
0
3
9
10
6
1
0
0
0
0
3
5
0
0
5
7
5
3
1
0
0
0
0
5
0
0
0
0
0
0
1
4
4
6
10
9
3
1
3
4
4
3
1
2
6
9
11
10
6
3
1
1
3
5
7
5
0
0
0
0
0
0
0
3
9
10
6
1
0
0
0
0
3
5
0
0
5
7
5
3
1
0
0
0
0
0
0
1
3
1
0
0
0
0
0
0
0
0
5
5
0
0
0
3
9
9
3
0
0
0
0
0
0
3
1
0
0
1
3
3
1
0
0
4
12
11
1
0
5
10
14
16
16
13
7
3
1
0
0
0
0
0
0
0
0
0
0
0
0
1
3
1
0
0
0
0
0
0
0
0
5
5
0
0
0
3
9
9
3
0
0
0
0
0
0
3
1
0
0
1
3
3
1
0
0
4
12
11
1
0
5
10
14
16
16
13
7
3
1
0
0
0
0
0
0
0
0
0
0
0
0
3
1
1
3
3
1
0
0
0
0
0
0
1
3
5
7
20
44
48
32
18
6
0
0
0
0
0
4
6
2
4
12
15
13
10
6
2
0
0
5
9
11
10
6
3
1
2
6
5
0
0
0
0
0
0
1
0
0
0
0
0
0
3
1
1
3
3
1
0
0
0
0
0
0
1
3
5
7
20
44
48
32
18
6
0
0
0
0
0
4
6
2
4
12
15
13
10
6
2
0
0
5
9
11
10
6
3
1
2
6
5
0
0
0
0
0
0
1
0
0
0
0
0
0
0
0
0
0
0
0
0
0
0
0
0
0
0
2
1
0
0
0
0
0
0
5
9
11
11
9
15
29
31
21
10
0
0
0
0
3
5
0
0
0
0
0
0
0
0
0
0
0
0
0
0
0
0
0
0
0
0
0
0
0
0
0
0
0
0
0
0
0
0
0
0
0
0
0
0
2
1
0
0
0
0
0
0
5
9
11
11
9
15
29
31
21
10
0
0
0
0
3
5
0
0
0
0
0
0
0
0
0
0
0
0
0
0
0
0
0
0
0
0
5
3
0
0
0
0
4
6
2
3
9
12
12
8
0
0
0
1
3
4
4
0
0
0
0
4
12
21
31
37
39
42
46
34
6
0
7
13
15
11
1
0
0
0
0
0
0
0
0
0
5
5
0
0
8
9
3
1
3
3
1
0
5
3
0
0
0
0
4
6
2
3
9
12
12
8
0
0
0
1
3
4
4
0
0
0
0
4
12
21
31
37
39
42
46
34
6
0
7
13
15
11
1
0
0
0
0
0
0
0
0
0
5
5
0
0
8
9
3
1
3
3
1
23
21
14
2
0
0
0
0
0
0
0
0
0
0
0
0
0
0
0
0
0
0
0
0
0
0
0
0
0
0
0
0
0
0
0
0
0
0
0
0
0
0
0
0
0
5
8
8
7
5
4
4
3
1
1
3
4
4
8
16
15
5
23
21
14
2
0
0
0
0
0
0
0
0
0
0
0
0
0
0
0
0
0
0
0
0
0
0
0
0
0
0
0
0
0
0
0
0
0
0
0
0
0
0
0
0
0
5
8
8
7
5
4
4
3
1
1
3
4
4
8
16
15
5
2
6
10
14
14
10
6
2
1
3
2
0
0
0
0
4
7
5
4
4
5
7
7
5
0
0
0
0
0
0
0
0
0
0
0
0
0
0
0
2
0
0
0
0
0
0
0
0
1
3
2
0
0
2
2
0
0
2
0
0
0
3
2
6
10
14
14
10
6
2
1
3
2
0
0
0
0
4
7
5
4
4
5
7
7
5
0
0
0
0
0
0
0
0
0
0
0
0
0
0
0
2
0
0
0
0
0
0
0
0
1
3
2
0
0
2
2
0
0
2
0
0
0
3
20
12
11
17
17
11
8
8
13
23
26
22
15
5
0
0
3
9
13
15
13
7
3
1
2
6
6
2
1
3
0
0
0
2
9
11
13
15
16
16
14
10
7
5
4
4
0
0
0
0
2
6
5
0
0
0
0
0
0
0
0
0
20
12
11
17
17
11
8
8
13
23
26
22
15
5
0
0
3
9
13
15
13
7
3
1
2
6
6
2
1
3
0
0
0
2
9
11
13
15
16
16
14
10
7
5
4
4
0
0
0
0
2
6
5
0
0
0
0
0
0
0
0
0
6
10
2
0
0
0
0
0
0
0
0
0
0
0
4
4
1
0
0
0
0
0
2
6
7
5
3
1
0
0
0
0
0
0
0
0
0
0
0
2
10
22
26
22
16
8
6
10
14
18
16
8
8
16
14
2
0
2
6
10
9
3
6
10
2
0
0
0
0
0
0
0
0
0
0
0
4
4
1
0
0
0
0
0
2
6
7
5
3
1
0
0
0
0
0
0
0
0
0
0
0
2
10
22
26
22
16
8
6
10
14
18
16
8
8
16
14
2
0
2
6
10
9
3
0
0
0
2
7
0
0
0
0
0
0
2
3
1
0
0
0
0
0
0
0
0
0
0
0
0
0
0
0
0
4
12
16
16
12
4
0
0
0
0
0
0
0
0
0
0
3
9
7
0
0
0
0
0
0
0
2
0
0
2
5
7
0
0
0
2
7
0
0
0
0
0
0
2
3
1
0
0
0
0
0
0
0
0
0
0
0
0
0
0
0
0
4
12
16
16
12
4
0
0
0
0
0
0
0
0
0
0
3
9
7
0
0
0
0
0
0
0
2
0
0
2
5
7
19
17
11
1
0
2
5
7
8
8
7
5
1
0
0
1
3
1
0
0
0
0
0
0
7
21
24
16
8
0
0
0
0
0
0
2
2
0
0
8
18
30
28
12
2
0
0
0
0
0
0
4
6
2
0
0
0
2
3
1
0
0
19
17
11
1
0
2
5
7
8
8
7
5
1
0
0
1
3
1
0
0
0
0
0
0
7
21
24
16
8
0
0
0
0
0
0
2
2
0
0
8
18
30
28
12
2
0
0
0
0
0
0
4
6
2
0
0
0
2
3
1
0
0
23
29
26
14
11
17
18
14
12
12
11
9
6
2
0
0
0
2
2
0
0
2
4
4
6
10
12
12
16
24
23
13
0
0
0
0
0
0
0
0
0
19
26
14
5
0
0
5
4
0
0
0
0
0
0
4
6
2
1
3
5
7
23
29
26
14
11
17
18
14
12
12
11
9
6
2
0
0
0
2
2
0
0
2
4
4
6
10
12
12
16
24
23
13
0
0
0
0
0
0
0
0
0
19
26
14
5
0
0
5
4
0
0
0
0
0
0
4
6
2
1
3
5
7
45
23
13
15
10
0
0
0
0
0
0
0
2
6
10
14
14
10
8
8
8
8
7
5
0
0
0
0
2
22
32
32
26
14
4
0
0
1
2
0
0
0
0
0
0
0
0
0
0
5
10
14
13
7
2
0
0
2
4
4
4
4
45
23
13
15
10
0
0
0
0
0
0
0
2
6
10
14
14
10
8
8
8
8
7
5
0
0
0
0
2
22
32
32
26
14
4
0
0
1
2
0
0
0
0
0
0
0
0
0
0
5
10
14
13
7
2
0
0
2
4
4
4
4
27
17
24
48
52
36
24
16
11
9
9
11
9
3
0
0
0
0
0
1
3
1
0
0
0
0
0
0
0
0
0
0
0
10
26
30
28
20
12
4
0
0
0
5
6
2
0
0
0
0
0
0
0
0
0
4
7
5
0
0
0
0
27
17
24
48
52
36
24
16
11
9
9
11
9
3
0
0
0
0
0
1
3
1
0
0
0
0
0
0
0
0
0
0
0
10
26
30
28
20
12
4
0
0
0
5
6
2
0
0
0
0
0
0
0
0
0
4
7
5
0
0
0
0
41
43
39
29
24
24
26
30
23
5
0
0
0
10
14
10
7
5
4
4
4
4
4
4
3
1
0
0
0
0
0
0
0
0
0
0
0
0
4
4
4
4
1
0
0
1
3
1
0
0
1
3
4
4
8
16
15
5
0
0
0
0
41
43
39
29
24
24
26
30
23
5
0
0
0
10
14
10
7
5
4
4
4
4
4
4
3
1
0
0
0
0
0
0
0
0
0
0
0
0
4
4
4
4
1
0
0
1
3
1
0
0
1
3
4
4
8
16
15
5
0
0
0
0
65
115
136
128
101
55
20
0
0
5
11
9
8
8
5
0
0
0
0
0
0
0
5
15
19
17
12
4
1
3
7
13
17
19
18
14
3
0
0
0
0
0
0
8
10
6
3
1
0
0
1
3
8
16
25
35
33
19
11
9
10
14
65
115
136
128
101
55
20
0
0
5
11
9
8
8
5
0
0
0
0
0
0
0
5
15
19
17
12
4
1
3
7
13
17
19
18
14
3
0
0
0
0
0
0
8
10
6
3
1
0
0
1
3
8
16
25
35
33
19
11
9
10
14
0
29
62
90
98
86
67
41
23
13
4
0
0
0
0
1
5
7
9
11
15
21
21
15
9
3
1
3
2
0
0
0
0
0
0
0
0
0
0
0
0
0
2
6
8
8
9
11
11
9
7
5
2
0
0
5
7
5
4
4
6
10
0
29
62
90
98
86
67
41
23
13
4
0
0
0
0
1
5
7
9
11
15
21
21
15
9
3
1
3
2
0
0
0
0
0
0
0
0
0
0
0
0
0
2
6
8
8
9
11
11
9
7
5
2
0
0
5
7
5
4
4
6
10
0
0
0
0
0
20
28
12
2
0
0
0
0
0
0
0
1
0
0
1
5
7
3
0
0
3
7
5
5
7
7
5
2
0
0
8
10
6
9
19
21
15
9
3
0
0
0
0
0
3
12
20
16
0
0
0
0
0
1
11
15
13
0
0
0
0
0
20
28
12
2
0
0
0
0
0
0
0
1
0
0
1
5
7
3
0
0
3
7
5
5
7
7
5
2
0
0
8
10
6
9
19
21
15
9
3
0
0
0
0
0
3
12
20
16
0
0
0
0
0
1
11
15
13
0
0
0
0
0
0
0
0
0
0
0
0
0
0
0
0
0
2
6
10
36
84
115
129
122
94
75
65
47
21
4
0
0
0
0
0
0
2
1
0
0
0
0
0
2
6
4
0
0
1
0
0
0
0
0
0
0
0
0
0
0
1
0
0
0
0
0
0
0
0
0
0
0
0
0
0
0
0
0
2
6
10
36
84
115
129
122
94
75
65
47
21
4
0
0
0
0
0
0
2
1
0
0
0
0
0
2
6
4
0
0
1
0
0
0
0
0
0
0
0
0
0
0
1
0
0
0
0
0
0
0
0
0
0
0
0
1
3
7
13
16
16
16
16
20
28
16
0
0
10
31
45
42
22
12
12
9
3
0
0
2
14
14
2
0
5
6
2
11
33
38
26
13
0
0
0
0
1
3
1
1
3
5
7
6
2
0
0
0
0
0
0
0
0
0
0
0
0
1
3
7
13
16
16
16
16
20
28
16
0
0
10
31
45
42
22
12
12
9
3
0
0
2
14
14
2
0
5
6
2
11
33
38
26
13
0
0
0
0
1
3
1
1
3
5
7
6
2
0
0
0
0
0
0
0
0
0
0
0
0
0
0
0
0
0
0
0
0
0
0
0
0
0
2
7
5
11
25
26
14
4
0
0
10
16
16
15
13
7
0
0
4
3
0
0
3
6
2
2
6
5
0
0
5
9
11
8
0
0
5
0
0
0
0
0
0
0
0
0
0
0
0
0
0
0
0
0
0
0
0
0
0
0
0
0
2
7
5
11
25
26
14
4
0
0
10
16
16
15
13
7
0
0
4
3
0
0
3
6
2
2
6
5
0
0
5
9
11
8
0
0
5
0
0
0
0
0
0
0
0
0
0
0
0
0
0
0
0
0
0
0
7
11
9
14
26
36
44
24
0
0
0
3
1
6
18
18
6
7
21
23
13
9
11
11
9
12
20
17
3
0
0
2
6
9
11
8
0
0
0
0
0
0
0
0
0
0
0
0
0
0
0
0
0
0
0
0
0
0
0
0
0
0
7
11
9
14
26
36
44
24
0
0
0
3
1
6
18
18
6
7
21
23
13
9
11
11
9
12
20
17
3
0
0
2
6
9
11
8
0
0
0
0
0
0
0
0
2
0
0
0
0
3
1
3
9
8
0
0
0
0
0
1
0
0
16
28
36
32
16
0
0
0
0
8
0
0
5
6
2
0
0
0
0
0
0
0
0
0
0
0
0
0
0
0
0
0
0
0
0
2
14
15
5
3
9
9
3
0
2
0
0
0
0
3
1
3
9
8
0
0
0
0
0
1
0
0
16
28
36
32
16
0
0
0
0
8
0
0
5
6
2
0
0
0
0
0
0
0
0
0
0
0
0
0
0
0
0
0
0
0
0
2
14
15
5
3
9
9
3
2
0
0
0
0
0
2
6
6
2
3
9
8
0
0
2
7
13
4
0
0
7
18
14
9
3
0
0
0
1
4
0
0
0
1
3
0
0
0
0
0
0
1
0
0
0
0
0
0
7
21
39
39
21
10
6
2
0
0
0
0
0
2
0
0
0
0
0
2
6
6
2
3
9
8
0
0
2
7
13
4
0
0
7
18
14
9
3
0
0
0
1
4
0
0
0
1
3
0
0
0
0
0
0
1
0
0
0
0
0
0
7
21
39
39
21
10
6
2
0
0
0
0
0
2
0
0
0
0
0
0
0
0
0
0
0
0
0
0
0
0
0
0
0
0
0
0
0
0
0
6
2
0
0
1
19
17
0
0
0
0
0
0
0
0
4
5
0
0
0
0
0
0
0
0
0
0
0
0
0
0
0
0
0
0
1
2
0
0
0
0
0
0
0
0
0
0
0
0
0
0
0
0
0
0
0
0
0
0
0
0
0
6
2
0
0
1
19
17
0
0
0
0
0
0
0
0
4
5
0
0
0
0
0
0
0
0
0
0
0
0
0
0
0
0
0
0
1
0
0
0
0
0
5
10
14
12
4
0
0
0
0
0
0
3
9
12
12
5
0
0
0
0
0
0
0
0
0
0
0
0
2
3
1
1
3
10
22
26
22
16
8
1
0
0
0
0
0
0
0
0
2
0
0
0
7
15
13
8
0
0
0
0
0
0
5
10
14
12
4
0
0
0
0
0
0
3
9
12
12
5
0
0
0
0
0
0
0
0
0
0
0
0
2
3
1
1
3
10
22
26
22
16
8
1
0
0
0
0
0
0
0
0
2
0
0
0
7
15
13
8
0
0
0
0
0
0
0
0
0
0
0
0
0
0
0
0
0
0
0
0
0
0
0
0
0
0
5
14
10
7
5
5
7
5
0
0
5
3
0
0
0
0
0
0
0
5
7
8
8
8
8
2
0
0
0
0
6
6
0
0
0
4
4
0
0
0
0
0
0
0
0
0
0
0
0
0
0
0
0
0
0
0
0
0
0
0
0
0
5
14
10
7
5
5
7
5
0
0
5
3
0
0
0
0
0
0
0
5
7
8
8
8
8
2
0
0
0
0
6
6
0
0
0
4
4
0
0
0
0
0
0
0
0
0
0
0
0
0
0
0
0
0
0
0
3
10
14
23
37
38
26
19
17
14
10
6
2
0
0
0
0
0
0
0
0
0
4
11
9
4
0
0
0
0
0
0
0
0
1
12
28
45
63
59
33
15
5
0
0
0
0
0
0
0
0
0
0
0
0
0
0
0
0
0
0
0
3
10
14
23
37
38
26
19
17
14
10
6
2
0
0
0
0
0
0
0
0
0
4
11
9
4
0
0
0
0
0
0
0
0
1
12
28
45
63
59
33
15
5
0
0
0
0
0
0
0
0
0
0
0
0
0
0
0
0
0
1
1
0
0
0
0
13
17
11
5
0
0
0
0
8
12
12
10
6
8
16
17
11
10
14
9
0
0
0
3
1
0
0
0
4
8
8
1
0
0
0
0
0
0
0
0
0
0
0
0
0
0
0
0
0
0
0
0
0
0
0
0
1
1
0
0
0
0
13
17
11
5
0
0
0
0
8
12
12
10
6
8
16
17
11
10
14
9
0
0
0
3
1
0
0
0
4
8
8
1
0
0
0
0
0
0
0
0
0
0
0
0
0
1
3
2
0
0
8
10
6
1
0
0
0
0
0
0
0
15
61
87
93
80
48
27
17
4
0
0
1
12
20
15
0
0
0
0
0
0
0
0
0
0
0
0
4
7
5
0
0
0
0
0
0
0
0
0
6
0
0
0
0
0
0
1
3
2
0
0
8
10
6
1
0
0
0
0
0
0
0
15
61
87
93
80
48
27
17
4
0
0
1
12
20
15
0
0
0
0
0
0
0
0
0
0
0
0
4
7
5
0
0
0
0
0
0
0
0
0
6
0
0
1
3
2
0
0
0
0
0
0
5
10
14
12
4
0
0
0
0
0
0
0
6
56
120
140
116
79
29
1
0
0
7
7
0
0
0
0
0
0
5
8
8
7
5
6
10
9
3
0
0
0
0
0
0
0
0
0
0
0
0
0
0
1
3
2
0
0
0
0
0
0
5
10
14
12
4
0
0
0
0
0
0
0
6
56
120
140
116
79
29
1
0
0
7
7
0
0
0
0
0
0
5
8
8
7
5
6
10
9
3
0
0
0
0
0
0
0
0
0
0
0
0
