-54
-90
-79
-21
5
-1
-11
-25
-26
-14
-5
1
4
4
6
10
9
3
1
3
4
4
3
1
2
6
9
11
10
6
3
1
1
3
5
7
5
-1
-3
-1
-4
-12
-12
-4
3
9
10
6
1
-5
-9
-11
-7
3
5
-1
-1
5
7
5
3
1
-54
-90
-79
-21
5
-1
-11
-25
-26
-14
-5
1
4
4
6
10
9
3
1
3
4
4
3
1
2
6
9
11
10
6
3
1
1
3
5
7
5
-1
-3
-1
-4
-12
-12
-4
3
9
10
6
1
-5
-9
-11
-7
3
5
-1
-1
5
7
5
3
1
-30
-50
-49
-27
-12
-4
1
3
1
-5
-8
-8
-8
-8
-7
-5
-1
5
5
-1
-3
-1
3
9
9
3
-5
-15
-18
-14
-8
0
3
1
0
0
1
3
3
1
0
0
4
12
11
1
-1
5
10
14
16
16
13
7
3
1
0
0
-1
-3
-5
-7
-30
-50
-49
-27
-12
-4
1
3
1
-5
-8
-8
-8
-8
-7
-5
-1
5
5
-1
-3
-1
3
9
9
3
-5
-15
-18
-14
-8
0
3
1
0
0
1
3
3
1
0
0
4
12
11
1
-1
5
10
14
16
16
13
7
3
1
0
0
-1
-3
-5
-7
-8
-16
-19
-17
-11
-1
3
1
1
3
3
1
-2
-6
-6
-2
0
0
1
3
5
7
20
44
48
32
18
6
-4
-12
-14
-10
-4
4
6
2
4
12
15
13
10
6
2
-2
-1
5
9
11
10
6
3
1
2
6
5
-1
-4
-4
-5
-7
-5
1
-8
-16
-19
-17
-11
-1
3
1
1
3
3
1
-2
-6
-6
-2
0
0
1
3
5
7
20
44
48
32
18
6
-4
-12
-14
-10
-4
4
6
2
4
12
15
13
10
6
2
-2
-1
5
9
11
10
6
3
1
2
6
5
-1
-4
-4
-5
-7
-5
1
-15
-13
-10
-6
-5
-7
-8
-8
-6
-2
0
0
0
0
0
0
-1
-3
-2
2
1
-5
-6
-2
-1
-3
-1
5
9
11
11
9
15
29
31
21
10
-2
-9
-11
-7
3
5
-1
-4
-4
-5
-7
-7
-5
-7
-13
-12
-4
-1
-3
-4
-4
-4
-4
-5
-7
-15
-13
-10
-6
-5
-7
-8
-8
-6
-2
0
0
0
0
0
0
-1
-3
-2
2
1
-5
-6
-2
-1
-3
-1
5
9
11
11
9
15
29
31
21
10
-2
-9
-11
-7
3
5
-1
-4
-4
-5
-7
-7
-5
-7
-13
-12
-4
-1
-3
-4
-4
-4
-4
-5
-7
-1
5
3
-7
-11
-9
-4
4
6
2
3
9
12
12
8
0
-3
-1
1
3
4
4
-7
-29
-30
-10
4
12
21
31
37
39
42
46
34
6
-3
7
13
15
11
1
-3
-1
0
0
0
0
-1
-3
-1
5
5
-1
0
8
9
3
1
3
3
1
-1
5
3
-7
-11
-9
-4
4
6
2
3
9
12
12
8
0
-3
-1
1
3
4
4
-7
-29
-30
-10
4
12
21
31
37
39
42
46
34
6
-3
7
13
15
11
1
-3
-1
0
0
0
0
-1
-3
-1
5
5
-1
0
8
9
3
1
3
3
1
23
21
14
2
-3
-1
-2
-6
-7
-5
-5
-7
-7
-5
-6
-10
-9
-3
0
0
0
0
-6
-18
-21
-15
-10
-6
-6
-10
-8
0
-13
-47
-49
-19
-5
-7
-10
-14
-12
-4
-1
-3
-1
5
8
8
7
5
4
4
3
1
1
3
4
4
8
16
15
5
23
21
14
2
-3
-1
-2
-6
-7
-5
-5
-7
-7
-5
-6
-10
-9
-3
0
0
0
0
-6
-18
-21
-15
-10
-6
-6
-10
-8
0
-13
-47
-49
-19
-5
-7
-10
-14
-12
-4
-1
-3
-1
5
8
8
7
5
4
4
3
1
1
3
4
4
8
16
15
5
2
6
10
14
14
10
6
2
1
3
2
-2
-5
-7
-4
4
7
5
4
4
5
7
7
5
0
-8
-11
-9
-9
-11
-14
-18
-17
-11
-7
-5
-4
-4
-2
2
0
-8
-9
-3
-2
-6
-6
-2
1
3
2
-2
-2
2
2
-2
-2
2
0
-8
-7
3
2
6
10
14
14
10
6
2
1
3
2
-2
-5
-7
-4
4
7
5
4
4
5
7
7
5
0
-8
-11
-9
-9
-11
-14
-18
-17
-11
-7
-5
-4
-4
-2
2
0
-8
-9
-3
-2
-6
-6
-2
1
3
2
-2
-2
2
2
-2
-2
2
0
-8
-7
3
20
12
11
17
17
11
8
8
13
23
26
22
15
5
0
0
3
9
13
15
13
7
3
1
2
6
6
2
1
3
-1
-11
-10
2
9
11
13
15
16
16
14
10
7
5
4
4
0
-8
-9
-3
2
6
5
-1
-4
-4
-4
-4
-7
-13
-14
-10
20
12
11
17
17
11
8
8
13
23
26
22
15
5
0
0
3
9
13
15
13
7
3
1
2
6
6
2
1
3
-1
-11
-10
2
9
11
13
15
16
16
14
10
7
5
4
4
0
-8
-9
-3
2
6
5
-1
-4
-4
-4
-4
-7
-13
-14
-10
6
10
2
-18
-24
-16
-10
-6
-9
-19
-24
-24
-17
-3
4
4
1
-5
-9
-11
-9
-3
2
6
7
5
3
1
-1
-3
-6
-10
-11
-9
-6
-2
-1
-3
-2
2
10
22
26
22
16
8
6
10
14
18
16
8
8
16
14
2
-2
2
6
10
9
3
6
10
2
-18
-24
-16
-10
-6
-9
-19
-24
-24
-17
-3
4
4
1
-5
-9
-11
-9
-3
2
6
7
5
3
1
-1
-3
-6
-10
-11
-9
-6
-2
-1
-3
-2
2
10
22
26
22
16
8
6
10
14
18
16
8
8
16
14
2
-2
2
6
10
9
3
-10
-22
-18
2
7
-3
-8
-8
-7
-5
-2
2
3
1
-1
-3
-4
-4
-5
-7
-8
-8
-6
-2
-1
-3
-4
-4
-3
-1
4
12
16
16
12
4
-2
-6
-7
-5
-8
-16
-19
-17
-12
-4
3
9
7
-3
-8
-8
-9
-11
-8
0
2
-2
-2
2
5
7
-10
-22
-18
2
7
-3
-8
-8
-7
-5
-2
2
3
1
-1
-3
-4
-4
-5
-7
-8
-8
-6
-2
-1
-3
-4
-4
-3
-1
4
12
16
16
12
4
-2
-6
-7
-5
-8
-16
-19
-17
-12
-4
3
9
7
-3
-8
-8
-9
-11
-8
0
2
-2
-2
2
5
7
19
17
11
1
-2
2
5
7
8
8
7
5
1
-5
-5
1
3
1
0
0
-1
-3
-3
-1
7
21
24
16
8
0
-3
-1
-1
-3
-2
2
2
-2
0
8
18
30
28
12
2
-2
-7
-13
-14
-10
-4
4
6
2
-1
-3
-2
2
3
1
-2
-6
19
17
11
1
-2
2
5
7
8
8
7
5
1
-5
-5
1
3
1
0
0
-1
-3
-3
-1
7
21
24
16
8
0
-3
-1
-1
-3
-2
2
2
-2
0
8
18
30
28
12
2
-2
-7
-13
-14
-10
-4
4
6
2
-1
-3
-2
2
3
1
-2
-6
23
29
26
14
11
17
18
14
12
12
11
9
6
2
-1
-3
-2
2
2
-2
-2
2
4
4
6
10
12
12
16
24
23
13
-3
-25
-31
-21
-12
-4
-5
-15
-7
19
26
14
5
-1
-1
5
4
-4
-10
-14
-14
-10
-4
4
6
2
1
3
5
7
23
29
26
14
11
17
18
14
12
12
11
9
6
2
-1
-3
-2
2
2
-2
-2
2
4
4
6
10
12
12
16
24
23
13
-3
-25
-31
-21
-12
-4
-5
-15
-7
19
26
14
5
-1
-1
5
4
-4
-10
-14
-14
-10
-4
4
6
2
1
3
5
7
45
23
13
15
10
-2
-6
-2
-2
-6
-6
-2
2
6
10
14
14
10
8
8
8
8
7
5
-3
-17
-20
-12
2
22
32
32
26
14
4
-4
-5
1
2
-2
-18
-46
-49
-27
-12
-4
-1
-3
-1
5
10
14
13
7
2
-2
-2
2
4
4
4
4
45
23
13
15
10
-2
-6
-2
-2
-6
-6
-2
2
6
10
14
14
10
8
8
8
8
7
5
-3
-17
-20
-12
2
22
32
32
26
14
4
-4
-5
1
2
-2
-18
-46
-49
-27
-12
-4
-1
-3
-1
5
10
14
13
7
2
-2
-2
2
4
4
4
4
27
17
24
48
52
36
24
16
11
9
9
11
9
3
-5
-15
-17
-11
-5
1
3
1
-1
-3
-4
-4
-3
-1
-13
-39
-47
-37
-18
10
26
30
28
20
12
4
-1
-3
-1
5
6
2
-1
-3
-5
-7
-11
-17
-17
-11
-4
4
7
5
-3
-17
-20
-12
27
17
24
48
52
36
24
16
11
9
9
11
9
3
-5
-15
-17
-11
-5
1
3
1
-1
-3
-4
-4
-3
-1
-13
-39
-47
-37
-18
10
26
30
28
20
12
4
-1
-3
-1
5
6
2
-1
-3
-5
-7
-11
-17
-17
-11
-4
4
7
5
-3
-17
-20
-12
41
43
39
29
24
24
26
30
23
5
-5
-7
-2
10
14
10
7
5
4
4
4
4
4
4
3
1
-2
-6
-6
-2
-3
-9
-12
-12
-15
-21
-17
-3
4
4
4
4
1
-5
-5
1
3
1
0
0
1
3
4
4
8
16
15
5
-1
-3
-13
-31
41
43
39
29
24
24
26
30
23
5
-5
-7
-2
10
14
10
7
5
4
4
4
4
4
4
3
1
-2
-6
-6
-2
-3
-9
-12
-12
-15
-21
-17
-3
4
4
4
4
1
-5
-5
1
3
1
0
0
1
3
4
4
8
16
15
5
-1
-3
-13
-31
65
115
136
128
101
55
20
-4
-9
5
11
9
8
8
5
-1
-3
-1
0
0
0
0
5
15
19
17
12
4
1
3
7
13
17
19
18
14
3
-15
-19
-9
-4
-4
0
8
10
6
3
1
0
0
1
3
8
16
25
35
33
19
11
9
10
14
65
115
136
128
101
55
20
-4
-9
5
11
9
8
8
5
-1
-3
-1
0
0
0
0
5
15
19
17
12
4
1
3
7
13
17
19
18
14
3
-15
-19
-9
-4
-4
0
8
10
6
3
1
0
0
1
3
8
16
25
35
33
19
11
9
10
14
-9
29
62
90
98
86
67
41
23
13
4
-4
-8
-8
-5
1
5
7
9
11
15
21
21
15
9
3
1
3
2
-2
-6
-10
-13
-15
-12
-4
0
0
-3
-9
-9
-3
2
6
8
8
9
11
11
9
7
5
2
-2
-1
5
7
5
4
4
6
10
-9
29
62
90
98
86
67
41
23
13
4
-4
-8
-8
-5
1
5
7
9
11
15
21
21
15
9
3
1
3
2
-2
-6
-10
-13
-15
-12
-4
0
0
-3
-9
-9
-3
2
6
8
8
9
11
11
9
7
5
2
-2
-1
5
7
5
4
4
6
10
-33
-51
-52
-36
-12
20
28
12
2
-2
-5
-7
-9
-11
-8
0
1
-5
-5
1
5
7
3
-7
-7
3
7
5
5
7
7
5
2
-2
0
8
10
6
9
19
21
15
9
3
-4
-12
-15
-13
-7
3
12
20
16
0
-19
-41
-40
-16
1
11
15
13
-33
-51
-52
-36
-12
20
28
12
2
-2
-5
-7
-9
-11
-8
0
1
-5
-5
1
5
7
3
-7
-7
3
7
5
5
7
7
5
2
-2
0
8
10
6
9
19
21
15
9
3
-4
-12
-15
-13
-7
3
12
20
16
0
-19
-41
-40
-16
1
11
15
13
-20
-44
-61
-71
-76
-76
-60
-28
-11
-9
-6
-2
0
0
-1
-3
-2
2
6
10
36
84
115
129
122
94
75
65
47
21
4
-4
-6
-2
-1
-3
-2
2
1
-5
-6
-2
0
0
2
6
4
-4
-5
1
-1
-11
-12
-4
-3
-9
-13
-15
-14
-10
-5
1
-20
-44
-61
-71
-76
-76
-60
-28
-11
-9
-6
-2
0
0
-1
-3
-2
2
6
10
36
84
115
129
122
94
75
65
47
21
4
-4
-6
-2
-1
-3
-2
2
1
-5
-6
-2
0
0
2
6
4
-4
-5
1
-1
-11
-12
-4
-3
-9
-13
-15
-14
-10
-5
1
-108
-108
-114
-126
-112
-72
-43
-25
-16
-16
-12
-4
1
3
7
13
16
16
16
16
20
28
16
-16
-18
10
31
45
42
22
12
12
9
3
-1
-3
2
14
14
2
-1
5
6
2
11
33
38
26
13
-1
-8
-8
-5
1
3
1
1
3
5
7
6
2
-108
-108
-114
-126
-112
-72
-43
-25
-16
-16
-12
-4
1
3
7
13
16
16
16
16
20
28
16
-16
-18
10
31
45
42
22
12
12
9
3
-1
-3
2
14
14
2
-1
5
6
2
11
33
38
26
13
-1
-8
-8
-5
1
3
1
1
3
5
7
6
2
-57
-51
-49
-51
-49
-43
-38
-34
-25
-11
-5
-7
-6
-2
-2
-6
-7
-5
-3
-1
-19
-57
-61
-31
-10
2
7
5
11
25
26
14
4
-4
-2
10
16
16
15
13
7
-3
-4
4
3
-7
-7
3
6
2
2
6
5
-1
-1
5
9
11
8
0
-1
5
-57
-51
-49
-51
-49
-43
-38
-34
-25
-11
-5
-7
-6
-2
-2
-6
-7
-5
-3
-1
-19
-57
-61
-31
-10
2
7
5
11
25
26
14
4
-4
-2
10
16
16
15
13
7
-3
-4
4
3
-7
-7
3
6
2
2
6
5
-1
-1
5
9
11
8
0
-1
5
-30
-42
-47
-45
-42
-38
-27
-9
0
0
-1
-3
-5
-7
-8
-8
-8
-8
-3
7
11
9
14
26
36
44
24
-24
-35
-9
3
1
6
18
18
6
7
21
23
13
9
11
11
9
12
20
17
3
-3
-1
2
6
9
11
8
0
-5
-7
-8
-8
-6
-2
-30
-42
-47
-45
-42
-38
-27
-9
0
0
-1
-3
-5
-7
-8
-8
-8
-8
-3
7
11
9
14
26
36
44
24
-24
-35
-9
3
1
6
18
18
6
7
21
23
13
9
11
11
9
12
20
17
3
-3
-1
2
6
9
11
8
0
-5
-7
-8
-8
-6
-2
-2
2
0
-8
-8
0
3
1
3
9
8
0
-6
-10
-8
0
1
-5
0
16
28
36
32
16
-15
-61
-60
-12
8
0
-1
5
6
2
-4
-12
-23
-37
-33
-11
-9
-27
-32
-24
-22
-26
-23
-13
-7
-5
-5
-7
-7
-5
2
14
15
5
3
9
9
3
-2
2
0
-8
-8
0
3
1
3
9
8
0
-6
-10
-8
0
1
-5
0
16
28
36
32
16
-15
-61
-60
-12
8
0
-1
5
6
2
-4
-12
-23
-37
-33
-11
-9
-27
-32
-24
-22
-26
-23
-13
-7
-5
-5
-7
-7
-5
2
14
15
5
3
9
9
3
2
-2
-3
-1
0
0
2
6
6
2
3
9
8
0
-2
2
7
13
4
-20
-19
7
18
14
9
3
-5
-15
-13
1
4
-4
-6
-2
1
3
-2
-14
-20
-20
-14
-2
1
-5
-10
-14
-14
-10
-3
7
21
39
39
21
10
6
2
-2
-3
-1
-2
-6
2
-2
-3
-1
0
0
2
6
6
2
3
9
8
0
-2
2
7
13
4
-20
-19
7
18
14
9
3
-5
-15
-13
1
4
-4
-6
-2
1
3
-2
-14
-20
-20
-14
-2
1
-5
-10
-14
-14
-10
-3
7
21
39
39
21
10
6
2
-2
-3
-1
-2
-6
2
-2
-4
-4
-4
-4
-4
-4
-5
-7
-7
-5
-3
-1
-4
-12
-13
-7
-8
-16
-29
-47
-49
-35
-19
-1
6
2
-2
-6
1
19
17
-5
-15
-13
-9
-3
-2
-6
-4
4
5
-1
-5
-7
-6
-2
-3
-9
-18
-30
-29
-15
-10
-14
-13
-7
-5
-7
-5
1
2
-2
-4
-4
-4
-4
-4
-4
-5
-7
-7
-5
-3
-1
-4
-12
-13
-7
-8
-16
-29
-47
-49
-35
-19
-1
6
2
-2
-6
1
19
17
-5
-15
-13
-9
-3
-2
-6
-4
4
5
-1
-5
-7
-6
-2
-3
-9
-18
-30
-29
-15
-10
-14
-13
-7
-5
-7
-5
1
-6
-2
-1
-3
-1
5
10
14
12
4
0
0
-3
-9
-9
-3
3
9
12
12
5
-9
-18
-22
-24
-24
-18
-6
0
0
-1
-3
-2
2
3
1
1
3
10
22
26
22
16
8
1
-5
-7
-5
-5
-7
-7
-5
-2
2
-2
-14
-11
7
15
13
8
0
-6
-2
-1
-3
-1
5
10
14
12
4
0
0
-3
-9
-9
-3
3
9
12
12
5
-9
-18
-22
-24
-24
-18
-6
0
0
-1
-3
-2
2
3
1
1
3
10
22
26
22
16
8
1
-5
-7
-5
-5
-7
-7
-5
-2
2
-2
-14
-11
7
15
13
8
0
-4
-4
-3
-1
-4
-12
-16
-16
-12
-4
-1
-3
-3
-1
-4
-12
-17
-19
-18
-14
-10
-6
-10
-22
-17
5
14
10
7
5
5
7
5
-1
-1
5
3
-7
-12
-12
-14
-18
-14
-2
5
7
8
8
8
8
2
-10
-15
-13
-6
6
6
-6
-8
0
4
4
-4
-4
-3
-1
-4
-12
-16
-16
-12
-4
-1
-3
-3
-1
-4
-12
-17
-19
-18
-14
-10
-6
-10
-22
-17
5
14
10
7
5
5
7
5
-1
-1
5
3
-7
-12
-12
-14
-18
-14
-2
5
7
8
8
8
8
2
-10
-15
-13
-6
6
6
-6
-8
0
4
4
-1
-3
-3
-1
-1
-3
-6
-10
-10
-6
-6
-10
-11
-9
-6
-2
-3
-9
-7
3
10
14
23
37
38
26
19
17
14
10
6
2
0
0
-2
-6
-7
-5
-8
-16
-12
4
11
9
4
-4
-7
-5
-3
-1
-2
-6
-5
1
12
28
45
63
59
33
15
5
-1
-3
-3
-1
-1
-3
-6
-10
-10
-6
-6
-10
-11
-9
-6
-2
-3
-9
-7
3
10
14
23
37
38
26
19
17
14
10
6
2
0
0
-2
-6
-7
-5
-8
-16
-12
4
11
9
4
-4
-7
-5
-3
-1
-2
-6
-5
1
12
28
45
63
59
33
15
5
-8
-8
-7
-5
-4
-4
-6
-10
-10
-6
-5
-7
-7
-5
-5
-7
-5
1
1
-5
-8
-8
-1
13
17
11
5
-1
-4
-4
0
8
12
12
10
6
8
16
17
11
10
14
9
-5
-8
0
3
1
-2
-6
-4
4
8
8
1
-13
-14
-2
-1
-11
-12
-4
-8
-8
-7
-5
-4
-4
-6
-10
-10
-6
-5
-7
-7
-5
-5
-7
-5
1
1
-5
-8
-8
-1
13
17
11
5
-1
-4
-4
0
8
12
12
10
6
8
16
17
11
10
14
9
-5
-8
0
3
1
-2
-6
-4
4
8
8
1
-13
-14
-2
-1
-11
-12
-4
0
0
-2
-6
-6
-2
1
3
2
-2
0
8
10
6
1
-5
-10
-14
-15
-13
-11
-9
15
61
87
93
80
48
27
17
4
-12
-13
1
12
20
15
-3
-9
-3
-8
-24
-25
-11
-4
-4
-5
-7
-4
4
7
5
-2
-14
-16
-8
-20
-52
-54
-26
-6
6
0
0
-2
-6
-6
-2
1
3
2
-2
0
8
10
6
1
-5
-10
-14
-15
-13
-11
-9
15
61
87
93
80
48
27
17
4
-12
-13
1
12
20
15
-3
-9
-3
-8
-24
-25
-11
-4
-4
-5
-7
-4
4
7
5
-2
-14
-16
-8
-20
-52
-54
-26
-6
6
-3
-1
1
3
2
-2
-4
-4
-4
-4
-1
5
10
14
12
4
-4
-12
-20
-28
-36
-44
-30
6
56
120
140
116
79
29
1
-5
-3
7
7
-3
-6
-2
-1
-3
-1
5
8
8
7
5
6
10
9
3
-3
-9
-11
-9
-10
-14
-13
-7
-4
-4
-6
-10
-3
-1
1
3
2
-2
-4
-4
-4
-4
-1
5
10
14
12
4
-4
-12
-20
-28
-36
-44
-30
6
56
120
140
116
79
29
1
-5
-3
7
7
-3
-6
-2
-1
-3
-1
5
8
8
7
5
6
10
9
3
-3
-9
-11
-9
-10
-14
-13
-7
-4
-4
-6
-10
