187
186
184
185
185
185
187
189
189
187
186
186
186
184
180
179
183
188
191
190
189
191
193
191
190
189
188
189
193
197
198
197
196
197
199
200
199
200
201
201
202
204
203
202
203
206
206
205
205
206
208
208
207
207
209
210
209
209
210
210
210
211
190
188
184
186
186
185
186
187
188
187
187
186
184
182
181
181
183
186
188
188
189
190
192
192
190
188
187
188
190
193
195
196
196
196
197
198
199
199
199
199
201
203
202
201
202
203
204
204
204
205
206
207
207
207
207
208
208
208
209
209
210
210
190
188
185
187
188
187
188
189
188
187
185
185
184
184
184
185
187
188
188
188
189
191
194
194
192
191
189
189
190
191
193
195
196
196
196
197
197
197
198
199
200
201
202
201
199
201
204
205
205
205
205
205
206
207
208
208
208
208
209
209
210
210
185
184
186
190
190
189
189
189
188
186
185
184
185
186
186
186
187
188
188
188
188
191
193
193
193
192
191
191
191
192
193
195
195
196
196
196
196
196
198
199
199
200
202
201
198
199
204
207
206
205
204
205
205
207
208
208
208
208
209
209
210
210
168
171
185
192
190
189
189
189
188
186
185
185
186
187
186
185
185
188
188
188
188
189
191
192
192
193
194
194
194
193
193
194
195
195
196
196
197
197
199
200
200
201
203
201
197
198
204
207
207
205
205
204
205
206
208
208
208
208
209
209
210
210
129
141
175
189
189
188
188
188
188
187
186
186
187
188
186
184
185
187
188
188
188
189
191
192
193
195
196
196
195
194
193
193
194
195
196
197
198
199
200
201
202
202
203
201
198
199
203
207
207
206
205
205
205
205
206
207
208
208
209
209
210
210
93
113
166
186
188
187
187
187
187
188
188
188
188
188
187
185
186
187
188
188
190
193
195
194
195
197
198
197
195
192
191
192
193
194
196
199
200
202
202
202
204
205
202
200
200
201
203
206
207
207
207
206
205
204
205
207
208
208
209
209
210
210
82
105
167
185
173
168
177
183
176
166
163
168
179
187
183
175
175
176
171
174
185
187
180
175
177
186
195
197
194
191
189
190
191
187
182
181
185
194
202
203
200
199
198
196
192
194
201
206
201
194
197
204
206
203
205
208
208
207
208
208
207
207
84
108
167
162
127
132
163
165
136
114
108
115
141
174
169
135
123
126
121
133
155
146
126
121
124
145
178
195
194
192
191
190
182
156
131
126
133
151
178
194
179
160
160
155
143
158
187
185
158
138
144
171
195
202
206
208
208
206
205
199
180
171
87
109
146
116
92
127
158
132
97
99
105
90
98
145
147
91
68
85
98
111
113
96
100
110
104
119
165
193
194
194
195
192
174
134
107
107
106
101
130
172
155
103
93
99
98
127
157
135
104
100
100
115
159
194
204
207
208
207
205
182
130
102
85
89
105
93
112
158
155
101
87
123
136
102
77
116
133
82
71
113
144
139
97
77
118
153
146
148
175
191
191
193
195
195
183
159
144
143
126
86
90
150
147
79
70
111
137
152
135
98
109
142
127
94
117
176
204
207
209
209
207
172
101
78
77
54
66
103
155
181
146
81
71
103
110
87
68
104
125
86
94
153
184
169
114
76
99
133
146
166
185
190
191
194
195
196
190
163
135
122
108
76
77
141
146
85
97
167
199
180
118
79
111
146
131
85
90
161
206
210
210
210
210
174
103
99
75
47
56
98
155
177
136
73
68
98
104
95
97
127
126
83
101
161
186
181
150
109
89
85
90
124
170
192
196
197
194
193
168
115
91
101
104
80
81
140
144
89
114
186
212
180
105
66
91
115
110
91
105
166
208
211
209
207
208
175
108
111
80
76
85
82
113
154
134
78
84
133
152
146
144
155
132
81
102
164
185
181
168
154
143
118
77
82
146
193
201
199
196
188
141
83
99
151
158
108
83
135
142
89
112
182
209
181
108
74
117
156
159
151
158
189
208
209
208
205
205
175
111
115
82
102
130
98
79
116
135
98
82
114
140
137
127
138
127
83
102
165
188
172
143
134
150
138
84
75
139
190
199
198
198
188
137
82
103
154
152
97
75
132
141
87
110
182
210
191
129
85
122
175
186
170
168
191
206
207
209
207
206
176
110
105
104
123
160
137
96
106
142
136
101
88
94
96
100
126
130
99
116
169
189
171
126
96
98
98
84
103
157
189
194
193
194
191
156
101
83
97
96
72
80
140
145
95
118
184
208
202
166
112
99
122
130
119
132
178
205
208
209
208
209
177
103
77
149
156
173
168
146
141
159
168
151
128
117
122
139
156
154
139
150
175
185
179
156
126
108
108
124
154
180
190
190
191
192
191
179
145
111
103
113
114
125
163
163
131
146
189
204
205
197
165
128
111
110
118
148
188
207
208
206
207
209
179
104
73
175
175
179
179
173
167
169
176
177
169
162
165
175
178
173
172
176
179
180
183
184
175
164
165
177
186
188
187
189
192
193
191
189
181
167
163
172
179
180
189
188
178
184
199
201
202
204
198
181
169
169
178
195
206
208
206
204
206
211
179
108
95
179
178
179
179
177
174
172
173
176
176
175
174
174
175
176
177
180
179
178
182
189
189
187
188
190
188
185
185
189
193
194
191
187
188
190
189
191
194
196
196
197
198
201
203
202
201
202
203
203
204
205
206
208
209
208
206
205
207
211
180
114
113
183
181
178
179
181
179
175
174
175
176
176
173
171
173
175
176
179
182
182
184
187
187
185
187
187
186
185
187
191
194
195
193
190
188
190
189
188
190
193
194
196
199
198
200
204
204
203
204
204
203
203
205
206
206
207
208
209
210
211
192
149
147
182
180
177
178
182
181
177
174
175
176
176
175
174
174
175
177
181
185
185
185
186
184
183
185
187
188
190
192
193
195
196
194
192
191
192
192
191
191
192
194
198
199
194
196
201
202
203
206
205
203
204
207
208
205
207
211
212
211
211
205
193
191
179
178
176
178
182
181
177
174
175
175
173
173
174
174
175
178
181
183
183
184
185
186
185
185
186
188
190
192
193
197
199
196
193
191
192
193
190
190
191
193
197
197
193
194
198
197
199
203
205
204
204
206
207
207
210
212
211
210
210
208
209
208
179
178
179
181
184
183
179
176
177
177
174
172
173
176
178
179
179
180
182
184
185
185
186
187
186
186
189
190
189
190
193
195
194
191
190
191
190
189
192
194
195
195
195
197
200
199
198
199
201
202
203
205
206
208
211
211
210
211
211
209
207
206
178
178
181
182
182
182
179
177
179
180
178
174
174
177
179
179
178
178
180
184
185
184
184
187
188
186
188
188
172
154
163
186
196
193
190
191
193
188
175
170
182
194
197
199
202
203
201
199
199
199
200
203
205
207
208
208
207
205
209
208
205
207
178
179
181
181
178
176
175
177
181
182
180
179
179
179
179
180
181
180
181
185
186
185
184
187
188
187
188
184
148
106
129
180
198
196
192
190
195
185
144
121
155
192
198
199
202
205
204
201
199
198
199
201
205
207
207
207
189
169
182
203
206
209
160
153
152
160
168
170
165
162
166
165
162
169
179
182
180
181
182
182
183
185
187
186
175
167
167
174
185
185
141
90
117
170
182
183
190
192
194
181
138
115
151
191
199
198
195
192
194
198
199
199
201
200
198
199
203
204
167
120
142
194
210
208
116
102
101
109
136
159
142
114
112
111
111
134
168
182
182
182
182
182
183
185
186
169
134
113
112
127
157
178
143
88
98
126
125
131
161
187
182
153
126
129
162
191
192
173
150
136
144
170
193
201
194
171
151
147
159
172
137
83
100
151
175
192
90
104
108
88
98
137
118
70
73
89
98
126
164
184
186
186
186
184
185
188
176
132
92
91
96
89
110
153
136
78
71
91
88
83
111
163
173
132
94
102
154
190
167
122
102
96
96
119
166
188
159
115
99
100
107
121
101
62
73
105
131
172
88
126
132
93
75
113
107
66
90
133
147
159
175
185
188
188
188
187
185
186
158
101
91
134
148
109
89
124
126
78
82
126
135
100
81
130
178
159
100
84
145
180
129
90
112
135
113
90
127
153
112
93
124
140
131
129
110
74
91
134
157
183
75
103
107
85
74
106
105
78
116
169
182
180
180
182
186
187
186
186
185
182
142
92
113
169
185
144
93
108
122
89
111
172
187
141
85
110
178
185
123
91
146
163
97
72
112
137
113
76
96
117
91
116
178
196
185
179
147
95
117
180
202
204
80
109
114
111
113
131
112
83
122
173
181
179
179
181
184
185
184
184
185
181
138
93
124
175
188
156
99
104
119
93
121
181
196
158
97
106
172
187
128
94
146
154
84
61
90
101
91
83
104
110
93
139
196
205
203
202
161
99
120
188
210
209
95
140
155
151
148
151
117
81
121
174
180
177
179
180
181
181
181
182
185
183
145
95
117
173
188
148
93
104
118
89
119
181
193
147
90
110
175
188
129
94
146
158
92
78
123
145
140
140
152
128
94
138
197
207
203
199
158
98
122
188
208
207
83
113
130
123
122
137
113
78
120
174
183
180
180
180
179
180
183
185
188
187
156
101
94
139
155
114
83
115
122
80
97
151
157
110
80
123
181
187
130
92
145
172
116
91
138
176
174
162
161
140
96
112
168
188
178
173
149
98
112
174
196
200
97
87
87
87
105
134
120
94
128
171
182
183
183
179
175
179
184
188
192
192
172
126
91
93
98
87
101
146
137
80
72
98
99
85
102
153
188
185
130
92
144
187
150
103
103
122
125
117
133
155
124
95
111
125
121
136
148
109
90
119
148
178
146
127
117
121
143
160
148
135
154
174
181
185
184
178
174
176
181
186
190
191
185
165
133
110
105
118
150
177
162
122
108
110
110
121
153
183
193
180
124
91
143
194
184
146
115
104
107
118
150
184
170
131
110
105
110
142
172
149
108
99
124
170
173
169
162
162
173
177
170
170
176
176
180
186
184
180
179
180
183
185
187
186
186
187
179
166
163
173
184
188
183
175
171
169
169
176
189
187
170
145
99
89
148
194
199
187
168
157
161
174
190
200
198
185
170
162
168
185
198
191
171
160
168
192
173
175
171
172
177
178
176
178
177
174
179
185
183
182
182
182
185
186
185
186
186
188
190
190
189
191
188
186
189
190
190
192
192
191
194
174
129
94
78
108
168
196
198
197
194
191
196
203
203
203
204
201
200
202
205
207
206
204
205
206
206
205
173
175
175
175
177
177
176
176
174
174
180
185
183
182
180
179
184
186
184
185
186
187
189
187
185
186
185
186
189
185
185
191
192
190
193
179
137
109
117
155
191
198
196
197
195
193
196
201
203
205
204
198
199
204
206
206
205
205
207
206
206
205
175
176
178
177
178
177
176
177
177
177
180
184
185
185
181
178
183
186
184
182
183
187
189
185
181
183
185
186
188
186
186
190
193
191
192
190
177
169
177
190
199
199
198
197
195
193
195
198
202
204
202
200
202
202
203
204
203
205
206
205
204
205
176
177
177
176
177
177
177
179
178
176
178
182
185
185
182
180
181
183
185
183
182
187
189
185
182
184
186
187
190
192
189
188
191
191
191
194
196
195
195
195
198
201
201
199
198
196
195
198
202
203
201
203
205
202
202
203
200
202
208
209
204
203
176
176
176
175
176
175
177
177
175
175
177
182
186
183
179
180
181
182
184
185
185
188
189
186
183
182
180
184
191
192
190
188
188
190
192
192
194
194
192
193
198
202
202
202
202
200
197
200
204
205
204
203
203
200
202
203
198
200
208
209
205
204
175
175
175
176
176
174
172
162
154
164
175
179
182
181
177
179
183
181
182
179
173
180
188
186
179
159
144
162
186
191
189
188
188
190
193
192
190
190
192
193
197
201
202
202
202
201
199
200
199
199
204
204
200
198
201
203
199
200
205
205
205
203
175
175
173
173
175
174
164
132
111
137
170
178
177
177
176
177
179
180
180
157
133
154
184
189
172
123
95
135
181
192
191
191
191
191
192
195
193
191
192
194
195
199
202
202
203
203
202
194
169
162
188
205
202
201
201
202
201
203
204
202
203
202
156
147
140
141
154
166
153
105
76
108
151
168
173
176
177
177
178
183
177
132
93
123
169
181
165
109
78
126
174
182
184
190
193
190
189
193
189
184
187
194
198
200
202
203
203
201
201
181
125
112
166
202
202
203
204
203
205
207
204
204
206
204
120
97
91
91
106
133
134
84
52
74
104
132
162
176
177
177
178
182
164
106
65
88
123
144
154
113
74
100
129
131
141
166
187
191
180
161
142
134
146
171
194
201
202
204
202
198
195
159
91
74
123
161
177
180
175
187
204
196
181
192
208
199
119
103
103
92
79
98
116
79
49
68
91
120
159
177
177
175
176
178
156
96
56
72
98
124
148
112
60
67
88
85
87
122
172
186
151
109
94
93
97
125
169
195
201
203
202
201
193
143
74
53
83
117
148
142
117
149
190
164
124
149
196
178
144
130
126
107
75
82
115
94
68
101
137
153
172
180
179
179
179
181
170
121
79
103
138
158
162
113
61
82
123
119
84
93
155
169
117
90
115
132
106
91
134
183
198
200
201
204
200
158
85
65
107
144
166
143
95
122
172
133
73
104
173
154
127
102
97
94
72
78
119
105
77
121
166
173
175
178
182
185
184
184
181
138
94
127
175
189
177
118
75
118
177
169
104
85
142
149
90
81
125
146
109
72
109
172
196
197
199
201
204
175
102
84
147
190
198
169
108
112
150
116
63
86
147
134
86
84
112
119
88
82
121
106
75
121
169
174
172
174
179
183
183
183
179
135
90
125
177
193
179
116
80
131
188
175
108
84
135
133
74
68
102
113
97
85
116
170
194
194
194
196
200
178
109
91
156
200
205
185
122
98
120
109
91
95
121
115
70
103
154
149
97
84
123
107
75
120
169
175
174
173
174
177
180
181
177
134
88
122
176
192
177
114
78
131
183
170
108
85
134
131
77
85
129
143
141
142
155
181
193
191
192
194
197
176
111
92
155
199
205
196
139
85
84
105
127
115
95
92
72
91
126
115
72
76
126
116
76
100
138
152
167
175
173
175
180
183
179
138
88
106
151
171
169
116
78
128
182
170
107
82
134
147
96
91
138
169
168
157
163
186
195
194
197
197
197
175
108
84
144
190
197
200
159
85
59
107
163
139
76
67
95
77
83
84
71
87
138
138
94
82
93
115
153
175
177
176
180
186
184
153
100
84
101
128
152
120
86
129
181
170
110
84
136
170
129
89
98
120
118
110
136
178
194
195
199
200
199
181
121
79
104
139
165
193
176
101
63
120
186
162
81
64
138
116
110
116
121
130
157
162
136
114
107
124
158
175
176
177
181
183
183
173
139
108
101
125
157
146
124
153
186
177
137
118
152
185
169
131
105
97
97
108
142
180
192
191
194
199
200
194
159
108
85
100
143
189
187
134
107
149
196
183
124
107
167
163
156
156
162
167
172
174
171
165
157
162
173
175
174
177
182
182
181
183
176
162
155
164
180
178
173
183
191
185
175
170
177
188
192
181
160
147
150
161
175
188
192
191
192
196
198
200
191
164
140
142
169
195
194
176
170
186
204
203
180
172
170
173
172
169
170
175
179
178
178
179
177
176
175
174
174
177
183
186
184
183
184
184
183
183
184
187
190
190
188
187
189
191
190
189
192
193
187
185
188
189
190
192
193
193
193
194
196
196
196
195
194
193
194
198
199
199
203
204
206
208
206
204
167
168
172
175
170
169
177
178
173
172
175
174
172
172
173
178
183
185
184
181
180
180
181
181
182
186
187
185
186
186
184
188
192
191
189
189
189
190
190
189
191
194
194
194
194
196
197
195
193
197
202
200
195
196
199
201
203
203
204
205
206
206
170
168
170
174
171
168
173
175
170
170
174
173
171
170
172
178
181
182
182
181
181
180
181
183
186
188
187
186
186
185
183
186
190
189
187
188
189
190
189
188
190
193
195
196
197
198
198
196
195
197
198
197
196
197
199
200
202
203
203
203
203
205
174
172
170
171
171
171
173
171
168
169
171
170
170
171
172
177
180
181
182
182
183
183
184
186
188
188
188
187
186
184
185
186
187
186
186
187
188
189
189
188
189
192
195
197
198
198
198
197
197
197
198
198
199
199
200
202
204
204
203
202
202
204
173
171
168
168
169
172
174
170
166
168
169
169
169
168
169
174
177
178
180
181
183
184
185
186
187
187
187
187
186
185
185
186
187
186
186
187
188
189
190
190
191
193
195
196
196
196
196
197
198
198
199
199
200
200
202
204
206
205
204
202
202
204
172
169
166
167
172
174
175
173
169
167
168
169
169
167
167
170
173
174
176
178
180
182
183
184
184
184
184
184
184
183
184
186
186
186
185
186
187
188
190
192
193
194
194
195
195
195
196
197
198
198
199
200
201
202
203
206
206
205
204
203
203
203
175
173
171
170
172
174
174
176
174
170
169
170
171
171
171
171
172
173
176
178
180
182
182
181
181
181
181
181
181
182
183
185
186
185
185
185
186
188
190
192
194
194
194
194
194
195
195
196
197
198
199
200
201
202
204
206
206
204
203
203
203
203
153
151
157
162
165
166
164
163
170
173
171
170
171
172
172
173
174
176
178
180
182
184
183
181
179
179
179
179
181
182
183
185
185
185
184
185
186
187
189
193
194
193
193
193
194
195
196
196
196
197
198
200
201
202
204
205
204
202
201
202
203
203
