-32768
-32768
-14367
-4473
-7235
-441
19574
-14020
-18093
-32768
-13553
7936
-7005
-1568
-24171
-20545
-11638
-31106
3337
-18957
8119
-16131
-7234
-4481
6533
2900
-15030
-3390
-13021
-19548
-7865
-17842
-8610
-30326
-6343
-19709
-8461
-4989
-13093
-13338
-20602
-29311
-21826
7677
3415
-5506
7372
-32736
-6594
-12732
-6500
947
-780
-23056
-14180
-18991
-11266
16592
14
-12013
-6616
-19772
-18422
-13133
-3485
10090
-12841
-23455
-14357
-17227
-7457
-13405
-16716
-21208
-18730
-2627
11788
-2844
-14947
673
-750
-250
-13705
-11225
511
-4562
-32768
-14257
-4646
-5200
-7887
-406
-6897
-20607
-10331
1594
15965
-17387
-5828
-10614
-5649
-14635
4196
4538
-14272
-16244
5060
20198
-26699
-9350
-3070
12610
-7206
-31852
20204
11530
-31116
-32768
-15119
-485
8210
-2044
-26836
-25339
-4525
-17423
14776
-22048
-7321
993
3207
-17556
-9728
4078
-468
-15083
-30652
2543
-28810
-10369
5915
-8975
5194
-21617
-993
3903
5048
-14875
-7637
-2731
-22557
17619
4498
-25103
-10374
-4692
-11540
1094
-11643
-17802
-6946
-4042
-18976
-8368
-6189
12590
-21575
-9398
-8360
-32768
-7626
-32768
-7345
-19762
-11234
-17751
1843
-11311
-15343
-20253
-32564
-14427
12582
-19111
-4286
-5245
-16216
-23703
-1576
-23780
-13441
-11000
-31749
-18869
-8700
8203
-6772
-26861
-11846
-20310
5873
-11320
-4383
-9156
4361
-28137
-5812
-12048
-3703
-14626
-2717
-32768
-14086
-32768
6062
17315
-16068
-32768
8484
2629
-16539
-9374
-32768
-17287
6731
4402
-28821
-13418
-3242
-25465
-8073
-15377
-22840
-3861
3545
-8996
-7940
-7522
2769
-21975
5853
-11566
3993
-21297
-26715
-17298
7045
-21014
-19300
6370
8492
-232
-9644
-27198
-9870
6253
-63
5244
8152
-1902
-18826
-954
-27656
-23441
-17109
-10400
2885
-29734
2163
9487
-10007
-24590
4030
2146
1587
-29969
-3076
10186
8267
-20611
555
6729
-4404
-23562
-8241
4025
-3188
-2357
-6883
15866
-8105
1336
2618
-23656
-18797
-30484
-1397
-3053
-5372
21566
2282
5745
-28843
-10317
7589
-8924
-27858
-10898
-3593
-4654
-29790
-21412
-11369
-7394
-12492
-30097
-32768
-5872
-15148
2062
-10921
-24612
-6611
-10849
-13702
9497
2930
-15546
-30007
3807
-12059
5157
-6608
-11716
-11859
8549
-21470
-31242
-11668
14441
11802
-26527
-17940
-16145
4257
-12720
-32768
-21446
-29432
-12656
3242
-7304
-20942
-18019
-21347
-19645
-16595
-1380
-25498
-17401
-13449
13255
-4851
-9352
-11581
15815
-1588
3804
-27080
-17970
3610
-15865
-8684
-4525
-991
-9789
-28115
-18172
-27944
-9229
-3672
-18224
-6276
-5363
-32768
-18164
-7718
-797
-1039
-4450
-26582
-27737
-28324
-10921
-9096
16748
-14371
5525
-12506
-16146
-13974
4076
4057
-5903
-3086
-4998
-4618
-21881
-15125
-3768
8624
-21923
-17244
4837
-6962
-19469
-1822
-6439
5082
9533
9246
-2038
-19859
-17758
-10794
5784
-8509
2924
-1680
-5511
-15705
-683
-12348
-10952
21542
-13332
1314
-17167
-14686
-3729
10899
5315
-1962
-12402
3586
-19430
-29958
-1598
-28295
-31597
-13717
-7098
-15650
-21192
-17294
-8713
9911
-3028
-217
6443
-32768
-10556
12916
-15904
17355
4964
6106
-12689
-24390
-22484
-9820
-8824
-14405
-9765
-32640
6607
-9948
-19268
1295
-32768
992
-3042
-32768
-6768
-18859
-23373
1322
-8443
-32768
18206
-20118
-26238
-6303
-7055
-4024
-773
2358
-4391
-32768
6238
-17310
9919
-13332
-11172
-15106
-32592
13920
8542
556
-24177
-2617
4335
-23707
-16241
5942
-23512
-16851
2248
-19018
-22355
-15195
-17511
-22146
-5476
-10549
4138
1617
21190
-30898
-3177
-30115
-11054
20649
14146
-9686
-21062
-3973
11958
17160
-7910
5456
-5524
-17812
-22720
1006
-5984
-1207
-11181
-2278
-19094
-22648
-14295
-26112
-14862
-898
-11491
-19071
14619
-6431
-17651
-32768
-22089
-23279
9872
11183
-22887
-24764
-21182
-8677
4350
-4239
-2115
-11820
-14513
-19037
-7077
12050
-1759
-6152
-1249
-7654
-28031
-32768
-11760
9106
-21921
-13109
-14923
16046
-426
-29930
-12547
-20925
-32768
899
-8334
-15119
-22429
-29543
-5548
6223
-5638
-525
-2697
-24331
-24279
3928
-16507
7369
20563
2153
-11140
-32768
-12982
8018
-7432
-1968
-3858
-23546
18199
460
-7744
-4600
-20610
-226
-7292
-6673
9541
-3456
-18617
-4813
12514
-20374
-24789
-23968
-28816
12575
-1160
-14925
-276
-4303
14052
-26218
-10427
-21143
-6397
-10106
-5184
-17066
-22347
2429
-4105
-2758
-21783
-10680
-5834
-19766
-8209
15844
-10106
-31529
2346
6786
-7345
10158
-26443
-9679
-23536
-32768
7900
-16854
-5624
-28815
16185
-12221
-11153
-8063
-3133
-289
-13175
-15935
-5716
-468
-16333
11885
17962
-27088
-14446
-1741
-3340
-32768
-32768
5787
-7579
-6909
-29653
-11450
-389
-25970
-22696
-11369
8256
-13834
-11692
-23242
-7220
-11252
-12426
-2912
-4563
18124
-19076
-21548
-24048
-7008
9856
-23743
-22134
-19336
22707
-6546
-30882
-10292
-20944
-6795
-23405
-22102
-10168
-6763
-5353
-13958
-15231
-1016
-8062
-14424
-2943
12872
-25242
-2356
-16939
-7013
-6109
14977
-32768
-32768
10537
3373
-21402
-25493
-1709
-4200
-15187
3593
-7497
-13976
-12003
-7580
-5657
-1496
-22204
-14015
-22600
5405
-20976
-18162
-15072
-3501
-28847
-3863
-11268
-23979
-24845
25602
-17797
-29788
-22337
14468
-3520
-13987
-30318
-18228
-23513
-1499
-11581
5441
-24174
-7561
-24941
-557
-31560
14072
-11788
856
-22754
-11147
-20491
-6225
7464
-16621
8059
13772
-30386
3176
6545
-13069
-5140
1067
-14781
-2096
-4573
16774
-32768
-2076
-7056
-12564
-14938
-84
-32768
-14862
-29125
-10559
2391
-13107
-19294
-24527
-3846
-6928
5522
-17286
-10582
4908
-20441
-17127
-3991
-10865
-32768
2449
-22917
-17313
-20479
-4244
-13997
-5237
-14208
-20009
-19640
11255
-13940
-11036
-14999
-27485
1838
-10618
-11193
-1807
-25763
-27264
-3137
3744
-13520
-1320
-1202
-7403
-22563
9060
-7366
-8185
433
-5530
-11563
-12104
-16593
-10874
-6927
-6805
-16113
13128
-5174
-3157
-19511
-8956
6236
-11725
-16655
-2998
6523
1458
-30759
-6710
-9331
-7602
-4040
-6933
-24530
-12735
3992
-2411
16625
-2884
-8174
