17558
0
19664
0
28958
10528
26271
31930
6935
6432
13204
0
30892
23681
10096
0
16365
0
29703
0
23542
17693
18848
0
26343
25377
16588
27192
0
0
26548
17846
20959
9952
20061
13445
6542
21463
16365
30773
14615
11899
9208
12883
24943
14671
32175
15165
0
19339
0
20937
0
12148
25751
17401
0
24699
2629
25400
0
21394
0
947
0
18780
32767
0
31828
0
19289
6374
18982
11441
0
6492
12678
21772
0
13129
13032
27619
4788
17
32767
18750
0
0
32767
25783
9099
8479
15721
5372
28678
0
32767
0
26893
6259
19281
0
19934
6258
10523
5561
0
32767
0
25455
10069
0
30406
0
25441
19908
15706
0
5312
10585
19349
32767
1429
0
12683
21933
6973
20928
0
10179
7474
25604
0
9328
10659
29064
0
11324
26574
0
32767
9128
32767
13223
32767
1530
32767
7536
12209
22558
6347
12423
29432
0
14727
26782
9901
5966
32767
0
29994
24653
0
23699
9555
32767
9898
0
32767
0
32767
0
12183
4668
23047
0
32767
3918
32767
8829
7231
0
32767
0
32767
18980
0
0
32767
3186
8638
27247
4487
11599
16503
20401
0
32767
22756
12708
27438
8346
8679
21085
9145
8025
9908
13760
27923
3694
0
5899
16015
0
23734
19761
32767
2995
4174
32767
17006
16752
7588
0
23858
30926
14888
13990
7277
11238
0
32767
0
22101
13643
20740
24755
0
32767
32767
21753
15910
31455
21261
16852
0
32767
0
6291
0
25741
5563
2285
0
21387
13130
102
0
1507
26017
0
25124
12273
0
28561
7128
32767
14025
0
27884
21501
15106
0
30539
15601
13947
0
15125
16076
20355
8860
32767
21726
25423
12778
13004
7307
32767
0
18091
23735
12183
32767
28372
6424
16999
0
0
0
29779
11203
32767
11472
9037
4961
32767
0
11005
23891
32767
13927
0
21693
12629
32767
18905
0
32767
0
32767
32767
5081
18848
26858
2203
17770
10733
28562
0
32365
11245
19598
0
0
0
32545
0
16464
0
11988
32767
4655
26279
8350
32767
19651
11507
23947
1633
32767
12649
19367
26424
11585
1757
23670
11018
18902
23442
10837
0
32399
24743
25154
3278
30922
0
32767
0
20033
12454
25444
2044
7378
17774
19443
29260
0
24917
2462
32767
9147
15473
32767
4416
0
15085
0
18696
1935
31726
3431
0
0
1987
9311
10372
27062
10692
25401
0
11114
7475
12213
32767
0
32767
9598
3283
3784
28190
0
7772
0
26553
0
0
32767
2405
12282
32767
21292
14086
0
8717
6110
32767
0
17932
16585
0
29729
28567
0
32767
0
24851
0
0
17331
20764
24401
14874
27690
0
32767
2356
15384
32767
0
8872
16556
0
31283
1120
10680
22525
21035
0
32767
0
11910
15983
7565
2339
22116
16443
22748
0
32767
0
31138
0
28554
14774
0
32767
5462
21624
0
9500
28589
0
15196
32253
0
16893
32767
0
14116
32134
15971
0
22764
0
25845
0
32767
0
32767
0
19477
29564
524
8205
0
9954
12068
9764
0
12270
5200
17449
5036
29950
0
29259
0
32767
6859
23644
14611
0
4709
17630
2369
907
32767
4704
18933
0
26101
0
32767
8786
0
0
13921
16222
28719
23075
32767
18795
21354
0
24348
15413
497
17944
23857
20676
9033
4021
5236
32767
0
32767
0
32767
1234
6319
21391
16015
0
32767
15664
21342
12007
10534
32767
32767
7400
20300
0
0
0
29527
13672
26239
22420
6977
8132
0
19146
22172
0
11358
8337
0
32767
0
8210
25799
0
19452
7460
4382
11621
10009
0
29879
21400
0
25878
28621
5330
32767
0
0
22106
8634
31268
0
25654
3296
32767
13499
26076
7205
4828
32767
19659
5613
7336
26165
22331
6742
22311
27483
0
450
32078
18595
1316
24559
0
17853
10432
2411
32767
0
32767
0
32767
0
11346
10923
7469
11752
0
25072
8524
22295
0
3984
18281
0
3652
12378
25187
3973
4113
32767
1299
21446
282
24932
18117
4612
14478
23507
22897
243
21157
0
32767
8383
12936
19675
16854
14645
0
28920
0
12291
32767
0
28693
889
32767
12732
0
30965
9375
32767
13684
12129
32767
25672
2763
797
650
32767
0
16354
3607
16110
0
29368
0
24332
12104
27573
0
19170
31313
20158
2490
0
25983
26996
0
16443
12799
17798
13786
17165
11525
5797
0
20823
11510
32767
7317
15502
0
32767
0
32767
14237
23624
6714
32767
0
12075
3946
32767
0
16301
0
18127
12147
32767
14446
32767
0
32767
0
32767
0
32767
0
32767
0
14729
10196
13750
32767
0
23409
13479
0
31933
24360
0
9431
0
0
20785
3964
32767
0
32767
12347
13956
8405
26168
0
32767
8904
17992
32479
13842
7643
21856
19243
0
28572
0
22629
24021
853
26796
23492
21177
0
32767
5122
32025
25974
32767
0
27596
15268
14199
17655
32767
10020
21974
13336
0
32767
0
22502
18662
0
27700
18816
20397
0
6346
30641
11090
0
32215
0
12837
20137
22403
5162
1970
26197
31545
12802
19620
0
29591
8945
21735
0
28318
18186
7653
19608
15719
7413
2175
0
32767
0
21128
27950
16209
0
12558
32356
0
32767
0
21920
0
32767
0
22948
4585
7604
32767
10128
15102
297
0
22907
0
18300
0
25195
30712
10255
24231
16136
19880
32767
0
3165
1135
3857
0
18738
0
13182
