2910
0
0
0
0
0
0
4614
0
0
0
0
0
21172
4336
0
2345
0
0
0
0
4428
11225
0
0
16405
0
315
0
0
0
0
0
0
0
8331
215
0
0
0
3801
0
0
0
0
0
6922
17973
0
0
7947
13194
0
0
22548
22577
0
0
0
27604
0
0
3823
0
0
0
32016
0
0
0
0
0
1699
7880
0
0
0
19846
0
0
19829
13221
0
0
21387
13637
0
0
0
11623
18215
22557
0
0
0
0
20760
0
0
0
0
0
0
0
0
12718
0
0
0
0
14214
0
4240
2822
0
67
5614
1432
0
0
0
27582
11901
0
0
24634
0
0
0
0
4662
13005
0
0
0
32767
614
0
0
0
0
0
0
0
1577
0
0
4821
4458
0
0
0
0
0
21947
11580
0
0
14660
6250
0
0
0
0
9890
1050
0
0
2787
3747
0
0
0
0
11660
0
0
8163
0
0
20993
0
0
0
0
25653
0
0
9233
22000
0
0
0
0
0
9796
0
1046
5901
0
0
0
0
2600
186
0
3955
0
5186
0
1093
0
31353
0
0
0
61
10862
0
0
15691
0
0
0
0
27269
1779
0
0
0
0
0
0
0
0
0
32767
0
0
9250
0
0
8187
0
17306
0
0
6618
16
0
0
14583
0
0
7147
3691
0
0
0
19195
2204
1358
25444
0
0
0
0
0
0
317
0
26417
0
0
0
0
0
0
504
32767
0
0
0
10199
17264
0
0
0
4086
0
14562
7004
0
1913
0
0
0
0
0
0
0
9264
3217
0
0
10303
15801
0
0
4660
22753
0
0
0
4419
0
0
0
0
0
23565
0
0
0
0
0
0
15606
0
0
0
5210
0
0
0
18957
0
8661
0
0
0
7581
0
0
0
2029
0
0
0
0
0
0
0
8154
0
0
0
0
10752
2138
0
0
0
0
0
8557
0
11895
21188
0
0
0
0
0
9903
342
0
0
0
0
0
0
0
0
0
0
0
0
0
7875
504
20923
0
0
0
5343
3216
22912
0
0
0
0
1592
0
26844
0
0
0
0
0
9097
17851
0
0
0
6506
0
12853
3465
0
0
3237
0
0
0
0
16674
0
0
24855
0
0
32514
0
0
0
8713
0
0
0
14397
0
0
17688
0
2011
16024
0
10375
0
6949
0
0
0
8567
0
0
2957
0
18225
0
0
0
0
0
2123
16867
7367
0
22803
0
0
8658
0
2891
0
31
21594
0
0
2709
0
0
0
23588
0
0
8506
10982
0
0
11951
0
0
3085
8320
0
10583
2275
0
0
0
32122
27708
0
0
0
0
12245
0
10233
4382
0
646
0
0
6319
0
0
7941
0
0
0
0
15833
622
0
20165
18544
0
0
0
0
0
22568
0
0
0
0
21129
0
13447
5594
0
0
0
23810
5978
0
9873
0
0
0
0
20336
0
0
0
0
10561
0
0
0
0
0
9868
1380
0
0
0
0
459
0
0
0
0
21597
0
0
0
2645
1969
0
0
14881
0
0
7287
0
8738
8379
0
0
0
0
2163
0
0
5107
0
0
16217
0
0
9379
0
0
0
0
572
7859
10671
0
5085
0
0
1476
0
6917
0
1711
21963
0
0
6856
6331
0
0
16493
2384
0
0
20697
3135
6545
0
0
0
0
19575
0
0
0
23879
0
0
0
3821
0
2215
0
0
0
0
7089
2805
0
0
0
7904
0
0
0
9795
0
0
1872
9433
0
0
0
0
0
0
0
0
10585
0
0
3080
21991
0
0
0
0
16339
9358
0
0
13007
0
0
0
0
763
0
0
0
0
0
0
0
17787
8639
0
0
0
0
2833
151
0
5824
32767
0
0
16188
18519
0
0
0
0
2217
0
1525
0
0
0
0
0
0
3173
6771
3776
0
0
0
208
3724
3902
0
0
0
4599
5384
0
0
0
311
0
0
0
0
0
0
11233
0
0
0
0
0
21804
0
0
0
0
0
0
1838
0
0
23677
0
0
26812
0
0
0
0
8124
23736
9497
0
0
5822
0
0
12841
0
0
0
0
0
5800
0
0
619
0
0
0
0
9619
0
8012
0
0
0
10724
0
6710
0
0
5774
3613
0
0
0
12930
0
0
0
0
0
17587
0
14874
0
0
0
0
5490
0
4956
20187
0
0
15149
0
11128
1757
0
20110
0
1341
0
0
0
0
11299
1784
0
0
27718
0
0
0
0
9240
0
0
9762
0
15660
4406
0
0
14699
7913
0
0
0
0
0
0
0
0
0
15940
5832
0
0
0
19740
0
10379
0
0
18839
635
0
0
0
15927
0
0
7728
2724
0
1096
5122
1728
