0
0
0
0
0
0
19574
0
0
0
0
7936
0
0
0
0
0
0
3337
0
8119
0
0
0
6533
2900
0
0
0
0
0
0
0
0
0
0
0
0
0
0
0
0
0
7677
3415
0
7372
0
0
0
0
947
0
0
0
0
0
16592
14
0
0
0
0
0
0
10090
0
0
0
0
0
0
0
0
0
0
11788
0
0
673
0
0
0
0
511
0
0
0
0
0
0
0
0
0
0
1594
15965
0
0
0
0
0
4196
4538
0
0
5060
20198
0
0
0
12610
0
0
20204
11530
0
0
0
0
8210
0
0
0
0
0
14776
0
0
993
3207
0
0
4078
0
0
0
2543
0
0
5915
0
5194
0
0
3903
5048
0
0
0
0
17619
4498
0
0
0
0
1094
0
0
0
0
0
0
0
12590
0
0
0
0
0
0
0
0
0
0
1843
0
0
0
0
0
12582
0
0
0
0
0
0
0
0
0
0
0
0
8203
0
0
0
0
5873
0
0
0
4361
0
0
0
0
0
0
0
0
0
6062
17315
0
0
8484
2629
0
0
0
0
6731
4402
0
0
0
0
0
0
0
0
3545
0
0
0
2769
0
5853
0
3993
0
0
0
7045
0
0
6370
8492
0
0
0
0
6253
0
5244
8152
0
0
0
0
0
0
0
2885
0
2163
9487
0
0
4030
2146
1587
0
0
10186
8267
0
555
6729
0
0
0
4025
0
0
0
15866
0
1336
2618
0
0
0
0
0
0
21566
2282
5745
0
0
7589
0
0
0
0
0
0
0
0
0
0
0
0
0
0
2062
0
0
0
0
0
9497
2930
0
0
3807
0
5157
0
0
0
8549
0
0
0
14441
11802
0
0
0
4257
0
0
0
0
0
3242
0
0
0
0
0
0
0
0
0
0
13255
0
0
0
15815
0
3804
0
0
3610
0
0
0
0
0
0
0
0
0
0
0
0
0
0
0
0
0
0
0
0
0
0
0
0
16748
0
5525
0
0
0
4076
4057
0
0
0
0
0
0
0
8624
0
0
4837
0
0
0
0
5082
9533
9246
0
0
0
0
5784
0
2924
0
0
0
0
0
0
21542
0
1314
0
0
0
10899
5315
0
0
3586
0
0
0
0
0
0
0
0
0
0
0
9911
0
0
6443
0
0
12916
0
17355
4964
6106
0
0
0
0
0
0
0
0
6607
0
0
1295
0
992
0
0
0
0
0
1322
0
0
18206
0
0
0
0
0
0
2358
0
0
6238
0
9919
0
0
0
0
13920
8542
556
0
0
4335
0
0
5942
0
0
2248
0
0
0
0
0
0
0
4138
1617
21190
0
0
0
0
20649
14146
0
0
0
11958
17160
0
5456
0
0
0
1006
0
0
0
0
0
0
0
0
0
0
0
0
14619
0
0
0
0
0
9872
11183
0
0
0
0
4350
0
0
0
0
0
0
12050
0
0
0
0
0
0
0
9106
0
0
0
16046
0
0
0
0
0
899
0
0
0
0
0
6223
0
0
0
0
0
3928
0
7369
20563
2153
0
0
0
8018
0
0
0
0
18199
460
0
0
0
0
0
0
9541
0
0
0
12514
0
0
0
0
12575
0
0
0
0
14052
0
0
0
0
0
0
0
0
2429
0
0
0
0
0
0
0
15844
0
0
2346
6786
0
10158
0
0
0
0
7900
0
0
0
16185
0
0
0
0
0
0
0
0
0
0
11885
17962
0
0
0
0
0
0
5787
0
0
0
0
0
0
0
0
8256
0
0
0
0
0
0
0
0
18124
0
0
0
0
9856
0
0
0
22707
0
0
0
0
0
0
0
0
0
0
0
0
0
0
0
0
12872
0
0
0
0
0
14977
0
0
10537
3373
0
0
0
0
0
3593
0
0
0
0
0
0
0
0
0
5405
0
0
0
0
0
0
0
0
0
25602
0
0
0
14468
0
0
0
0
0
0
0
5441
0
0
0
0
0
14072
0
856
0
0
0
0
7464
0
8059
13772
0
3176
6545
0
0
1067
0
0
0
16774
0
0
0
0
0
0
0
0
0
0
2391
0
0
0
0
0
5522
0
0
4908
0
0
0
0
0
2449
0
0
0
0
0
0
0
0
0
11255
0
0
0
0
1838
0
0
0
0
0
0
3744
0
0
0
0
0
9060
0
0
433
0
0
0
0
0
0
0
0
13128
0
0
0
0
6236
0
0
0
6523
1458
0
0
0
0
0
0
0
0
3992
0
16625
0
0
