-32768
-32768
-32768
-32768
-23643
-4476
-32768
-26007
-32768
-32768
-17616
12455
-28854
-32768
-2986
-32768
-30463
-16983
-21934
-12218
-28581
-32768
-8798
-26844
-19457
-13072
-32768
-16830
-9915
3754
-31674
-23310
-32768
-32768
-32768
-10526
-32768
-934
-32768
-32768
-21925
-28438
-24600
-32768
-26672
-32768
-20567
-11565
8038
-1123
15087
-24783
-32768
113
-12665
-32768
-32768
-32768
-27883
-32768
-32768
-4568
-22199
-32768
-25122
-26265
-32768
-8032
-24531
-373
-18360
-8360
-27100
-32768
-6219
-32768
-11778
-32768
-9947
-27786
-19782
-28061
-15363
-32768
-25970
-32768
-32768
-13606
-29219
6052
5829
-22700
-25539
-12856
-16028
1011
-30406
-659
-32768
-32768
-30285
-32768
4504
-15394
-22643
-29719
-32768
-3407
-26732
-32768
-32768
-32768
-32768
-18545
-32768
-24515
-32768
-2335
-32768
-13118
-6583
-3724
-32768
-5620
-8796
11680
-5564
-31024
-21314
-32768
-11730
-9917
-32768
-7093
-23097
-3279
-28332
-11480
-11959
-32768
-13284
-21334
-19742
-23798
-27545
-32768
-26398
-8719
-32768
-32768
-11241
-6104
-21747
-17600
-31000
-27343
-19856
-28087
-22070
-22747
-19429
-32768
-16168
-32768
-32768
-30164
-13058
-4461
-32768
-32768
-32768
-10748
-22740
-11159
-24098
-1051
-11483
19324
-23241
-23072
-14866
-32768
-255
-20205
-7331
-32768
-21003
-32768
-11591
-963
-14623
-29623
-20157
-20815
-25661
-32768
-24657
-30919
-8438
-32768
6624
-32768
-16849
-32768
-9689
-26771
-16204
-32768
-29558
-32768
-10646
-21353
-32768
-32768
-30448
-28771
-19370
-32768
-9773
-29352
-32768
-32601
-24320
-32768
-25040
14787
-32768
-16741
-32768
-4999
-21045
-19698
-32768
-32768
-32768
-31572
-32014
-29847
-32768
-12703
-32768
-32350
-32768
-32768
-32768
-32768
-32768
-17513
-32768
-25691
-32768
-32768
-32768
-32768
-32768
-13980
-32768
6944
-29308
-16472
-32768
-3536
-21976
-10134
-13229
-16822
8948
-32768
-19853
-32768
313
-14728
-32768
-32768
-32768
-32768
-32768
-21019
-32768
-31394
-22384
-32768
-25613
-25400
-20532
-19030
-32768
7389
-16428
-32768
-32768
-32768
-15011
-24711
-32768
-32768
-20734
-32768
-30405
-23066
-147
-32768
-30797
-32768
-15198
-18869
-478
-16578
21591
-5359
-19694
-13930
-26126
-32768
-7943
-9585
13468
-32768
-3679
-32768
-527
-32768
-926
-32768
-27808
-32768
-29733
-32768
-32768
-28845
-29210
-27444
-5472
-15861
-12884
-5960
-20125
5104
-29869
-11922
-17031
-32768
18920
-32768
-15618
-32768
-32768
-12353
-32768
-22085
-22184
6146
-6774
-15782
-14519
5918
-27765
-19441
-32768
-13590
-7195
-18107
-28154
-19104
-2943
-32768
-27991
-32768
-12553
-32768
-16888
-32768
995
-32768
-10035
-32448
-28394
-28105
-32768
15554
-32768
-28406
-32768
-32768
-32768
-30060
4716
-32768
12583
-7352
-32768
-31778
-19321
-32768
-32768
-32768
-29180
-32768
-32768
-32768
-32768
-15104
5207
-32768
-4255
-32768
-12634
-6493
-27864
-13364
-32768
-32768
-32768
-32768
2138
-32768
-13323
-32768
-1416
-591
-6870
-32768
-5583
-32768
-16188
-32768
-32768
-10377
-32768
-3413
-32768
-25428
-32768
-29234
-11558
-32768
-1436
-32768
-32768
-19360
-31002
-32768
-7114
-28956
-14968
-25745
-11949
-32768
-6213
-29927
-32768
-981
-28338
-24104
-22082
-1481
-32768
-26175
-32768
-31995
-23464
-17632
-32768
-28427
-32768
-32768
-32768
-32768
-11577
-32768
-32768
-19234
-26874
-11904
28045
-32768
-19887
-11397
-7841
-32768
-32768
-29729
-32768
-32768
-32768
-18954
-24006
-20023
-32768
-29658
-16439
-32768
-4700
-19866
-32768
-7622
-31705
-29929
-30476
-27538
-32768
-11470
-30929
-17574
-18732
-26353
-32768
-25277
-32768
-21392
19009
7863
-32697
-28609
-32768
-32768
-32768
-22852
-2852
2130
-11319
-16557
-16293
-32768
1362
-32768
-22193
-6622
-24724
-32768
-9956
-13947
-23285
-5317
1600
-32768
-26028
-32768
-32768
-32768
5354
-12779
-17515
11661
-29768
-290
-21918
-30748
-32768
-2938
-25665
-15251
-18806
-32768
-27663
-32768
-17697
-32768
-32768
-32768
-32768
-25975
-18869
-16217
-32768
-25927
-32768
-32768
13451
-29981
-7141
-7411
-12930
-15102
-15856
-16543
-31475
-16580
3763
-28604
-18016
-32768
-20930
-8069
-19739
-7331
-26022
997
-32768
-32768
-18776
-32768
-30251
11479
-25830
-30202
-31828
-9777
-28073
-13455
-32768
-18103
-31725
-31613
-31239
-32768
-26823
-4688
-22009
-21195
-30510
-32768
-5034
-22028
-32295
18023
-32768
-22734
-25460
-370
-11386
-32768
-19446
-7756
-32239
-32768
-564
-13333
-16073
7679
-31405
-17627
-32768
-18571
-32768
-32768
-21456
-2461
-3863
-32768
-16074
-32768
-20402
-19736
-19143
-22029
-22062
-18286
-23838
-17820
1619
-17364
-8721
-14729
-32768
-18113
-32768
64
-10309
-29428
-10371
-32768
-32768
-32768
-30694
-26338
-9226
-14224
-30339
-16613
-19125
-32768
-7141
-32768
-29021
-30099
-14419
-32768
-15036
-21530
-23741
-32768
-6477
-32768
-13502
-32768
128
-25624
-32768
-27725
-11785
-32768
-11175
-825
-2879
-23409
-10710
-26801
-14829
-19976
4500
11861
-29288
-13516
-32768
-32768
-32768
-11022
-32768
-32768
-23608
-32768
-28976
3545
358
-32768
-12580
-32768
-32768
-32768
-18212
-32768
-6047
-21747
-19135
-21501
-32768
-15399
-32768
-28321
-3347
-32269
-19713
-22575
-11790
-22007
-15427
-26607
-28098
-30569
-28366
-18208
-32768
-30048
-29375
-21704
-14855
-32768
-31163
-32670
4061
-13675
-26908
13225
-32768
-1566
-22703
-770
-5940
-26839
-32768
-32768
-32768
-32768
-23226
-32768
-17882
-32768
-32768
-32768
-3318
-32768
5137
-23008
-25084
-32768
-32768
-2321
-31579
-18470
-32768
-32768
-6638
-32768
-32768
-19511
-26966
-25134
-12977
-24620
-22606
-32768
-32768
-28847
-32768
2072
-32768
1261
-26056
-22202
-14251
-14303
-7144
9308
-20604
-17562
-23189
-32768
-28968
-32768
-32768
-14834
-32768
-18010
-32768
-26128
-32768
-12219
-32768
-32768
-8251
-31363
-13586
-32768
670
-26219
1111
-12602
12896
-18199
8503
-32768
-16148
-22326
-16329
-13062
-21473
-15809
-17465
-32768
-12944
-32768
-22492
-20952
-12388
-25087
-26434
11277
-32768
-27718
-32768
-32768
-28417
-27352
-21686
-32768
-25360
-32033
-26213
-30427
-29630
-23490
-10001
-22878
-27193
-7397
-32768
-10912
-32768
-15791
-20772
-7438
-32768
-32768
-30153
-18198
-14982
-8407
-27820
-19846
-32768
-32768
-14074
-32768
11412
-32504
-32768
-26342
-32768
-32768
-22245
-32768
-21914
-32768
-18484
-16768
-32768
-32768
-16285
-23232
