-23642
-6012
-2220
16574
-25232
-9988
-12330
-8274
32767
12666
294
-32020
13772
-7146
-4698
-4200
-10488
-12004
-28964
-32768
-2400
-17168
-9726
-21536
-20088
-15392
32767
8094
31126
16620
-3768
-21814
-27516
-14320
15630
25152
9930
-32768
-31944
-32768
-16558
-1896
8506
5218
-23244
17066
2732
-4280
21758
-1066
-29026
6798
3278
24800
25814
-12182
8094
-32310
-12766
-2252
11852
-26520
-1110
-14808
-21804
-22808
8860
-4850
15564
18604
5614
-5874
1254
-21760
-7334
864
-7286
8076
5610
32767
29406
1392
-10404
-18864
-11702
-11844
-28140
3018
-30216
-4638
5776
-9722
-2884
-2118
-20034
-17232
-5438
-28410
11468
-32450
5196
-2324
-19984
-7756
-32768
16116
-27162
-8886
-32768
-23458
-15390
-864
-28578
8158
21348
20510
-9110
-4760
32767
-11696
-13790
7498
5340
-246
11844
-9062
14858
-12036
23446
3548
-28008
5998
19122
32767
10448
-11830
-2682
940
29642
9334
-538
4198
7670
-31736
-16060
-18864
-20830
-32768
-18954
-9062
24904
1302
-18418
-32768
13454
23774
13580
-6702
-28106
-23566
-10720
-9264
-12460
-20304
6302
2150
-3316
-22432
-12816
372
-27952
-12544
-4632
396
-17768
6480
8874
7498
15094
-13166
-2708
13660
19048
-11348
-8216
-15440
-6916
-2744
7002
22392
-3564
10448
-1532
-19228
-21806
-18164
16026
7196
12884
-9692
-12898
-3048
27164
24074
22698
-12060
16954
10688
13870
-11952
-13010
15432
9706
18786
-6616
-1244
1056
13598
-30106
4068
13910
-13740
-366
32767
630
-13510
-18638
-1298
-16888
1664
-17898
2636
-32768
-21914
-23740
-10298
-32768
-6058
-742
-16920
-31078
-23464
-6776
1370
-3146
7390
-17368
22918
4576
-6782
2978
-18500
-27952
-6902
14492
1294
8454
-17418
8016
6346
20362
8902
-3688
-11236
8836
12434
7370
-24624
13598
13542
-1320
-2188
-3402
918
-22014
-17680
-23666
-32768
-5838
-32768
-16460
5854
10770
-20760
-32768
-21418
7684
-30610
8146
-30316
-2504
194
18618
294
-7018
15962
12922
19772
-32768
-14184
696
-1346
-9710
-21880
-14948
-9020
11918
-1430
-2768
12948
-13508
-20638
-20508
-2544
20258
-11154
15810
-4498
29844
2492
-32768
-32768
-18944
-14592
-28256
-32768
-14266
17068
-1036
2748
-6640
5174
-31618
-14150
-7650
19288
-20342
8226
2364
1784
25850
6952
-638
1074
-21884
27008
1696
-880
-27756
16730
-1706
14588
784
32767
2002
9454
-23490
-5728
-32768
-24176
-6222
7504
16598
26808
6778
-5536
28874
3724
23886
9988
-11494
-10236
-27542
15840
-22500
-23102
-25624
-8936
-1576
-2330
11710
7494
-10892
-2214
11490
-17236
16004
-16450
-10032
-6764
24058
-1448
-14158
-13276
-6570
-1218
-23928
-16892
-32768
-666
206
22320
-15312
14706
-26212
18990
10830
-4870
3016
-20388
5724
-22458
8798
-28514
-14422
7894
-1672
32767
-3914
1746
-5222
1144
-14660
-13844
-29906
5640
-23006
14016
-3692
-18746
-32768
2164
18700
18976
-11236
11608
-15738
1562
7704
-14804
25188
-20902
-32020
-12970
-8854
426
-31278
-10564
-25930
6852
-10108
5740
-8366
29152
-10556
1902
-2298
-9250
22686
3956
6066
-29192
-4842
-6770
-29994
7876
-2504
14122
-10012
-13312
-4036
16268
25326
-1310
-9112
7918
-8892
18006
-2648
17946
-20138
-26356
-3508
10104
11546
2352
-8786
-32768
-13500
-27406
-3480
-17622
-19472
-11698
12098
-27848
-32768
-9024
-25240
-5146
-10936
-25034
-25166
-10092
-13294
24192
-6790
19460
-1816
528
5912
-1198
-17076
-32768
-32768
-13422
31658
1702
-3120
-3760
-11586
8810
7336
-1076
13930
12236
23686
12872
30776
20366
-8374
-15236
32767
-1776
8184
11162
-22836
-32768
-3862
-18514
-16618
9052
628
-7474
-612
-22198
-23202
-4988
-5734
2054
23994
-214
-26534
-4378
-19656
-16350
-21432
-28276
-28818
-4474
2944
-10458
-17006
1536
-24362
-2772
2588
4022
-9804
-18944
4788
21676
22882
-5310
14020
-6628
21650
3670
710
-27948
-10602
1902
4348
-9706
-32462
25538
-9536
-4272
-14456
-16320
-11254
16338
-3914
-11842
16212
-18896
-20912
-2210
-15948
14422
-15740
-15210
-4960
-8028
7972
3536
-13916
-17646
-16414
14538
9924
2242
900
19112
-5430
-12724
17590
5346
-50
-20792
-32768
-17404
-11296
-13776
25900
-2426
-6734
-4398
-2540
-8604
12620
5292
19374
23616
-6358
-13562
-6952
-10998
22230
7036
-14520
-9978
-15472
48
-3168
-23102
11488
-19602
-2008
8924
13766
11362
-1512
12902
-8198
-3916
-352
-6022
11558
7242
-244
-32768
-18514
-32768
-12012
-30970
-15120
17726
-7192
-23676
-31596
-8478
-17916
21866
24964
-112
15988
19860
2504
-5668
11824
-6026
-29006
-14742
12154
-23792
-11328
870
-2606
-3990
3010
21926
-7696
-11110
11092
14758
1598
-2754
12350
17484
-2230
11752
-32768
-18954
-28332
-6628
-32690
-15386
-3360
-14846
-13892
25968
10
7690
-17764
6896
-4578
3010
19876
-4906
-23626
-15666
-18626
1490
-9966
3020
-28526
-19674
-6256
-1088
6846
10074
22002
10936
18226
-13352
10328
-7148
6742
9368
-12006
-18290
-11528
6702
20658
15146
-23640
-8228
-32768
-21662
-232
27352
-5882
17216
-2708
-7934
16284
-8574
-16668
-7904
2070
14646
-2108
-18186
-5958
-2652
-15838
-724
-54
-26666
472
-11280
-14150
-32768
-26256
8056
-4572
13690
13072
19676
32767
-8662
-10878
-8774
26842
-11554
12912
17356
18208
-7684
-24912
-11142
-24224
-2012
-22072
14976
-17236
-25176
-25704
-11140
-9542
27932
-3704
19152
-2724
-20000
-8898
-11398
-20562
-27120
-18754
-8
-28954
-13856
-21938
-20264
-10208
-25808
254
7832
3234
-4336
16458
-1150
1498
-13888
24900
-1144
15690
-1766
-15676
-9730
-2772
122
7640
-11374
-16028
-120
19710
-5786
-992
13636
32767
10822
1806
-2878
9840
-15258
-7958
3642
-7570
19338
-20884
-14656
-26412
6096
7844
29868
320
23438
9716
19166
-6846
6482
7228
15240
-1980
4054
1322
13918
-30874
-32768
-31700
-14866
-16766
-24562
-10624
-16460
10362
-32768
-24168
-28620
-6002
11500
-3976
1496
-32768
-23468
-11074
-30556
-25494
-8976
-8304
2064
-6444
-14710
10666
-26834
-1938
-32768
