-32768
-11229
-32768
-32768
-14039
-32768
-32768
18217
-32768
-18387
-29453
-8897
-32768
-11052
339
-32768
-10329
-20415
-32663
-32768
-28170
-31451
-27019
-21484
-32768
-1812
-32768
-4180
-32768
-32768
-32768
6310
-32768
-32768
-32768
-26562
-32768
27293
-32768
-4723
-31553
-20029
-32768
-32768
24126
-32768
16586
-32768
-19937
-32768
-6814
-32768
5210
-32768
-32768
-25821
-27561
-22165
-32768
-12875
-32768
-1771
-32768
-26091
-32768
-20084
-32768
32767
-32768
871
-29903
-32768
-19288
-32768
74
-32768
-2534
-32768
-15787
-32768
-16730
-29725
-15180
-19791
-32768
-30806
-5347
-25269
-32768
-11258
-32768
-15413
-32768
-2329
-32768
-12980
-32768
16279
-32768
-2682
-27642
-30251
-21296
-32768
-1375
-32768
-14658
-32471
-26406
-32768
-3174
-32768
-18045
-28715
-32768
-32768
-24927
-11271
-32768
10265
-32768
-32768
-29690
25321
-32768
-13722
-32768
2403
-32768
-32768
-4380
-32768
-24011
-28880
-30940
-11251
-32768
-2769
-32768
-32768
-7911
-32768
-32768
-11610
-32768
-20197
-32768
2378
-32768
657
-32768
-32768
-14159
10889
-32768
-29884
-14736
-32768
6492
-32768
-15679
-27255
-27535
-32768
-25199
-15810
-32768
-22688
-29698
-32768
19782
-32768
-27982
-31810
-11407
-28154
-24063
-29374
-32768
418
-11204
-32768
-16807
-14898
-12647
-32768
-6075
-32768
15266
-32768
-32768
-19410
-7702
-32768
-24926
-8828
-32768
-16592
-32768
-23453
-11023
-32768
-22398
-30885
-32768
-22334
-29452
-18322
-32768
2494
4441
-32768
-23247
-32768
4687
-32768
-15677
-32768
-16666
-24304
-32768
-1055
-31004
-32768
-26279
-10612
-32768
7013
-32768
-3958
-28279
-32671
-17148
-25783
-20458
-32768
-4775
-32768
-20997
-25176
1105
-22625
-32768
-32768
-13929
-32768
-32768
-31547
-32768
-22052
-32768
-28300
-32768
-32768
-32768
-1490
-32768
32767
-32768
67
-32768
-21109
-32768
-18560
-28077
-32768
-24293
-32768
-9706
-32768
2269
-32768
-16474
-32768
-21432
-32768
-26593
-24090
-32768
-17751
-32768
-27834
-32768
-32768
-25411
-32768
-32768
13258
-32768
-26713
-4056
-32768
-25748
-32768
-5447
-32768
-15405
-32768
30532
-32768
-6952
-32768
1109
-32768
-31150
-32768
-32768
-16046
-32768
-24648
-20696
-32768
-2266
-32768
946
-32768
-32768
-12836
-24752
-32768
1873
-32768
-6763
-32768
-4209
-4967
-32768
-32768
-7841
-32768
-18128
-31091
3154
-32768
-17737
-32768
-12842
-32768
-4168
-32768
-15687
-32768
18659
-32768
32560
-32768
-7827
-32425
-29326
-17833
-32768
-17324
-20294
-32768
-22389
-21881
-24056
-32768
2703
-32768
-32768
-16752
-2005
-32768
-8727
-32768
-11756
-32768
-20339
-32768
1782
-32768
20658
-32768
32767
-32768
-20137
-20750
-32768
13219
-32768
15890
-32768
-19894
-26887
-32768
-14653
-32768
3516
-32768
-23326
-32768
887
-32768
11786
-32768
-18
-32768
-29550
-32768
-23792
-32768
-25201
-32768
32767
-32768
12494
-32768
-32768
17675
-32768
218
-32768
-11694
-32768
-32768
27556
-32768
31231
-32768
-29295
-32768
-1352
-32768
3240
-32768
-20675
-28604
-32768
-14330
-32768
-15828
-32768
-31660
-2003
-32768
10856
-32768
-6082
-17964
-32768
-5169
-32768
-32768
-2852
-32768
27733
-32768
21457
-32768
-15483
-32768
-20743
-32768
-6138
-32768
-32768
532
-32768
-11188
-32768
-27597
-32768
-16366
-32768
-32768
-6430
-32768
-17727
-32768
-32768
-16013
-32768
-14003
-21007
-32768
19302
-32768
-25512
-32768
-24690
-20308
-32768
-27839
-31205
-18760
-32768
-9622
-32768
-19062
-32768
-30184
-14478
-32768
-32768
-16735
-31861
-32768
-16165
-32768
-20622
-3192
-32768
-18104
8897
-32768
11016
-27123
-32768
-24430
1565
-32768
-32743
8151
-32768
-11671
-32768
-15782
-32768
-11030
-32768
-32768
-2384
-32768
-12931
-32768
-19685
-32768
-32768
-32768
-22271
-29537
-32768
-9077
-32768
-30165
-4961
-32768
-32768
-31028
15260
-32768
-22202
12562
-32768
1073
-32768
-32164
-16734
-18221
-32768
-17627
-14247
-32768
20333
-32768
-30265
-18635
-28123
-32768
-18038
-32768
-25333
-13173
-32768
-8801
-20955
-32768
-21730
-32768
-14509
-20466
-27503
-342
-32768
-9416
-32768
-13780
-32768
-18766
-24592
-25243
-7587
-32768
-11378
-25632
-32768
-18684
-32768
-24224
-32768
-32768
-9703
-14363
-32768
7313
-19709
-32768
-28146
-32443
-32768
10415
-32768
-6220
-32768
-11501
-27791
-27774
-27719
-32768
4366
-32768
-4312
-32768
-18758
11485
-32768
2517
-29938
-19582
-30739
-32768
-4730
-25282
-32768
11968
-32768
-21568
-32768
-15148
-32768
-13072
-32768
-24147
-32768
-23424
-20498
-32607
-32768
-20033
5891
-32768
24417
-32768
-23847
5230
-32768
-21591
-24811
-7763
-32768
-32768
17235
-32768
-31429
-18765
-12350
-28904
-32768
-194
-28341
-32768
-19117
-20211
-32768
-27320
-9127
-32768
-24646
-21120
1566
-32768
3203
-32768
-32768
-15207
-32768
-19706
-32768
-19852
-22884
-32768
7655
-32768
-21901
-27729
-6226
-32768
-18722
-29562
-18467
-32768
18185
-32768
-27068
-32768
-22392
-22350
-32768
-21142
-6069
-32768
2892
-25927
-32768
-24920
-17163
-30336
-32768
-8709
-30491
-32768
-12962
-32684
-17798
-32768
27042
-32768
-23033
-31227
-32305
-32768
4701
-32396
-32768
-7583
-32768
-11573
-28350
-24158
-17939
-32768
-13076
-22952
-26955
-32768
-27093
-26312
-32768
-21237
-23517
-32768
-15059
-31843
-23406
-32768
-576
-32768
-8834
-32768
-32768
-32768
19205
-32768
-32768
14981
-32768
-5105
-32768
-20280
-10552
-32768
-24976
-22319
-23747
-32768
-31582
-21756
-32768
-17231
-31771
-32768
-4582
-27470
-32389
-25860
-10917
-32768
-32768
-22462
-32768
-17273
-23971
-21483
-32768
10135
-32768
-3490
-32768
-29135
-4855
-32768
-15049
-32768
-6441
-32768
-28746
-19992
-19441
-32768
-278
-32768
8092
-32768
-20881
-17807
-23945
-28658
-32768
-27587
-32768
-32768
-22999
-30268
-19770
-16693
-32768
14055
-32768
-15459
-12489
-32768
-32768
-32768
-15883
-32768
-25747
-23302
-16056
-24625
-9018
-32768
1918
-30236
-25445
-5867
-28112
-9620
-32768
-11040
-32768
-21459
-32768
-20527
-30177
-27238
-32768
2090
-32768
3464
-30791
-32768
-8109
-32768
13361
-32768
1947
-32768
-20562
-32768
962
-32768
6914
-32768
-7904
-19235
-32768
-269
-32768
-32768
-27384
-19986
-32768
-9731
-32307
-23848
-25653
-1829
-32768
25699
-32768
-29663
-22134
-32768
18117
-32768
21002
-32768
-32768
-4784
-32768
-32768
-42
-32768
-1472
-28983
-32768
11757
-32449
-32768
