0
0
0
16574
0
0
0
0
32767
12666
294
0
13772
0
0
0
0
0
0
0
0
0
0
0
0
0
32767
8094
31126
16620
0
0
0
0
15630
25152
9930
0
0
0
0
0
8506
5218
0
17066
2732
0
21758
0
0
6798
3278
24800
25814
0
8094
0
0
0
11852
0
0
0
0
0
8860
0
15564
18604
5614
0
1254
0
0
864
0
8076
5610
32767
29406
1392
0
0
0
0
0
3018
0
0
5776
0
0
0
0
0
0
0
11468
0
5196
0
0
0
0
16116
0
0
0
0
0
0
0
8158
21348
20510
0
0
32767
0
0
7498
5340
0
11844
0
14858
0
23446
3548
0
5998
19122
32767
10448
0
0
940
29642
9334
0
4198
7670
0
0
0
0
0
0
0
24904
1302
0
0
13454
23774
13580
0
0
0
0
0
0
0
6302
2150
0
0
0
372
0
0
0
396
0
6480
8874
7498
15094
0
0
13660
19048
0
0
0
0
0
7002
22392
0
10448
0
0
0
0
16026
7196
12884
0
0
0
27164
24074
22698
0
16954
10688
13870
0
0
15432
9706
18786
0
0
1056
13598
0
4068
13910
0
0
32767
630
0
0
0
0
1664
0
2636
0
0
0
0
0
0
0
0
0
0
0
1370
0
7390
0
22918
4576
0
2978
0
0
0
14492
1294
8454
0
8016
6346
20362
8902
0
0
8836
12434
7370
0
13598
13542
0
0
0
918
0
0
0
0
0
0
0
5854
10770
0
0
0
7684
0
8146
0
0
194
18618
294
0
15962
12922
19772
0
0
696
0
0
0
0
0
11918
0
0
12948
0
0
0
0
20258
0
15810
0
29844
2492
0
0
0
0
0
0
0
17068
0
2748
0
5174
0
0
0
19288
0
8226
2364
1784
25850
6952
0
1074
0
27008
1696
0
0
16730
0
14588
784
32767
2002
9454
0
0
0
0
0
7504
16598
26808
6778
0
28874
3724
23886
9988
0
0
0
15840
0
0
0
0
0
0
11710
7494
0
0
11490
0
16004
0
0
0
24058
0
0
0
0
0
0
0
0
0
206
22320
0
14706
0
18990
10830
0
3016
0
5724
0
8798
0
0
7894
0
32767
0
1746
0
1144
0
0
0
5640
0
14016
0
0
0
2164
18700
18976
0
11608
0
1562
7704
0
25188
0
0
0
0
426
0
0
0
6852
0
5740
0
29152
0
1902
0
0
22686
3956
6066
0
0
0
0
7876
0
14122
0
0
0
16268
25326
0
0
7918
0
18006
0
17946
0
0
0
10104
11546
2352
0
0
0
0
0
0
0
0
12098
0
0
0
0
0
0
0
0
0
0
24192
0
19460
0
528
5912
0
0
0
0
0
31658
1702
0
0
0
8810
7336
0
13930
12236
23686
12872
30776
20366
0
0
32767
0
8184
11162
0
0
0
0
0
9052
628
0
0
0
0
0
0
2054
23994
0
0
0
0
0
0
0
0
0
2944
0
0
1536
0
0
2588
4022
0
0
4788
21676
22882
0
14020
0
21650
3670
710
0
0
1902
4348
0
0
25538
0
0
0
0
0
16338
0
0
16212
0
0
0
0
14422
0
0
0
0
7972
3536
0
0
0
14538
9924
2242
900
19112
0
0
17590
5346
0
0
0
0
0
0
25900
0
0
0
0
0
12620
5292
19374
23616
0
0
0
0
22230
7036
0
0
0
48
0
0
11488
0
0
8924
13766
11362
0
12902
0
0
0
0
11558
7242
0
0
0
0
0
0
0
17726
0
0
0
0
0
21866
24964
0
15988
19860
2504
0
11824
0
0
0
12154
0
0
870
0
0
3010
21926
0
0
11092
14758
1598
0
12350
17484
0
11752
0
0
0
0
0
0
0
0
0
25968
10
7690
0
6896
0
3010
19876
0
0
0
0
1490
0
3020
0
0
0
0
6846
10074
22002
10936
18226
0
10328
0
6742
9368
0
0
0
6702
20658
15146
0
0
0
0
0
27352
0
17216
0
0
16284
0
0
0
2070
14646
0
0
0
0
0
0
0
0
472
0
0
0
0
8056
0
13690
13072
19676
32767
0
0
0
26842
0
12912
17356
18208
0
0
0
0
0
0
14976
0
0
0
0
0
27932
0
19152
0
0
0
0
0
0
0
0
0
0
0
0
0
0
254
7832
3234
0
16458
0
1498
0
24900
0
15690
0
0
0
0
122
7640
0
0
0
19710
0
0
13636
32767
10822
1806
0
9840
0
0
3642
0
19338
0
0
0
6096
7844
29868
320
23438
9716
19166
0
6482
7228
15240
0
4054
1322
13918
0
0
0
0
0
0
0
0
10362
0
0
0
0
11500
0
1496
0
0
0
0
0
0
0
2064
0
0
10666
0
0
0
