0
0
0
0
0
0
0
18217
0
0
0
0
0
0
339
0
0
0
0
0
0
0
0
0
0
0
0
0
0
0
0
6310
0
0
0
0
0
27293
0
0
0
0
0
0
24126
0
16586
0
0
0
0
0
5210
0
0
0
0
0
0
0
0
0
0
0
0
0
0
32767
0
871
0
0
0
0
74
0
0
0
0
0
0
0
0
0
0
0
0
0
0
0
0
0
0
0
0
0
0
16279
0
0
0
0
0
0
0
0
0
0
0
0
0
0
0
0
0
0
0
0
0
10265
0
0
0
25321
0
0
0
2403
0
0
0
0
0
0
0
0
0
0
0
0
0
0
0
0
0
0
0
2378
0
657
0
0
0
10889
0
0
0
0
6492
0
0
0
0
0
0
0
0
0
0
0
19782
0
0
0
0
0
0
0
0
418
0
0
0
0
0
0
0
0
15266
0
0
0
0
0
0
0
0
0
0
0
0
0
0
0
0
0
0
0
0
2494
4441
0
0
0
4687
0
0
0
0
0
0
0
0
0
0
0
0
7013
0
0
0
0
0
0
0
0
0
0
0
0
1105
0
0
0
0
0
0
0
0
0
0
0
0
0
0
0
0
32767
0
67
0
0
0
0
0
0
0
0
0
0
2269
0
0
0
0
0
0
0
0
0
0
0
0
0
0
0
0
13258
0
0
0
0
0
0
0
0
0
0
30532
0
0
0
1109
0
0
0
0
0
0
0
0
0
0
0
946
0
0
0
0
0
1873
0
0
0
0
0
0
0
0
0
0
0
3154
0
0
0
0
0
0
0
0
0
18659
0
32560
0
0
0
0
0
0
0
0
0
0
0
0
0
2703
0
0
0
0
0
0
0
0
0
0
0
1782
0
20658
0
32767
0
0
0
0
13219
0
15890
0
0
0
0
0
0
3516
0
0
0
887
0
11786
0
0
0
0
0
0
0
0
0
32767
0
12494
0
0
17675
0
218
0
0
0
0
27556
0
31231
0
0
0
0
0
3240
0
0
0
0
0
0
0
0
0
0
0
10856
0
0
0
0
0
0
0
0
0
27733
0
21457
0
0
0
0
0
0
0
0
532
0
0
0
0
0
0
0
0
0
0
0
0
0
0
0
0
0
0
19302
0
0
0
0
0
0
0
0
0
0
0
0
0
0
0
0
0
0
0
0
0
0
0
0
0
0
0
8897
0
11016
0
0
0
1565
0
0
8151
0
0
0
0
0
0
0
0
0
0
0
0
0
0
0
0
0
0
0
0
0
0
0
0
0
0
15260
0
0
12562
0
1073
0
0
0
0
0
0
0
0
20333
0
0
0
0
0
0
0
0
0
0
0
0
0
0
0
0
0
0
0
0
0
0
0
0
0
0
0
0
0
0
0
0
0
0
0
0
0
0
0
0
7313
0
0
0
0
0
10415
0
0
0
0
0
0
0
0
4366
0
0
0
0
11485
0
2517
0
0
0
0
0
0
0
11968
0
0
0
0
0
0
0
0
0
0
0
0
0
0
5891
0
24417
0
0
5230
0
0
0
0
0
0
17235
0
0
0
0
0
0
0
0
0
0
0
0
0
0
0
0
0
1566
0
3203
0
0
0
0
0
0
0
0
0
7655
0
0
0
0
0
0
0
0
0
18185
0
0
0
0
0
0
0
0
0
2892
0
0
0
0
0
0
0
0
0
0
0
0
0
27042
0
0
0
0
0
4701
0
0
0
0
0
0
0
0
0
0
0
0
0
0
0
0
0
0
0
0
0
0
0
0
0
0
0
0
0
19205
0
0
14981
0
0
0
0
0
0
0
0
0
0
0
0
0
0
0
0
0
0
0
0
0
0
0
0
0
0
0
0
0
10135
0
0
0
0
0
0
0
0
0
0
0
0
0
0
0
0
8092
0
0
0
0
0
0
0
0
0
0
0
0
0
0
14055
0
0
0
0
0
0
0
0
0
0
0
0
0
0
1918
0
0
0
0
0
0
0
0
0
0
0
0
0
0
2090
0
3464
0
0
0
0
13361
0
1947
0
0
0
962
0
6914
0
0
0
0
0
0
0
0
0
0
0
0
0
0
0
0
25699
0
0
0
0
18117
0
21002
0
0
0
0
0
0
0
0
0
0
11757
0
0
