12
13
10
9
3
2
0
0
14
5
0
91
278
319
146
25
6
8
74
98
34
0
0
0
0
0
0
0
0
0
0
15
16
6
0
4
10
7
12
7
0
4
158
372
372
152
0
0
57
166
274
281
174
28
0
0
0
0
46
57
11
12
11
11
14
17
23
19
0
0
0
4
24
167
391
421
226
2
0
0
0
0
120
290
296
69
0
0
16
0
8
0
0
7
17
17
11
0
0
0
0
0
0
0
102
359
446
226
0
0
0
0
0
0
131
351
263
2
0
0
0
0
0
1
6
2
1
7
0
0
0
0
25
61
65
152
321
471
389
70
0
0
0
0
0
0
193
310
138
0
4
13
15
10
1
0
0
0
12
52
83
29
0
21
19
43
136
359
605
619
395
101
0
0
0
0
0
0
138
120
14
36
39
24
8
2
0
0
0
0
0
0
0
0
0
7
77
120
231
510
702
684
572
374
140
0
0
0
0
78
0
0
0
0
17
23
9
11
19
0
0
0
0
4
7
0
0
0
8
115
308
562
723
775
750
637
519
398
342
454
9
2
0
0
4
8
3
12
16
30
47
14
0
0
0
0
0
0
6
3
8
85
201
351
535
658
687
686
682
690
25
19
13
3
0
0
0
5
1
3
5
6
0
0
0
10
28
6
0
0
1
0
0
23
56
110
201
277
278
203
0
0
0
0
0
0
0
0
0
0
0
4
3
0
0
0
0
0
0
0
0
0
0
1
9
11
10
3
0
0
0
0
0
22
28
23
15
0
0
0
0
0
9
18
2
0
0
4
0
0
0
0
0
0
0
1
0
0
0
0
21
18
21
27
37
32
22
30
30
15
0
0
0
0
0
0
4
21
18
0
0
0
0
0
0
0
5
12
9
0
18
21
5
0
0
0
0
0
0
0
3
5
14
27
34
25
8
3
4
0
0
0
0
0
0
0
0
0
4
10
0
9
0
0
0
0
0
0
9
17
18
8
2
1
10
14
0
0
0
0
0
0
0
0
0
12
12
0
0
0
0
0
1
6
7
7
17
28
20
0
0
0
0
0
0
0
2
0
0
0
0
0
0
0
0
0
0
0
0
0
0
0
6
27
26
19
13
0
0
0
0
0
0
0
0
0
12
24
26
21
17
15
20
24
6
0
0
0
6
13
0
0
0
0
0
0
0
0
0
14
31
32
19
1
0
0
0
0
0
9
13
7
5
13
16
12
7
1
0
0
0
0
0
0
0
0
5
11
11
8
5
6
12
19
22
16
0
0
0
0
0
0
0
0
0
0
0
0
0
0
14
0
0
8
15
23
30
29
19
6
0
0
8
22
34
41
34
17
3
0
0
0
0
0
0
1
10
22
29
29
0
0
0
0
0
0
0
0
5
12
17
15
8
1
0
0
0
0
0
0
0
0
0
0
0
0
0
0
1
1
23
26
2
0
0
0
0
0
0
7
17
16
3
0
0
0
0
9
22
18
7
0
0
0
0
0
0
0
0
0
36
38
14
0
0
4
3
0
0
0
0
0
0
0
0
21
36
36
28
19
19
28
27
9
0
0
0
0
0
0
0
15
33
15
0
0
0
0
3
5
0
0
0
12
28
20
0
0
0
12
9
4
5
0
0
0
0
0
0
0
10
30
53
51
19
0
0
0
0
0
3
7
6
2
0
0
0
0
0
4
16
7
1
18
29
29
29
24
21
29
0
0
0
0
35
31
12
17
13
0
1
12
15
4
0
0
12
25
0
0
0
0
0
8
16
11
6
6
12
18
0
0
0
0
22
43
46
37
20
6
0
0
0
0
0
0
0
0
0
0
0
0
4
0
0
0
0
0
0
0
22
15
24
18
3
10
10
0
0
0
6
0
0
0
0
0
0
0
18
30
21
19
24
19
12
2
0
0
0
0
0
2
24
16
0
0
0
0
0
0
0
0
7
27
41
45
44
31
17
26
42
28
2
1
11
13
10
10
14
14
0
3
13
27
30
18
11
14
0
0
0
0
0
31
44
27
16
9
0
0
0
0
0
0
0
3
13
25
38
45
