12
13
10
9
3
2
-3
-7
14
5
-9
91
278
319
146
25
6
8
74
98
34
-29
-75
-129
-150
-77
-58
-158
-173
-78
0
15
16
6
-1
4
10
7
12
7
-16
4
158
372
372
152
-33
-40
57
166
274
281
174
28
-106
-164
-137
-48
46
57
11
12
11
11
14
17
23
19
-10
-19
-3
4
24
167
391
421
226
2
-109
-112
-83
-17
120
290
296
69
-86
-27
16
-20
8
-6
-5
7
17
17
11
-8
-36
-50
-40
-19
-48
-61
102
359
446
226
-111
-319
-416
-418
-304
-130
131
351
263
2
-146
-134
0
-11
-9
1
6
2
1
7
-5
-16
-8
-10
25
61
65
152
321
471
389
70
-159
-248
-356
-432
-355
-117
193
310
138
-28
4
13
15
10
1
-7
-13
-4
12
52
83
29
0
21
19
43
136
359
605
619
395
101
-99
-203
-340
-440
-328
-48
138
120
14
36
39
24
8
2
-7
-25
-10
-7
-32
-8
-14
-55
-41
7
77
120
231
510
702
684
572
374
140
-49
-242
-302
-103
78
-10
-2
-4
-4
17
23
9
11
19
-4
-36
-21
0
4
7
-12
-38
-41
8
115
308
562
723
775
750
637
519
398
342
454
9
2
-7
-8
4
8
3
12
16
30
47
14
-9
0
-2
-21
-46
-31
6
3
8
85
201
351
535
658
687
686
682
690
25
19
13
3
-27
-33
-4
5
1
3
5
6
-8
-29
-26
10
28
6
-18
-16
1
-3
-5
23
56
110
201
277
278
203
-23
-28
-20
-7
-20
-24
-6
-9
-16
-12
-6
4
3
-4
-15
-18
-5
-6
-21
-20
-4
-2
-7
1
9
11
10
3
-8
-19
-15
-19
-3
22
28
23
15
-5
-18
-18
-14
-3
9
18
2
-26
-16
4
-2
-12
-11
-6
-14
-27
-17
1
-1
-16
-21
-7
21
18
21
27
37
32
22
30
30
15
-1
-15
-18
-15
-14
-11
4
21
18
-1
-15
-14
-8
-7
-7
-3
5
12
9
-3
18
21
5
-17
-9
-4
-23
-24
-12
-4
3
5
14
27
34
25
8
3
4
-2
-13
-16
-12
-15
-27
-35
-29
-12
4
10
-3
9
-8
-37
-32
-20
-24
-10
9
17
18
8
2
1
10
14
-8
-26
-20
-9
-8
-8
-15
-27
-13
12
12
-8
-22
-19
-28
-7
1
6
7
7
17
28
20
-4
-26
-36
-39
-38
-25
-4
2
-6
-13
-19
-21
-15
-9
-10
-11
-10
-14
-27
-42
-44
-15
-10
6
27
26
19
13
-11
-28
-29
-24
-12
-6
-5
-6
-2
12
24
26
21
17
15
20
24
6
-16
-17
-5
6
13
-13
-34
-28
-17
-17
-19
-19
-20
-9
14
31
32
19
1
-14
-23
-25
-18
-4
9
13
7
5
13
16
12
7
1
-4
-10
-6
-28
-20
-6
-4
-3
5
11
11
8
5
6
12
19
22
16
-1
-21
-31
-28
-21
-17
-12
-5
-3
-4
-3
-1
-1
-5
14
-2
-1
8
15
23
30
29
19
6
-3
-3
8
22
34
41
34
17
3
-2
-1
0
-1
-3
-3
1
10
22
29
29
-12
-16
-29
-35
-27
-15
-7
-1
5
12
17
15
8
1
-12
-27
-24
-10
-3
-6
-16
-27
-33
-33
-31
-27
-18
-6
1
1
23
26
2
-17
-13
-3
-5
-12
-7
7
17
16
3
-14
-27
-29
-14
9
22
18
7
0
-3
-4
-5
-6
-4
-2
-4
-8
36
38
14
-6
-4
4
3
-2
-4
-5
-7
-9
-11
-13
-3
21
36
36
28
19
19
28
27
9
-5
-10
-13
-17
-24
-32
-10
15
33
15
-27
-43
-28
-9
3
5
-1
-8
-4
12
28
20
-15
-32
-10
12
9
4
5
-3
-11
-10
-8
-12
-17
-13
10
30
53
51
19
-13
-26
-24
-15
-5
3
7
6
2
-2
-6
-10
-14
-11
4
16
7
1
18
29
29
29
24
21
29
-4
-16
-23
-1
35
31
12
17
13
0
1
12
15
4
-19
-24
12
25
-14
-35
-13
-1
-4
8
16
11
6
6
12
18
-14
-30
-30
-11
22
43
46
37
20
6
-2
-4
-5
-8
-17
-30
-32
-20
-10
-15
-23
-11
4
0
-7
-13
-20
-18
-9
-2
22
15
24
18
3
10
10
-21
-27
-4
6
-3
-21
-35
-25
-1
-2
-4
18
30
21
19
24
19
12
2
-13
-21
-22
-26
-14
2
24
16
-20
-39
-31
-18
-9
-5
-5
-4
7
27
41
45
44
31
17
26
42
28
2
1
11
13
10
10
14
14
-8
3
13
27
30
18
11
14
-6
-46
-67
-54
-13
31
44
27
16
9
-3
-5
0
-7
-22
-22
-9
3
13
25
38
45
