0
29
2
0
8
0
0
0
7
19
3
0
12
22
33
0
0
0
0
18
0
0
0
22
2
11
8
0
0
0
2
8
9
0
0
12
5
0
0
0
0
0
12
5
0
0
2
14
0
0
0
0
18
0
0
6
11
0
0
5
0
0
0
58
0
0
17
2
0
0
2
4
6
11
14
11
13
0
0
0
0
3
0
0
0
9
16
15
4
0
0
0
0
0
0
0
0
0
0
0
7
0
0
0
16
0
0
0
1
1
0
0
0
0
0
0
0
0
0
0
0
0
0
0
0
63
0
0
14
0
0
1
9
12
9
5
2
0
0
0
0
0
5
2
0
0
0
10
14
14
8
0
0
0
0
0
0
0
0
0
0
0
0
0
0
0
1
19
3
0
0
0
3
1
0
0
0
0
0
0
0
0
0
0
0
0
1
16
0
0
19
0
0
3
14
16
9
1
0
0
3
0
0
0
7
4
0
0
0
3
6
6
4
0
0
0
0
0
0
0
0
0
0
0
0
0
5
0
0
33
17
0
0
0
11
9
3
0
0
0
0
2
0
0
0
0
0
0
64
0
0
0
25
5
0
2
13
13
7
0
0
0
18
9
0
0
4
7
0
0
0
0
0
0
0
0
3
4
0
0
0
0
0
0
0
0
0
0
8
0
0
36
20
0
0
0
13
11
4
0
0
0
0
0
0
0
0
0
0
0
141
0
0
0
12
6
0
4
4
6
3
0
0
0
26
13
0
0
1
5
0
0
0
0
0
0
0
3
12
13
1
0
0
0
0
0
0
0
0
0
0
0
6
26
10
0
0
0
8
7
4
1
0
0
0
0
0
0
0
0
0
0
220
0
0
0
2
12
0
4
0
0
0
0
2
3
18
7
0
0
1
0
0
0
0
9
0
0
0
12
23
22
0
0
0
0
0
0
0
0
3
0
0
10
26
9
0
0
0
0
0
0
3
7
9
7
0
0
0
0
0
0
0
0
278
0
0
83
114
0
0
19
87
68
0
0
0
0
87
46
0
19
57
0
0
60
54
16
0
0
0
15
33
19
4
0
6
57
29
0
0
0
0
14
19
7
0
46
16
0
0
0
73
36
0
0
31
7
0
0
0
13
0
8
17
0
290
0
0
358
199
0
0
195
265
96
0
0
0
0
288
256
0
14
68
0
0
236
74
9
0
0
0
0
36
0
14
0
135
281
116
0
0
0
0
0
237
73
0
147
49
0
0
193
243
70
0
0
0
0
0
0
0
37
0
123
180
0
252
0
10
469
0
0
0
437
117
0
61
178
0
0
406
492
0
0
0
0
134
123
0
16
82
0
0
0
24
0
6
34
266
363
68
0
94
0
0
0
510
317
0
54
0
0
0
396
96
0
32
0
0
0
0
0
0
29
2
365
462
0
276
0
103
81
0
0
393
481
0
0
111
436
0
0
307
497
0
0
0
207
454
0
0
0
149
0
0
7
0
0
0
15
176
202
39
0
276
363
0
0
579
499
0
0
0
0
379
207
0
0
371
163
0
0
0
0
0
9
24
546
586
0
428
0
0
0
0
0
590
453
0
0
69
301
3
0
231
385
0
0
0
306
578
23
0
0
0
0
0
27
0
0
2
0
144
279
165
56
163
351
0
0
550
431
0
0
0
346
658
0
0
0
346
391
0
0
0
3
0
8
0
578
551
0
453
0
0
0
0
49
605
402
0
0
60
85
0
0
382
312
0
0
0
105
388
275
38
29
0
0
0
0
0
18
19
2
399
444
0
0
66
310
0
0
549
331
0
0
23
497
698
0
0
0
117
187
0
0
0
19
16
23
0
551
532
0
305
0
111
0
0
0
524
371
0
0
21
83
0
0
506
302
0
0
19
49
146
89
80
330
323
0
0
0
5
27
12
119
640
284
0
0
212
584
0
0
529
327
0
0
0
457
708
0
0
0
53
76
0
0
0
0
12
41
0
516
508
0
222
0
81
438
0
0
159
438
0
0
0
130
40
0
393
317
0
0
29
226
240
0
0
344
512
0
0
0
9
6
0
161
661
221
0
0
292
585
0
0
534
342
0
0
0
298
703
3
0
0
78
178
0
0
4
0
0
39
0
515
541
0
166
0
0
457
201
0
0
315
247
0
0
23
0
0
252
239
0
0
2
292
415
75
0
113
112
0
0
0
13
0
0
74
476
406
0
0
125
259
0
0
504
306
0
0
1
81
501
363
0
0
64
124
0
0
0
0
0
18
0
530
653
0
76
0
0
181
173
0
0
49
224
149
29
0
0
0
155
74
0
0
0
116
262
213
69
0
0
0
0
0
0
0
0
5
187
361
191
0
0
71
0
0
329
190
0
0
7
0
163
349
239
27
0
0
0
0
0
17
2
0
0
517
669
0
30
0
0
34
64
21
0
0
34
87
30
0
0
34
45
0
0
0
0
0
23
122
62
0
0
0
17
2
0
0
12
20
24
100
114
0
0
11
0
0
109
62
0
0
26
0
0
110
153
44
0
0
0
0
13
17
7
0
0
537
603
0
16
0
0
4
26
30
2
0
0
5
19
1
0
0
0
0
0
24
0
0
0
33
7
0
6
30
19
0
0
0
4
39
25
0
0
9
0
0
5
0
0
0
0
0
13
2
0
0
7
0
0
0
0
1
17
16
0
0
0
523
532
0
2
27
11
0
0
35
30
0
0
0
15
26
0
0
1
0
0
0
0
0
0
30
0
0
16
14
0
0
0
0
0
26
32
0
0
18
0
0
0
0
0
0
17
0
0
24
0
0
10
13
0
0
2
0
0
0
0
0
0
331
355
0
0
37
16
0
0
35
39
4
0
0
5
12
4
0
0
0
0
0
5
0
0
21
0
0
0
0
0
0
0
0
9
24
9
3
0
5
13
0
0
0
0
31
48
0
0
4
0
0
8
22
0
0
25
9
0
0
0
10
0
91
111
0
0
26
5
0
0
30
38
3
0
9
11
0
0
4
0
0
0
0
0
0
0
2
2
1
0
0
0
0
0
0
13
38
11
10
0
5
30
0
0
0
0
37
38
0
7
1
0
0
0
18
0
0
16
0
0
13
4
0
15
4
0
21
2
5
0
0
0
22
39
5
0
18
33
1
0
0
0
0
0
0
0
0
0
2
0
1
20
0
0
2
7
0
0
0
14
33
0
0
29
0
0
0
0
9
2
0
4
15
0
0
0
7
0
0
0
0
0
20
0
0
13
23
7
7
6
0
0
0
2
7
37
0
0
8
33
19
0
0
0
9
0
3
0
0
8
8
0
0
18
0
0
40
208
79
0
0
0
49
10
0
0
81
114
0
0
0
2
0
0
1
32
2
0
6
0
0
0
0
0
0
33
0
0
52
9
0
0
0
0
23
32
0
14
0
0
14
16
3
5
0
0
0
0
24
0
0
1
8
3
0
11
6
0
80
500
169
0
0
7
26
38
0
0
217
442
0
0
0
21
0
0
0
38
12
9
8
0
0
0
0
0
17
258
67
0
0
0
0
65
51
0
0
0
3
82
0
0
57
0
0
0
24
9
0
5
9
0
1
0
60
106
22
0
0
0
76
623
198
0
0
47
0
0
0
0
226
464
0
0
0
11
4
47
0
0
0
10
0
0
26
3
0
0
43
547
215
0
0
28
0
197
19
0
0
0
0
346
102
0
77
0
0
0
0
16
0
16
0
0
0
10
262
287
62
0
0
0
0
617
264
0
0
72
0
0
0
183
273
159
0
0
0
111
193
173
55
0
0
0
0
127
233
91
0
0
0
600
256
0
0
0
0
0
0
133
187
0
0
559
209
0
0
0
0
0
0
11
0
8
11
0
0
224
486
154
0
66
47
0
0
566
369
0
0
91
0
0
0
235
418
179
0
0
0
422
291
43
46
0
0
0
54
417
277
0
0
0
0
437
191
0
0
0
0
0
0
167
462
0
0
513
135
0
0
0
0
0
0
0
11
0
28
0
0
459
455
0
0
170
449
0
0
419
353
0
0
137
428
0
0
0
411
523
0
0
181
635
0
0
0
367
0
0
158
493
0
0
45
105
0
369
203
0
0
0
0
0
0
53
305
0
0
416
22
0
0
21
3
0
0
0
19
0
19
0
55
580
226
0
0
72
582
245
0
266
254
0
0
108
629
267
0
0
295
704
0
0
426
633
0
0
0
397
190
0
165
248
0
0
71
103
0
511
315
0
0
8
0
0
0
0
64
0
0
466
1
0
0
44
0
0
0
0
18
0
3
0
80
602
117
0
0
0
520
396
0
223
206
0
0
51
568
406
0
0
230
712
0
0
527
597
0
0
36
123
10
0
261
7
0
0
39
0
24
640
355
0
0
21
0
0
0
0
66
0
0
557
19
0
0
61
0
0
0
0
4
0
0
0
63
554
236
0
0
75
566
312
0
264
191
0
0
122
614
291
0
0
222
716
0
0
484
569
0
0
26
56
0
0
504
33
0
0
33
34
36
624
333
0
0
40
0
0
0
1
120
0
0
530
21
0
0
49
6
0
22
0
0
0
0
0
51
446
432
0
0
141
513
0
0
395
284
0
0
214
535
0
0
0
201
719
0
0
291
607
0
0
0
113
83
0
404
291
0
0
28
125
0
428
394
0
0
18
0
179
0
22
0
0
0
418
0
0
0
0
0
12
53
1
0
0
0
0
27
281
464
97
0
67
113
0
0
510
401
0
0
132
96
0
0
0
174
707
0
0
49
551
202
0
0
57
74
0
0
490
0
0
8
50
0
109
509
0
0
0
0
186
116
47
0
0
0
254
0
0
0
0
0
40
57
11
0
0
0
0
10
78
243
265
114
0
0
0
0
365
269
0
4
0
0
0
0
0
219
684
0
0
0
266
340
160
19
0
0
0
0
367
256
73
20
0
0
0
440
210
0
0
0
0
61
57
0
0
42
76
0
0
13
0
0
39
20
5
0
0
0
1
15
0
15
114
90
0
0
0
5
81
48
13
12
0
0
0
137
138
253
492
0
0
0
33
159
139
39
0
0
0
0
88
122
117
4
0
0
0
160
156
24
0
0
0
21
36
0
0
24
4
0
50
7
0
0
31
0
7
0
0
4
7
0
5
0
0
32
0
0
55
0
0
15
0
0
34
0
0
347
373
194
55
0
0
0
0
23
40
0
0
0
33
0
4
37
0
0
0
0
29
0
0
0
16
0
0
0
8
0
0
8
5
0
28
0
0
5
18
0
42
0
0
22
21
0
6
0
0
50
0
0
24
0
11
41
0
0
35
8
0
295
378
72
0
0
0
57
0
4
39
0
0
0
1
0
46
45
0
0
0
9
18
0
8
0
2
19
5
0
11
0
0
11
1
0
10
0
0
0
0
8
60
0
0
7
23
13
0
0
11
63
0
0
7
0
0
21
0
0
0
39
0
75
140
0
0
0
0
20
0
13
29
0
0
0
0
0
36
0
0
13
0
17
3
0
8
21
0
0
11
0
26
0
0
14
0
0
20
11
0
0
0
22
36
0
1
0
0
48
0
0
7
55
0
0
9
0
0
5
37
0
0
23
0
0
0
5
1
0
0
0
23
2
13
18
0
0
0
8
21
0
8
42
0
18
19
0
0
34
44
0
11
0
15
0
0
10
0
15
18
0
0
0
0
47
13
0
16
0
0
16
0
0
0
47
3
18
8
0
0
5
28
14
0
0
0
0
0
13
14
0
0
0
12
0
11
27
9
0
0
2
15
0
17
19
0
39
33
0
0
33
33
0
5
3
0
0
23
11
20
139
0
0
0
0
0
46
18
0
1
17
0
80
1
0
0
29
84
244
0
0
0
15
6
10
0
0
0
27
8
0
0
0
0
0
4
2
0
15
16
0
38
0
0
46
20
5
0
19
43
0
0
7
0
21
0
15
29
0
0
15
152
356
0
0
0
19
0
0
15
0
0
0
19
340
48
0
0
26
247
531
0
0
0
14
2
0
2
11
0
0
37
5
0
0
0
0
0
4
0
14
2
124
268
0
0
20
18
2
0
0
9
0
27
0
3
14
84
56
62
0
0
0
259
507
0
0
0
0
0
0
0
10
0
0
149
569
64
0
0
0
263
638
0
0
0
8
0
0
5
49
0
0
79
8
0
0
0
0
0
0
11
20
0
356
531
0
0
0
16
0
16
6
0
6
36
0
18
4
290
66
39
0
0
0
237
551
0
0
0
0
0
0
0
5
0
0
311
615
50
0
0
0
45
612
5
0
0
10
0
0
0
38
131
173
135
0
0
0
0
1
0
0
49
3
52
528
564
0
0
0
0
75
1
0
0
188
49
0
0
172
268
0
19
169
40
0
58
530
0
0
0
0
0
0
25
12
0
6
347
599
51
0
0
0
0
638
194
0
0
93
0
0
0
127
434
240
2
16
0
0
0
0
0
0
39
0
174
613
497
0
0
0
0
347
53
0
0
504
133
0
0
500
172
47
32
257
260
0
0
498
0
0
0
0
0
5
5
3
0
0
192
606
60
0
0
0
102
685
145
0
0
267
298
0
0
317
527
0
0
52
360
0
0
0
0
0
0
0
97
581
574
0
0
0
0
533
243
0
0
732
225
0
0
692
267
128
0
93
273
0
0
529
0
0
0
3
0
0
0
0
26
0
63
629
74
0
0
0
254
694
0
0
0
401
640
0
0
463
472
0
0
64
523
68
0
0
0
0
0
0
0
487
683
0
0
0
0
508
472
0
0
640
200
0
0
621
244
0
0
110
386
0
0
567
0
0
0
36
0
0
0
0
10
0
64
635
88
0
0
0
283
713
0
0
0
405
677
0
0
536
412
0
0
60
185
5
0
0
0
12
0
0
0
412
683
0
0
0
0
363
645
0
0
250
49
0
0
390
62
0
0
329
497
0
0
579
0
0
0
32
0
16
0
0
0
0
85
612
117
0
0
0
279
730
0
0
0
350
643
0
0
543
317
0
0
43
0
0
0
0
26
2
0
0
0
377
661
0
0
0
0
193
721
137
0
0
0
323
0
64
131
0
0
322
355
0
0
558
87
0
0
0
0
19
9
0
0
0
87
571
234
0
0
0
149
709
0
0
0
353
646
0
0
398
416
0
0
0
98
80
0
0
27
0
0
20
0
375
683
0
0
0
0
10
639
544
0
0
0
629
380
0
325
0
0
68
136
0
0
412
303
0
0
0
0
0
32
0
0
0
48
448
402
0
0
0
0
594
0
0
0
358
605
0
0
126
535
103
0
0
137
0
0
0
10
0
0
24
0
294
663
15
0
0
0
0
465
732
0
0
0
658
634
0
239
118
0
0
16
0
0
172
248
106
11
0
0
0
9
0
0
11
0
190
355
140
0
0
0
364
0
0
0
247
389
0
0
0
306
300
117
15
0
0
0
0
25
0
0
0
0
108
460
356
3
0
0
0
291
550
0
0
0
399
545
0
18
48
56
0
0
0
0
21
21
77
49
0
0
28
0
0
0
42
0
0
116
104
8
0
0
116
0
0
17
71
90
0
0
0
10
165
173
23
0
0
0
0
16
7
0
0
0
0
157
269
115
0
0
0
124
166
0
0
0
113
253
0
0
0
30
11
0
0
0
18
0
6
28
0
14
7
0
0
0
15
18
0
0
13
7
0
0
0
0
7
21
0
0
0
31
0
0
42
52
0
0
0
0
0
0
8
0
0
0
0
13
4
4
19
0
0
16
0
0
3
0
0
44
0
0
0
0
14
64
0
0
42
49
0
0
23
12
0
0
0
0
0
19
28
0
2
0
0
0
0
23
10
0
27
0
0
0
31
0
3
5
0
16
0
0
0
0
7
0
0
7
31
2
0
0
60
18
0
0
0
0
0
0
0
0
8
13
19
0
0
65
0
0
33
47
0
0
27
0
12
0
0
0
0
2
11
0
4
0
0
0
0
20
6
0
28
0
0
0
22
1
0
0
0
22
5
0
0
0
0
0
0
10
19
0
0
0
22
1
0
0
0
0
0
5
6
0
0
0
34
0
0
18
0
0
47
13
0
0
17
0
7
0
0
0
0
0
0
0
0
0
0
0
0
3
11
13
11
0
0
6
4
0
0
0
0
8
5
0
0
0
0
0
0
3
2
0
0
0
0
0
0
0
0
0
3
15
8
0
0
0
34
12
0
0
0
6
59
5
0
0
11
0
16
0
0
0
0
0
0
0
0
0
0
0
0
1
7
10
8
0
0
6
4
0
0
0
0
0
0
0
0
0
0
0
0
0
0
0
0
0
0
0
0
0
0
0
8
15
8
0
0
0
37
15
0
0
0
3
27
31
0
0
0
10
22
0
0
0
0
0
0
0
0
0
0
0
0
0
1
4
4
0
0
6
4
0
0
0
0
0
0
0
0
0
0
0
0
0
0
0
0
0
0
0
0
0
0
5
11
11
6
0
0
0
21
26
0
0
4
0
0
42
30
0
0
3
4
0
0
0
0
0
0
0
0
5
9
1
1
0
0
0
0
0
0
6
4
0
0
0
0
0
0
0
0
0
0
0
0
0
0
0
0
0
0
0
0
0
0
14
12
4
0
0
0
59
0
0
0
0
6
36
0
0
15
19
0
0
0
0
0
0
0
0
0
0
0
17
22
4
3
0
0
0
0
0
0
6
4
0
0
0
0
0
0
4
3
0
0
0
0
0
2
0
0
0
0
0
0
0
0
20
11
0
0
0
3
