-36
-21
-6
-13
-8
9
23
32
25
-3
-21
0
28
30
15
17
35
48
44
20
8
26
39
20
18
35
30
31
51
53
34
18
1
-2
27
28
-3
0
28
35
5
-2
26
23
6
15
36
34
15
15
17
12
-2
-1
34
42
19
15
19
7
8
22
-22
-16
-6
-8
-9
-14
-16
-11
-4
4
10
9
0
-11
-27
-43
-38
-17
0
5
-2
-16
-26
-25
-22
-21
-16
-6
6
16
16
6
1
4
7
9
12
15
9
3
13
14
-2
0
19
20
1
-11
-7
3
11
13
8
0
-4
-2
0
0
0
0
0
0
24
19
1
-10
-12
-17
-16
-9
-3
4
9
7
-2
-14
-23
-25
-19
-9
-1
2
1
-1
-4
-8
-12
-16
-18
-15
-6
5
9
6
3
2
4
8
11
12
5
0
11
13
-1
1
19
19
-2
-15
-11
-1
7
10
7
0
-4
-2
0
0
0
0
0
0
49
34
-25
-34
-17
-5
0
-1
0
2
1
-1
-5
-11
-7
7
11
4
-1
0
6
15
20
15
4
-8
-18
-22
-19
-12
-4
2
4
4
4
4
3
1
-3
-5
1
3
-3
-1
9
11
1
-8
-7
-1
3
4
3
1
0
0
0
0
0
0
0
0
234
181
47
4
3
5
7
6
3
-3
-7
-9
-10
-8
2
15
15
6
0
-1
4
11
15
13
4
-8
-18
-22
-19
-12
-3
4
5
3
0
-4
-8
-12
-12
-10
-12
-10
-2
0
-4
-1
5
3
-1
-3
-4
-3
1
7
8
3
0
0
0
0
0
0
379
296
115
45
22
8
6
8
4
-6
-13
-16
-12
-4
0
-1
0
3
3
-1
-9
-19
-21
-14
-12
-16
-18
-15
-6
5
11
11
8
3
-4
-12
-18
-21
-16
-11
-20
-18
2
4
-12
-11
5
8
0
-7
-10
-7
1
11
13
5
0
0
0
0
0
0
198
148
24
-6
0
10
16
12
6
-4
-13
-14
-8
-1
-6
-19
-16
-2
5
0
-17
-38
-44
-31
-22
-21
-15
-4
7
16
18
12
7
3
-4
-11
-16
-19
-13
-8
-19
-18
2
3
-15
-14
4
8
0
-8
-13
-11
-3
7
10
4
0
0
0
0
0
0
-16
-8
-45
29
240
293
137
55
169
344
417
335
154
14
55
176
192
187
265
228
86
138
290
338
305
194
64
11
13
11
10
10
20
109
233
292
257
137
21
6
77
111
61
70
148
121
13
-10
93
210
178
41
-7
5
-14
-16
-4
13
18
18
51
44
-20
-40
53
334
483
284
90
229
469
500
461
521
459
202
180
470
636
608
536
424
400
518
562
527
544
457
199
21
-10
-27
-38
-10
127
391
578
591
586
563
352
135
259
509
554
575
631
456
224
337
599
686
660
491
188
15
4
8
4
11
21
127
372
544
-16
23
280
403
89
-204
-15
299
153
-271
-411
-124
231
261
162
226
239
52
-167
-79
278
271
-135
-342
-214
-33
18
11
8
-6
-22
-20
12
-39
-192
-297
-160
235
426
209
140
407
525
330
94
33
246
466
260
-75
44
400
383
115
18
17
-1
-21
-12
151
430
548
42
286
381
-37
-419
-300
57
199
16
-105
-87
-66
91
195
75
-83
-285
-510
-569
-357
-34
34
-157
-349
-471
-438
-187
21
36
14
13
-23
-164
-364
-401
-267
-164
-5
202
147
-13
-29
-169
-526
-723
-420
113
123
-340
-591
-477
-55
288
170
-17
-28
-18
-25
-32
8
34
-162
78
278
231
-123
-263
-59
98
125
231
429
495
297
55
2
47
17
-91
-121
-69
-132
-232
-17
453
671
469
161
27
1
-27
-25
0
-1
60
305
545
606
459
175
7
2
22
-59
-257
-362
-275
-40
162
188
319
520
420
201
137
81
-7
-23
0
16
-4
-38
-67
-179
-45
-167
-69
211
257
113
53
-10
-181
-352
-386
-413
-510
-375
-64
44
-14
-19
35
-55
-346
-499
-286
95
427
497
222
-35
-64
-20
1
54
283
458
172
-270
-390
-244
-66
9
7
-13
-10
46
69
49
38
15
-9
-15
-93
-307
-371
-173
-22
7
18
35
36
9
-8
-6
-31
-301
-389
48
422
261
-22
-71
-74
-216
-391
-405
-238
-71
-28
-22
0
-17
-21
59
52
-223
-580
-618
-207
181
164
22
-9
-13
-32
25
154
60
-301
-544
-476
-202
38
74
23
19
33
19
-14
-65
-84
-138
-397
-640
-679
-640
-484
-189
18
37
2
-1
14
4
-38
-57
2
-102
-335
-308
124
343
7
-242
108
525
588
542
510
343
99
-5
-1
-7
-27
80
358
542
477
292
84
-71
-57
24
45
32
9
-27
-93
-41
228
499
568
375
83
-34
-6
18
-4
-21
4
-104
-249
-37
306
324
242
330
333
151
18
-9
-15
-29
-37
-19
55
211
-352
-245
-134
-323
-403
-177
-110
-365
-409
-109
147
117
-90
-146
-134
-249
-223
-47
8
-60
-97
65
349
351
-72
-372
-225
-19
35
43
50
-8
-214
-266
98
420
329
29
-155
-95
-60
-150
-110
2
27
-73
-347
-401
64
536
646
490
237
63
-13
-13
13
4
-4
-2
51
246
-374
-275
-86
-169
-393
-380
-159
-149
-394
-527
-509
-530
-530
-345
-253
-400
-325
-54
50
-80
-372
-549
-517
-519
-579
-439
-145
16
20
-10
-11
-7
-159
-441
-545
-513
-596
-707
-577
-261
-229
-430
-347
-88
25
26
-143
-441
-525
-371
-323
-478
-487
-216
-8
25
28
15
-8
-25
-75
-189
-38
-30
-4
-6
-38
-51
-13
29
-14
-133
-212
-164
-49
2
-53
-120
-93
-10
42
22
-83
-236
-366
-385
-257
-84
15
28
5
-12
-14
10
14
-128
-362
-447
-361
-331
-303
-159
-169
-316
-262
-70
22
34
24
-90
-331
-554
-613
-488
-263
-83
-11
3
5
-2
-12
17
21
-163
-28
-20
9
6
-30
-46
-22
14
29
13
-1
27
63
40
10
32
36
4
-14
-5
12
9
-5
6
42
60
37
1
-12
0
0
-13
3
20
8
19
69
87
55
45
33
-10
-1
8
-31
-24
11
4
-15
3
33
44
51
35
5
-6
-19
-18
5
-29
-118
-117
-30
-25
-7
-12
-37
-49
-40
-25
-12
-5
-9
-16
-16
-13
-9
-7
-21
-47
-57
-33
9
36
35
19
0
-24
-43
-39
-21
-13
-11
-18
-40
-35
-11
-16
-28
-16
-6
-15
-24
-3
39
30
-8
-22
-28
-20
-4
9
-1
-31
-26
9
11
-20
-37
-25
-13
-161
-441
-432
37
35
32
27
21
17
17
16
12
12
9
-8
-18
6
16
-14
-17
6
17
22
18
-3
-9
13
11
-20
-38
-28
-9
-11
-11
6
3
-11
-21
-29
-17
3
18
19
-2
-1
26
43
59
54
21
0
-12
-18
-13
-4
7
7
-14
-26
-9
8
24
-57
-261
-278
9
2
-17
-22
-13
-12
-18
-19
-15
1
25
30
9
-14
-18
-3
16
21
9
-4
-9
-14
-22
-17
8
31
35
25
9
-13
-31
-30
-11
12
20
19
24
16
-4
-2
22
27
-4
-21
-5
19
43
46
24
4
6
19
10
-25
-31
7
24
3
-5
8
6
15
0
-9
-29
-32
-18
-14
-15
-11
-23
-40
-33
-9
1
-18
-28
-2
24
27
16
6
8
16
5
-19
-16
-3
-6
2
47
115
125
47
-16
-13
7
2
-15
-10
-10
-18
5
7
-26
-28
-30
-43
-18
16
30
29
19
9
2
8
22
12
-12
-18
-25
-21
15
7
12
7
-2
18
42
33
17
3
-4
-8
-25
-31
-9
12
13
1
-11
3
10
-4
2
14
29
24
-8
-7
9
36
230
465
361
88
-18
-19
0
7
-28
35
278
396
206
13
-12
7
-1
-29
-36
-22
-1
18
23
24
13
10
24
22
65
117
68
34
29
-16
-8
-20
-5
-3
26
57
42
-1
-31
-24
-18
-45
-65
-41
-14
-23
-37
-34
-27
-13
-19
-38
-31
-17
-5
-6
-3
22
160
307
184
12
-3
-18
-32
-3
-15
3
224
392
222
23
-7
-8
-3
4
-2
0
3
0
0
0
-9
-15
-18
7
210
461
358
55
-57
-10
285
437
465
345
138
37
124
242
272
301
318
214
51
-16
-3
4
15
7
-1
15
-4
26
174
324
346
212
46
-38
-57
-52
5
142
257
221
63
-29
35
60
-130
-290
-162
-7
-3
22
123
205
158
41
-6
-18
-31
22
115
144
82
29
141
327
292
84
0
18
431
379
356
463
368
141
242
520
592
553
492
336
138
12
-22
-17
-12
-10
-8
-28
26
248
483
554
540
549
408
144
23
78
301
562
656
610
389
112
157
385
317
65
-15
-2
107
371
585
685
644
401
111
-6
139
433
635
682
628
495
354
262
368
604
563
242
-17
-408
-459
-113
236
210
133
175
36
-199
-279
-202
-82
-38
-51
-45
-42
-33
-12
-11
126
342
198
-210
-286
61
335
258
96
95
125
6
-75
154
415
277
-7
-38
195
358
152
29
298
443
197
-42
125
419
323
208
423
463
201
70
205
318
215
79
71
129
136
73
50
58
69
32
130
174
51
-111
-316
-505
-518
-334
-97
20
18
9
6
-2
2
37
163
151
-188
-481
-550
-391
8
204
67
-95
-307
-574
-667
-414
74
251
-78
-393
-289
-57
-16
131
315
83
-358
-575
-403
41
300
352
317
-103
-597
-713
-589
-444
-357
-277
-362
-587
-545
-241
157
306
327
93
-105
-69
-20
-68
-95
-70
-33
-3
20
26
15
11
17
11
2
35
94
-2
-157
-73
-46
-170
-67
62
2
-88
-157
-153
-170
-251
-145
72
84
-35
-74
-55
5
134
193
195
360
539
407
186
194
223
20
-261
-273
-181
-281
-361
-239
-65
-49
-150
-180
-101
-244
-405
-441
-506
-527
-320
-98
-21
-8
17
46
31
-1
-1
19
24
26
25
1
-24
-36
-27
-29
-28
0
-16
-30
3
31
30
4
7
21
-16
-44
-19
12
6
-12
-7
-6
11
17
-23
-13
34
-59
-292
-327
-107
-49
-108
-19
33
-8
-12
20
15
-8
28
53
17
15
-87
-205
-134
-28
2
25
57
21
-35
-37
-11
1
10
31
30
12
-1
-5
-13
-66
-4
147
62
1
144
120
-6
-2
25
23
-8
34
188
147
-36
-61
-14
0
14
6
-76
-153
-246
-519
-734
-718
-630
-435
-174
37
122
13
-65
10
66
30
-3
-16
-41
-22
15
169
515
599
584
446
213
46
-11
8
24
-7
-28
-22
-4
8
-13
-39
-49
-44
-39
-106
-80
224
482
523
393
43
-176
-73
124
335
485
538
397
13
-175
-43
21
-11
12
11
-143
-221
40
286
235
167
287
291
-22
-75
294
451
376
387
344
106
4
176
276
212
108
-385
-92
90
-11
-175
-167
-172
-248
-137
24
22
-27
-18
21
43
38
23
8
-12
-43
-165
-324
-177
247
395
51
-335
-314
-164
-129
65
365
392
12
-361
-298
-64
18
11
-1
5
-101
-321
-222
273
625
613
428
147
-216
-372
-30
455
640
534
248
-87
-189
178
597
555
244
-402
-548
-565
-536
-429
-250
-262
-401
-279
-58
-2
-9
-2
-9
-17
4
22
24
39
58
-40
-305
-505
-508
-503
-552
-440
-190
-233
-545
-638
-550
-561
-593
-458
-195
-24
53
82
17
4
-4
-230
-476
-468
-329
-312
-440
-408
-247
-359
-542
-447
-322
-366
-344
-295
-446
-478
-279
-165
-116
-29
-125
-153
-126
-56
-14
-90
-158
-77
13
16
6
1
-30
-65
-65
-42
-14
11
21
25
-37
-216
-388
-436
-335
-114
21
-97
-290
-371
-404
-393
-282
-105
137
398
507
320
12
-83
-2
-9
-177
-387
-527
-554
-461
-229
-19
-84
-314
-499
-596
-560
-338
-120
-218
-520
-684
-550
-234
18
29
-4
-22
0
2
-12
26
56
29
3
6
13
8
17
29
9
2
11
-21
-27
20
26
8
21
47
49
4
-13
41
65
32
28
42
20
67
251
318
9
-313
-234
-31
30
9
-16
-16
-11
0
9
-22
-18
43
14
-39
-26
-20
-7
-1
-32
-65
-46
18
-13
-23
-48
-38
-7
8
7
8
-6
-26
-16
-1
-12
-18
10
27
5
-6
17
41
26
-7
-2
32
56
43
4
-5
25
33
13
-6
-31
-22
-8
-137
-368
-552
-622
-445
-135
1
-3
-6
-1
-6
10
34
3
-9
18
7
-1
10
13
33
22
-18
10
67
38
-15
-17
-7
1
9
-3
-11
-11
-23
-34
-22
8
15
-12
-22
-18
-22
8
17
-19
7
33
-2
-7
3
1
2
3
14
-8
-47
-23
23
13
-3
28
-49
-276
-416
-337
-118
13
-20
-31
3
-3
-8
9
15
12
23
16
-36
-41
15
29
7
11
29
-6
-41
-2
18
-3
-3
8
15
13
10
-1
-8
8
25
27
5
-1
18
4
-5
29
32
-2
-22
-18
10
9
-13
-18
-23
-27
-29
-30
-37
-31
8
29
1
-10
-3
-23
-5
43
35
-3
-15
-13
-32
-53
-40
-19
-17
-16
-10
-5
-4
-10
-12
-4
12
25
17
-13
-24
4
10
9
23
15
-6
7
20
11
29
38
-3
-15
-4
-7
13
29
0
-34
-14
13
-14
-36
-20
0
3
3
66
124
69
15
23
8
-8
17
17
-3
23
52
29
2
2
2
2
-6
-12
-7
-13
-13
-11
-17
-26
-43
-9
47
35
-7
-13
9
5
11
23
-17
-24
-1
-7
-4
-12
-7
9
68
223
308
183
48
51
65
30
18
20
7
15
27
114
223
138
20
-7
56
300
455
291
71
5
8
-2
-16
-19
-23
-19
10
25
3
0
25
18
2
14
8
-13
-18
7
94
134
53
0
-4
-3
25
11
-21
-4
33
35
15
29
6
-3
39
67
23
-15
62
256
371
243
33
-31
19
22
-17
11
46
3
11
228
426
284
33
-38
59
265
323
142
4
-18
-26
-39
-40
15
44
-25
-67
-31
-9
-16
-4
14
8
-10
-16
-10
-20
90
382
458
193
-12
-36
-42
-29
10
-11
-37
-13
7
17
0
296
452
484
442
311
146
101
165
192
230
280
191
44
1
1
-14
-24
-42
29
171
218
205
209
168
51
-32
-43
4
112
172
124
48
13
-1
0
56
135
144
86
16
-37
-30
-7
-13
9
38
25
118
321
333
164
62
36
9
-14
-26
-48
-26
4
-38
-64
-42
288
348
303
349
447
372
215
173
189
309
474
396
142
4
5
19
17
59
181
247
232
362
524
417
133
-28
101
399
600
650
571
338
85
-20
139
447
617
647
580
348
103
5
-2
1
11
3
78
236
238
280
529
587
371
363
475
271
68
204
369
241
31
124
-272
-442
-505
-353
-2
199
72
-86
-130
-210
-273
-210
-99
-32
-3
18
21
6
-47
-93
-93
-102
-113
-97
-45
32
118
140
58
79
299
365
147
95
328
390
154
16
198
391
291
94
22
15
-9
-48
-38
11
27
49
109
123
96
239
451
340
148
300
535
436
158
216
-136
7
152
101
58
60
-58
-160
-179
-326
-458
-327
-105
-7
-31
-81
-70
-60
-190
-292
-276
-394
-535
-432
-182
-45
-133
-378
-624
-625
-254
103
131
177
227
-76
-491
-634
-336
150
263
98
25
29
15
10
-81
-239
-210
-242
-493
-560
-389
-253
-89
87
140
202
287
291
205
162
411
444
300
107
-1
2
-14
-7
35
16
-14
9
47
32
-12
-26
-16
11
13
9
30
-4
-62
-74
-48
-24
-92
-208
-234
-175
-70
23
78
153
194
212
325
408
285
158
149
81
7
14
28
39
22
-45
-59
-61
-154
-183
-126
-164
-124
86
208
72
-130
3
222
165
252
-158
-536
-494
-256
-77
-16
-9
-8
-20
-31
-26
0
29
52
64
40
11
24
35
34
41
31
16
19
43
24
-2
58
73
9
-9
37
98
70
-4
48
122
-97
-371
-262
-44
29
46
46
34
31
6
-55
-44
11
31
13
-93
-105
131
283
30
-309
-157
189
144
-2
-134
-139
15
107
45
-17
-19
6
27
28
14
-22
-10
37
28
10
9
9
-4
3
16
-9
-6
1
-10
-4
8
21
8
-17
-9
-18
-59
-119
-262
-475
-605
-607
-542
-365
-135
-14
-4
-14
0
17
19
23
30
10
-16
-7
-79
-161
73
294
48
-272
-161
217
216
-35
324
588
528
287
87
-34
-116
-9
291
466
361
132
-15
-25
7
-6
-35
-43
-69
0
236
402
337
129
-11
10
39
3
3
34
65
7
-200
-186
162
324
180
182
314
230
55
-23
-50
-61
-42
-6
7
23
94
166
164
131
20
-163
-72
100
-82
-296
-221
96
184
-325
-97
97
-32
-264
-257
-144
-242
-279
7
257
225
93
3
-32
-17
-6
-5
-38
-174
-198
116
410
360
142
-66
-135
-57
0
-14
-81
-90
-37
-170
-337
-127
327
614
617
428
204
73
40
46
30
-8
-27
-108
-225
-11
478
642
386
95
-103
-180
-168
-138
-87
-148
-182
-130
-371
-532
-516
-487
-532
-436
-163
-142
-400
-520
-473
-366
-170
5
37
-7
-6
49
53
-136
-417
-498
-418
-311
-224
-340
-479
-316
-74
-91
-351
-468
-222
-66
-314
-556
-451
-253
-281
-393
-300
-100
-5
20
36
19
-1
-106
-378
-454
-187
-8
-39
-30
-73
-352
-532
-315
-62
-189
-503
-564
-84
-214
-228
-149
-132
-162
-86
-39
-159
-295
-333
-238
-76
0
6
10
-12
-36
-12
-26
-184
-378
-450
-323
-132
-176
-298
-177
-3
-43
-258
-357
-168
16
-44
-233
-417
-551
-575
-450
-226
-40
-2
-25
-2
28
37
20
-137
-451
-693
-660
-373
-75
-48
-320
-481
-281
-63
-125
-389
-470
31
42
-24
-65
7
44
-14
-28
48
72
18
15
36
9
-18
-15
-5
-27
-38
17
53
33
13
32
62
35
28
67
41
13
37
15
-41
-29
35
44
-16
-52
-27
-8
-16
-13
-6
-4
-2
-2
-1
34
61
-34
-168
-159
-31
25
-18
-51
-38
-3
29
34
-32
-53
9
46
24
-22
-4
49
45
18
35
37
7
3
14
32
32
1
15
44
31
14
15
24
22
-3
-29
-17
15
18
1
11
41
38
4
-5
14
7
-19
-21
0
17
4
-18
-19
-17
-25
-27
-17
-9
-12
4
42
46
20
6
4
22
38
15
1
20
31
20
-43
-43
4
26
-17
-32
13
35
7
-6
15
23
4
-14
-9
4
6
8
8
-9
-22
-24
-30
-36
-30
-12
-18
-28
1
8
-21
-6
38
36
15
15
15
12
4
1
19
26
7
-15
-19
-5
0
-17
-29
-7
16
-6
-35
-20
0
-8
-21
-14
7
18
19
4
-21
-28
-5
29
26
-15
-18
25
33
21
22
17
10
7
6
7
7
3
-3
-9
-15
-20
-18
-8
-1
0
-1
-3
-5
-7
-5
0
2
2
2
2
2
3
-2
-13
-15
-8
-1
5
10
12
9
2
-3
-5
-7
-8
-8
-9
-13
-17
-15
-9
-5
-4
-2
4
31
42
34
20
3
-1
4
-5
-9
4
9
5
17
40
49
46
42
37
31
25
19
13
10
12
16
19
19
15
10
6
3
3
4
4
4
4
4
4
-2
-13
-15
-7
2
8
11
12
9
2
-3
-4
-5
-8
-11
-12
-14
-16
-12
-6
-5
-6
-3
5
-8
-15
-1
-11
-48
-38
-13
-39
-41
-3
7
-12
-22
-24
-16
15
32
29
26
22
19
16
17
24
29
31
32
29
22
16
11
6
4
4
4
5
6
5
-1
-10
-11
-4
3
7
8
7
4
2
2
1
-1
-4
-8
-10
-10
-8
-1
5
3
-2
-2
4
-41
-49
-68
-25
39
48
18
-15
-42
-36
-9
-3
-17
-40
-49
-30
-15
-14
-15
-16
-16
-16
-7
11
21
23
24
22
16
9
5
4
4
4
4
4
4
4
1
-4
-3
2
5
6
4
0
0
5
7
5
3
1
0
-1
-1
4
12
16
12
4
-1
1
387
403
287
144
70
72
156
219
115
-15
-29
1
19
30
23
-7
-24
-23
-21
-19
-17
-16
-13
-6
0
3
3
0
-5
-11
-10
-1
4
4
4
3
2
3
3
2
4
7
7
4
-1
-7
-4
8
13
11
8
5
4
3
5
13
20
21
16
8
2
1
