-10
3
4
-5
0
1
-9
-3
1
-17
-75
-208
-195
8
123
128
133
179
87
-96
-78
-4
-2
4
9
3
-10
-13
-10
2
-1
1
1
-6
0
0
-10
-3
2
-13
-72
-209
-196
11
128
127
126
178
89
-102
-84
-3
2
6
7
1
-10
-14
-10
4
0
0
-2
-6
1
-1
-9
-4
1
-8
-69
-222
-188
31
117
117
128
184
90
-109
-87
-2
2
5
4
0
-6
-13
-14
1
-2
0
-5
-4
1
-4
-7
-4
1
-5
-69
-238
-182
53
104
106
137
190
89
-111
-88
-3
2
5
2
-1
-4
-13
-17
-3
-2
-1
-4
-1
-2
-7
-5
-3
4
-3
-71
-240
-183
57
97
96
143
195
92
-109
-90
-4
1
6
3
-3
-4
-13
-19
-4
-2
-1
-2
0
-3
-7
-6
-2
6
0
-68
-233
-188
42
91
92
146
202
100
-107
-94
-3
0
3
4
-4
-5
-9
-17
-3
0
1
-2
0
0
-6
-13
-4
8
3
-63
-227
-198
26
93
93
143
204
110
-102
-95
-1
-1
-2
3
-3
-7
-6
-10
-2
3
1
-2
-1
2
-6
-16
-6
10
2
-69
-219
-202
12
98
100
133
196
129
-92
-98
-2
-3
-2
3
-3
-9
-6
-5
-2
3
-1
-3
-1
1
-6
-9
-5
6
-2
-76
-211
-202
-5
98
112
129
189
147
-82
-106
-8
-3
4
5
-8
-12
-5
-5
0
1
-3
-4
2
0
-6
-5
-4
2
-6
-72
-204
-211
-21
102
118
128
193
150
-78
-106
-14
-2
9
5
-12
-13
-6
-10
3
-1
-3
-3
2
-1
-7
-7
-2
2
-12
-66
-204
-222
-21
104
114
130
205
144
-81
-97
-17
-5
11
7
-10
-11
-12
-16
4
-3
0
0
-3
-4
-9
-7
1
1
-15
-60
-215
-230
-7
96
105
145
218
132
-85
-89
-20
-8
14
10
-8
-12
-18
-15
4
-4
5
5
-10
-9
-6
-4
-1
-1
-9
-54
-227
-240
1
92
99
159
224
123
-85
-86
-18
-6
10
4
-7
-12
-18
-9
4
-3
8
5
-16
-10
2
-2
-5
-4
-4
-49
-233
-254
0
100
97
156
224
133
-80
-88
-11
-5
-1
-5
-5
-7
-13
-5
2
-1
6
-1
-14
-5
4
-4
-5
-9
-10
-42
-222
-260
-9
102
90
145
222
152
-58
-90
-17
-6
-6
-7
-4
-5
-10
-5
0
-1
1
-8
-5
1
-2
-9
-7
-13
-18
-40
-195
-238
-20
89
81
134
209
152
-7
-77
-46
-7
-5
-5
-6
-6
-10
-7
1
-5
-13
-18
8
11
-6
-12
-12
-20
-27
-44
-162
-196
-27
74
81
128
191
131
48
-46
-80
-10
-2
-5
-9
-7
-11
-6
3
-10
-30
-26
18
21
4
-1
-17
-37
-40
-36
-124
-166
-24
75
89
136
187
119
62
-32
-91
-11
0
-6
-9
-11
-13
-2
5
-13
-30
-33
9
19
20
24
-15
-47
-48
-27
-86
-121
8
88
100
152
195
129
25
-54
-70
-8
0
-5
-7
-14
-13
0
4
-15
-24
-41
-14
15
27
30
-9
-30
-41
-40
-58
-36
60
94
109
161
206
147
-26
-86
-39
-5
1
-3
-6
-13
-11
-2
1
-20
-20
-38
-33
21
36
3
-22
-1
-16
-54
-38
26
86
94
110
159
217
165
-54
-109
-23
-3
1
-2
-8
-11
-9
-7
0
-31
-13
-27
-30
30
35
-25
-35
11
1
-55
-25
36
72
95
109
153
220
175
-61
-120
-16
-2
-1
-3
-12
-12
-10
-8
3
-44
-14
-19
-7
32
15
-28
-25
2
-4
-48
-28
19
43
91
113
145
213
176
-60
-123
-14
-4
-1
-4
-14
-15
-13
-4
8
-48
-12
-6
7
16
4
-10
-14
-13
-16
-36
-38
-18
7
71
106
133
207
182
-55
-128
-19
-6
-1
-4
-12
-14
-14
-4
10
-32
-2
6
4
-4
1
2
-10
-19
-21
-29
-59
-81
-31
53
82
116
205
192
-50
-133
-24
-5
-1
-4
-8
-11
-15
-7
10
-8
1
2
-3
-8
-3
1
-4
-14
-17
-26
-97
-144
-42
54
64
98
196
196
-45
-132
-29
-5
2
-1
-4
-11
-17
-7
9
2
0
-4
-6
-5
-2
2
0
-8
-11
-22
-129
-174
-24
59
58
89
181
194
-35
-130
-36
-5
4
4
-2
-14
-19
-5
8
2
1
-3
-6
-2
1
2
-2
-5
-6
-21
-144
-186
-12
65
56
89
173
190
-22
-129
-44
-5
4
5
-3
-16
-18
-3
6
4
2
-3
-4
2
1
-3
-5
-3
-3
-24
-146
-196
-21
78
63
87
169
188
-14
-126
-50
-11
4
4
-5
-15
-14
-2
3
5
2
-3
-2
2
1
-6
-7
-1
-3
-27
-146
-203
-27
92
72
81
162
187
-10
-123
-52
-16
0
3
-4
-14
-14
-2
7
