98
99
97
98
99
98
99
100
99
100
104
119
155
167
155
136
121
103
77
81
101
101
102
101
101
99
100
102
103
104
97
97
97
97
98
97
98
100
99
99
102
117
154
168
152
134
120
103
76
81
101
102
102
101
100
99
100
102
104
104
96
97
96
97
98
97
98
99
99
99
101
116
155
162
148
133
119
102
73
79
101
101
101
101
100
100
100
101
103
105
96
96
96
98
97
97
98
99
99
99
100
116
162
161
147
136
120
101
72
79
100
101
101
100
100
100
100
101
103
105
96
96
96
97
96
98
98
99
99
98
100
116
160
162
144
137
121
101
73
79
100
101
101
101
99
100
100
101
104
106
96
97
97
97
97
98
99
99
99
97
99
115
157
161
147
139
124
103
73
77
100
101
101
101
100
100
101
101
103
106
98
96
97
97
97
97
98
100
99
99
98
113
155
163
149
141
126
103
74
77
100
101
100
101
101
100
102
102
103
104
96
96
96
96
96
95
98
101
100
97
99
114
154
166
150
139
126
108
77
76
100
99
100
100
101
100
101
102
103
103
96
96
96
97
97
97
98
98
99
97
100
118
152
166
154
144
125
111
79
72
99
100
101
101
100
99
102
102
103
103
96
96
97
97
96
97
98
98
99
98
100
115
152
169
157
142
127
110
79
73
98
100
102
100
99
99
103
103
104
105
96
96
97
97
96
97
97
99
98
98
101
115
149
170
158
144
129
113
78
76
98
100
102
101
100
100
102
102
105
107
95
96
95
96
96
97
99
99
98
99
103
114
159
172
157
147
131
111
76
78
98
100
103
103
99
99
101
102
106
106
95
96
94
95
96
97
98
98
98
98
100
111
155
170
157
150
133
108
76
79
97
100
103
101
99
100
101
104
106
106
96
96
93
93
98
97
97
97
99
98
99
111
160
175
157
148
132
109
77
77
98
99
99
100
101
102
102
103
105
104
96
95
95
97
99
97
97
98
98
100
100
110
156
177
160
151
137
115
80
75
97
98
100
100
101
102
102
103
104
104
97
96
96
96
97
97
98
99
99
103
105
112
154
174
158
151
139
117
86
77
89
99
99
100
101
101
102
103
105
105
98
97
100
103
99
100
101
104
105
107
109
119
150
166
158
149
138
119
92
87
76
97
99
100
99
101
102
102
104
104
104
107
114
113
107
107
108
109
111
119
124
130
155
170
162
153
140
119
94
92
75
96
99
99
99
101
101
104
105
104
125
129
133
137
130
131
122
124
129
138
139
140
160
179
162
155
137
117
88
84
80
98
100
100
100
101
102
105
105
105
153
156
157
167
161
166
156
154
154
163
169
175
182
178
163
155
135
113
84
77
94
99
100
100
100
101
101
104
104
104
161
168
169
179
178
172
169
173
175
171
176
185
187
176
163
152
135
113
80
71
94
99
101
100
100
100
102
103
104
105
169
171
169
176
180
170
167
177
179
173
178
187
181
176
162
153
136
114
80
69
96
100
99
100
100
101
103
103
105
106
156
160
161
166
160
155
160
165
165
164
165
177
173
172
163
147
134
111
81
68
96
98
99
99
99
100
103
105
107
105
147
150
151
152
149
148
147
149
150
153
155
161
164
163
160
145
131
111
80
66
94
98
99
100
99
101
102
104
105
105
122
123
121
119
119
122
119
120
122
126
128
133
140
152
151
142
132
113
80
64
92
98
98
99
99
100
101
103
105
105
99
99
99
99
101
101
102
102
103
105
107
112
133
153
146
138
131
114
81
65
93
98
100
99
99
100
100
102
104
104
99
98
99
100
100
101
101
100
100
102
103
107
136
150
141
136
126
115
82
66
91
98
100
100
99
98
99
102
104
103
98
99
98
99
100
100
99
99
100
100
101
105
138
152
139
136
126
113
83
66
88
99
99
99
98
98
99
102
104
103
98
97
97
98
98
97
98
98
99
99
100
105
137
154
142
135
127
113
84
66
87
97
100
100
99
99
100
103
103
103
97
96
97
97
97
96
97
98
99
98
99
105
134
156
144
132
124
112
84
65
87
96
100
101
99
100
101
103
104
104
