-663
-574
1321
1560
1158
1246
1075
874
-810
2302
1285
1359
709
1598
604
-1198
-764
2127
1989
1608
379
304
1135
159
289
548
111
-665
342
1080
3328
979
151
252
1345
1229
-20
1308
599
624
1366
530
1987
-1292
462
2229
2486
139
-500
79
152
-268
822
1836
2540
867
1540
1566
-557
-237
-195
777
1616
1202
290
255
1160
553
1109
364
647
775
639
3026
2811
534
544
-90
535
2884
1681
2002
2604
-1092
-816
1152
461
1608
2861
1937
912
-7
-979
-306
377
879
-752
1808
1227
1561
69
908
768
-1532
-1487
698
536
1209
1875
-1734
740
455
-668
1616
1400
1810
1410
-209
157
-111
1005
899
2433
2469
835
644
1384
349
-548
-883
1168
-353
242
2648
2986
586
891
-708
1144
1908
-676
-274
1247
-70
-232
209
-1122
1581
874
1981
774
1021
-377
396
661
1568
1376
1920
1350
1927
2047
3136
2617
838
-286
-634
522
1297
750
1547
2346
1840
295
1231
1001
1901
3391
247
305
180
1258
310
1081
1407
948
-733
-1138
651
1318
296
-523
-1508
-1862
-1032
700
2531
2339
1460
1162
-356
-576
1635
1049
1586
839
964
-1270
2121
2373
1548
71
1236
768
1331
1260
1407
2076
1543
1188
858
1209
2848
3065
2645
1222
1492
-169
-1787
-150
1343
803
-214
1127
-1131
209
1129
1339
-1639
-1255
837
803
476
1497
732
488
-339
-1787
8
844
1032
2025
459
-1092
404
554
733
980
3160
2831
2484
2402
1762
1353
1880
187
277
1085
4000
2930
872
886
3047
867
658
315
828
2301
1702
587
943
-1063
1739
2231
-410
324
1718
1723
-341
-1651
-1224
-752
-692
677
421
697
1964
1377
-1276
179
1266
2554
-890
-768
1177
811
1701
-56
800
2131
734
2361
1031
-751
1634
1100
-420
-556
1610
2244
1365
1605
1784
537
1782
995
-166
-1014
137
-413
-1473
-934
117
1822
2161
983
1007
676
353
-786
917
-354
849
1560
-671
579
1882
2142
1877
-58
-560
82
1780
1645
-694
1229
-231
2002
2244
3624
2862
967
1262
-22
1460
1340
198
845
390
1585
515
2099
2032
1754
1728
1174
-66
-480
1228
890
1064
1446
653
1060
2577
710
1318
1231
922
303
-456
2869
1279
222
-88
-130
-86
287
2054
807
-232
109
-15
-1796
-607
978
1857
1310
-765
797
777
77
240
193
-837
839
-953
752
212
1106
1194
-1475
138
1411
788
1270
2979
2163
-6
378
0
105
2443
1993
1632
1476
-588
426
1961
2269
960
575
2385
2924
1217
372
1464
-126
513
1089
954
2138
1345
630
1662
1364
-1171
185
1104
1545
2432
2182
849
-157
-377
852
376
2104
-204
-178
645
1208
247
193
453
1979
804
2900
1823
1657
868
-104
58
1053
-1233
308
1721
1547
1480
628
-1584
-1711
846
1372
2041
1080
1113
810
2333
1279
635
829
890
745
1624
-250
-240
95
-185
216
-5
1415
1746
-490
1037
389
175
-153
840
-39
1217
3495
2860
579
254
1201
279
-97
-1759
-489
1243
755
2143
2184
-452
1087
408
2724
2194
1525
2905
308
1279
2878
1398
2103
2476
3120
626
1579
1537
-1418
-459
1003
333
704
1240
1226
2320
1749
1242
630
1310
738
1817
690
1415
-1477
215
711
-1399
-8
143
-991
1232
-83
-109
-879
1476
1436
-659
1146
914
1017
1160
-1306
-161
43
-132
743
2475
1693
830
127
-380
475
-62
1139
264
297
1075
1766
1765
1564
-188
53
2219
2457
-183
-128
1462
1995
-62
-98
777
1934
1662
727
1664
1045
-970
-632
2380
3013
2841
904
1209
1180
1494
2496
1788
-1828
1235
-153
1732
2338
937
494
-705
1849
308
-1467
2063
1776
348
627
436
97
-560
-190
1439
2179
169
-1402
65
688
1081
1208
-1459
-1284
-540
2666
402
1085
31
-823
1382
1593
2067
-294
617
1979
-957
-146
1414
1360
1214
1753
908
1888
2460
-75
285
1701
1423
1291
294
-321
2499
4037
2825
-824
2017
2964
2064
66
75
-323
-532
846
670
1275
1603
947
-638
-768
-983
-1841
-406
267
-711
711
2949
549
1060
-112
342
1709
-1201
-2545
-1601
1752
8
-2576
61
884
2701
2682
2233
789
597
-759
829
1276
642
3118
2885
2505
2187
1179
1620
2403
-225
492
238
3070
1563
-35
2085
2720
3275
315
663
1577
599
782
-335
465
-915
1793
1750
1465
-97
-111
637
-1202
-429
-633
115
689
942
-616
1469
-725
1875
17
-219
220
941
438
192
596
808
861
1682
-479
762
1104
2517
-1866
-1232
977
2529
-34
-63
2869
2072
1664
39
331
2650
2189
795
2809
-656
665
1833
1462
335
1110
267
1535
1227
773
-792
1511
1629
578
394
2054
1442
1288
288
1511
1875
-171
-819
392
939
948
-754
448
-377
-1387
1273
1739
736
530
2114
207
568
-1258
-563
1222
2769
645
510
1781
862
289
1113
621
1244
-743
-1262
1585
1391
1384
1507
383
660
555
2201
2018
974
392
-6
45
896
1766
1217
2775
1633
657
-877
610
346
-502
321
1827
-133
-214
984
1301
948
242
1278
1882
560
161
1040
1861
1508
766
-758
1137
2334
1023
-923
1212
1968
