93
94
94
94
94
94
94
95
96
97
97
99
100
100
99
98
99
99
100
100
100
100
100
100
100
101
109
131
159
170
161
143
119
93
81
89
98
101
101
101
100
101
101
101
101
101
101
100
101
101
101
101
101
102
102
102
102
103
103
102
102
101
93
94
95
95
94
94
94
95
96
97
98
99
99
99
99
99
99
100
100
100
100
101
101
101
101
102
109
130
158
169
160
143
120
93
81
88
98
101
101
101
101
101
101
101
101
101
101
100
101
101
100
100
101
102
102
102
102
102
102
102
102
101
92
94
95
95
95
95
95
95
96
97
98
99
99
99
100
100
100
100
100
100
101
101
101
102
101
102
109
130
156
167
159
142
119
93
80
88
98
101
101
101
101
100
101
100
100
101
101
101
101
101
101
101
101
101
101
102
102
102
102
101
101
101
92
94
94
94
95
95
95
95
96
97
98
98
98
100
100
99
100
100
100
100
101
101
101
101
101
102
108
128
154
165
158
141
119
93
80
88
98
101
101
101
101
100
100
100
100
101
101
101
101
101
101
101
101
101
101
102
102
102
102
101
101
101
91
94
94
94
95
96
96
96
96
96
97
97
98
99
99
99
99
100
100
100
100
100
100
100
100
101
108
128
155
165
157
141
119
94
81
88
98
101
101
101
100
99
100
100
100
101
101
101
101
100
101
101
101
101
101
101
102
102
101
101
101
101
91
94
94
94
94
95
96
96
96
96
96
97
98
99
99
99
99
99
100
100
100
100
99
99
100
101
108
129
157
166
156
141
120
95
81
87
98
101
101
100
99
99
100
100
100
101
101
101
100
101
101
101
101
101
101
101
101
102
102
101
101
101
91
93
93
94
94
95
95
96
96
96
97
97
98
98
98
98
99
99
100
100
100
99
99
99
100
101
107
129
157
166
155
140
120
95
80
87
98
101
101
100
99
99
100
100
101
101
101
101
100
101
101
101
101
101
100
100
101
102
102
101
101
101
91
93
93
94
95
95
95
95
95
95
96
97
97
97
98
98
99
99
100
100
100
99
99
99
100
101
106
128
157
165
153
137
119
95
80
86
98
101
101
100
100
100
100
100
101
102
102
101
101
101
102
102
101
101
101
101
101
101
101
101
101
101
91
92
93
94
95
96
95
95
95
95
96
96
97
97
97
98
98
99
100
100
100
99
99
100
100
100
105
126
154
163
152
136
118
96
81
86
97
101
101
101
100
101
101
101
101
102
102
102
102
102
102
102
101
101
101
101
101
101
101
100
101
101
91
92
93
94
96
97
96
95
95
95
95
96
97
97
97
98
98
98
99
100
99
99
100
100
100
100
105
124
151
162
153
137
118
96
81
85
97
101
102
101
101
101
101
101
102
102
101
101
101
102
102
102
102
102
102
101
101
101
101
101
101
101
91
92
93
95
96
96
95
95
95
95
95
95
96
97
97
99
99
98
99
99
99
99
100
100
100
100
105
123
151
164
155
138
119
95
80
85
97
101
102
101
101
101
101
101
102
102
101
101
101
101
102
102
102
102
102
101
101
101
101
102
102
101
91
92
93
94
96
95
95
95
96
96
95
95
96
96
97
99
99
98
99
99
99
99
99
100
100
100
105
124
153
166
157
140
120
96
81
85
96
101
102
102
101
100
101
102
103
102
101
101
101
101
102
102
103
103
102
102
102
101
101
102
102
101
91
92
92
94
95
95
94
94
95
96
95
96
96
96
97
98
99
99
99
100
100
99
99
99
99
100
106
126
154
166
157
141
121
98
82
85
96
101
102
102
101
100
100
102
103
103
102
101
101
102
102
103
103
103
102
102
101
101
101
101
101
101
91
92
92
93
94
94
94
94
95
95
96
96
96
96
96
97
99
99
99
100
99
99
99
99
99
100
106
126
153
165
156
141
122
99
83
85
96
101
102
102
102
101
101
102
103
103
102
102
102
102
102
102
103
102
102
102
101
101
101
101
101
100
91
92
92
92
94
94
94
94
95
95
95
96
96
96
96
97
99
99
99
99
99
99
99
99
100
101
106
126
153
163
154
140
123
101
84
85
96
101
102
102
102
101
101
101
103
103
103
102
103
103
102
102
102
102
102
101
101
101
101
101
101
100
91
92
92
92
93
94
94
94
95
95
95
95
96
97
96
96
98
99
99
99
99
98
99
99
100
101
107
125
151
162
153
139
122
102
85
85
96
101
101
102
101
100
100
101
103
104
103
103
103
103
102
101
102
102
102
102
102
101
101
101
101
100
90
92
92
92
93
94
94
95
96
96
96
96
97
97
96
97
98
98
98
98
98
98
99
99
100
101
106
124
149
161
153
137
121
101
85
85
96
101
102
101
101
100
100
102
103
104
103
103
102
102
102
101
102
102
102
102
102
102
101
101
101
101
90
92
92
92
93
94
95
95
95
95
95
96
97
97
97
97
97
97
97
97
98
98
98
99
99
100
105
123
148
160
151
135
119
100
84
84
96
101
102
101
100
100
100
102
103
104
103
103
103
102
102
102
102
103
103
102
102
102
102
102
102
101
89
92
92
92
93
94
94
94
94
94
95
96
97
97
97
97
97
97
97
97
97
97
98
99
99
100
104
123
148
158
149
134
119
99
82
83
96
101
101
101
100
100
100
101
103
104
104
104
103
103
102
102
103
103
102
102
102
102
102
102
102
102
89
91
92
92
93
93
94
93
93
93
94
95
96
96
96
96
96
96
96
97
97
97
98
99
99
99
104
123
149
157
148
134
119
99
81
83
95
101
101
100
100
100
100
101
103
104
105
104
104
103
103
103
103
102
102
102
102
102
102
102
102
102
89
92
92
92
92
93
94
93
93
93
94
95
96
96
96
96
96
96
97
97
97
98
98
99
99
99
103
123
149
157
147
135
120
99
81
82
95
101
101
101
100
100
100
101
103
105
105
104
104
104
103
103
102
102
101
102
102
102
101
102
102
101
89
92
92
92
92
92
93
93
93
93
94
95
95
95
96
96
96
97
97
97
97
98
99
99
99
98
103
121
148
157
149
137
122
101
82
82
95
101
101
101
100
100
101
102
103
105
104
104
104
104
103
102
101
101
101
101
102
102
101
101
101
101
89
92
92
92
92
92
93
93
93
93
94
95
95
95
96
96
97
97
97
97
97
97
98
99
99
98
102
120
147
158
150
139
124
102
83
82
94
100
100
101
101
101
101
102
103
104
104
104
104
104
103
102
101
101
101
101
102
102
101
101
101
101
89
91
91
91
92
92
92
93
93
94
95
95
95
95
95
96
96
96
96
96
96
97
98
99
99
98
103
121
147
159
152
140
125
104
84
82
94
100
100
101
100
100
101
102
103
103
104
104
105
105
104
102
102
102
101
101
101
102
102
101
101
101
88
91
91
91
92
92
92
93
93
94
94
95
95
95
95
96
96
96
96
97
97
97
98
99
99
98
103
121
147
160
154
141
126
106
85
81
93
100
101
101
100
100
101
102
103
103
103
104
104
104
104
103
102
102
101
101
101
101
101
101
101
101
88
92
92
92
92
92
92
93
93
94
94
94
94
94
95
96
96
96
97
97
97
97
98
98
98
99
104
121
147
161
156
142
127
107
86
81
93
100
101
101
100
100
102
103
104
104
104
104
104
104
104
104
103
102
101
101
101
101
101
101
100
100
89
93
92
92
92
92
93
94
94
94
94
94
93
93
94
95
96
96
96
97
96
97
98
98
98
99
104
121
147
163
157
144
129
108
86
82
93
100
101
101
100
100
101
103
105
105
105
104
105
105
105
104
102
101
100
100
101
101
101
101
101
100
89
93
93
92
92
92
93
94
94
94
94
93
93
93
94
95
95
96
96
96
96
97
98
98
98
99
104
121
149
164
158
146
130
107
85
82
93
100
102
102
100
100
101
103
105
106
105
105
105
105
105
103
101
100
100
100
101
101
101
101
101
101
89
93
93
93
93
93
93
93
94
94
94
94
93
93
94
95
95
95
95
95
96
97
98
98
98
99
103
120
150
164
159
147
131
107
85
83
93
100
101
101
100
100
102
103
105
105
105
105
104
104
103
102
101
100
100
101
101
101
101
101
101
101
88
93
93
94
94
94
93
94
94
94
94
94
94
94
95
95
96
95
94
95
97
97
97
98
98
99
102
120
150
166
160
147
132
108
86
82
93
99
100
100
101
101
102
103
104
105
104
104
103
103
102
102
101
100
100
101
101
101
101
101
101
101
87
92
94
94
94
94
94
94
95
95
95
95
95
95
95
95
96
96
95
96
97
97
97
98
99
100
103
120
150
167
161
149
134
111
88
82
91
98
99
100
101
102
102
103
104
104
104
104
103
102
101
100
100
100
101
101
101
101
101
101
101
101
87
93
94
94
94
94
95
98
99
97
94
95
95
96
96
96
96
96
97
98
98
98
99
100
101
103
107
121
148
164
160
149
136
115
92
83
88
96
99
100
101
101
102
103
104
104
104
104
103
102
101
100
99
100
101
101
101
101
101
100
100
100
89
94
96
97
97
98
102
109
109
102
95
95
97
98
98
98
99
100
102
103
101
101
102
104
106
109
113
126
148
162
159
150
137
117
97
85
85
93
99
100
100
101
102
103
104
104
104
103
103
102
101
101
100
101
101
101
101
101
100
100
99
99
96
103
108
110
110
112
120
129
128
117
105
102
104
106
107
108
108
111
114
115
112
111
111
112
115
120
125
135
153
165
161
151
137
117
98
87
85
92
99
99
100
101
102
103
104
104
104
103
103
102
101
101
101
101
101
101
101
100
100
100
99
99
114
123
131
135
136
138
146
153
149
139
128
123
123
126
127
127
128
130
134
136
134
132
129
128
132
138
143
150
163
170
164
152
136
115
94
85
87
94
99
100
100
101
102
104
105
104
104
104
103
102
102
101
101
101
101
101
101
101
100
100
99
99
136
146
152
155
158
161
164
166
164
158
152
148
146
148
149
149
149
152
156
159
159
156
153
152
154
158
164
170
176
174
164
152
135
112
90
82
89
97
100
100
100
101
102
103
104
104
104
104
103
103
102
102
101
101
101
101
101
100
100
100
99
99
151
159
161
163
165
168
168
167
166
166
165
163
162
162
163
162
162
165
168
173
173
170
167
169
170
171
176
181
182
175
164
151
134
111
87
80
90
98
100
100
100
101
102
103
104
105
104
104
103
102
102
101
102
102
101
101
101
100
100
100
99
98
153
159
160
160
160
161
161
160
160
161
162
163
163
162
163
163
164
166
169
173
173
168
168
172
173
172
176
181
180
173
163
150
134
110
86
79
90
98
100
100
100
101
102
104
105
105
105
104
103
102
101
101
102
102
101
101
100
100
100
100
99
98
145
149
152
151
149
149
150
150
150
149
149
151
151
151
153
154
156
160
162
163
162
159
160
163
164
164
168
172
173
169
161
148
132
109
85
78
89
98
99
99
100
101
103
104
105
105
104
104
103
102
102
101
101
101
100
100
100
100
100
100
99
98
127
130
134
134
133
134
135
135
134
133
132
134
134
135
137
138
141
145
146
146
145
144
144
145
147
149
152
157
160
161
156
145
130
109
85
77
88
97
99
99
100
101
102
104
105
105
104
103
102
102
102
101
101
101
100
100
100
100
100
100
100
99
107
108
111
112
111
112
113
114
113
113
113
114
115
116
116
118
121
123
123
122
122
123
122
123
125
127
130
136
145
152
150
142
129
109
85
76
87
97
99
99
99
100
101
103
104
104
103
102
102
102
102
101
101
101
100
100
99
99
99
99
99
98
95
96
97
97
97
98
98
99
99
99
100
100
101
101
102
103
104
105
105
105
105
106
106
106
107
109
112
120
135
146
146
138
128
110
85
76
87
97
99
99
99
100
100
102
104
104
102
102
102
102
101
101
101
100
100
100
99
98
98
99
98
98
93
93
94
94
95
94
95
95
96
96
96
96
96
97
98
99
99
99
99
100
100
101
101
101
101
102
104
114
133
145
143
136
126
109
86
76
86
97
99
99
99
99
100
102
103
103
102
102
102
101
100
100
100
100
100
100
99
98
98
98
98
98
94
93
94
94
94
94
94
95
95
96
96
96
96
97
98
98
98
98
98
99
99
99
99
99
100
100
102
112
133
145
142
135
125
109
86
76
85
96
99
99
99
99
100
102
103
103
102
102
102
101
100
100
100
100
100
100
100
99
98
98
98
98
94
94
94
94
94
94
94
94
95
95
96
96
96
97
97
98
98
97
97
98
98
98
98
98
99
99
101
112
133
147
143
134
125
109
87
76
84
95
99
100
99
99
100
102
103
103
103
102
101
100
100
99
99
100
100
100
100
99
99
98
98
98
94
95
95
95
94
93
94
94
94
95
95
96
96
96
97
97
97
97
97
97
97
97
97
98
98
99
101
111
133
148
144
133
124
109
87
76
84
95
99
100
100
100
101
103
104
104
103
102
101
100
100
99
99
100
100
100
100
99
99
99
98
98
94
95
97
97
94
93
93
94
94
94
94
95
95
95
96
97
97
97
96
96
97
97
97
98
98
99
101
112
134
148
143
133
124
109
87
76
84
95
99
100
101
101
102
104
105
104
102
101
101
100
100
99
99
100
100
100
100
99
99
99
98
98
93
94
97
96
94
94
93
93
93
94
94
93
94
95
95
96
97
97
97
96
96
97
97
98
99
99
102
113
135
148
143
134
124
109
87
76
85
96
99
101
101
101
102
104
105
104
102
101
101
100
100
99
99
100
100
100
100
100
99
99
99
98
93
93
95
95
94
94
93
93
93
94
93
93
94
95
96
96
96
97
97
96
96
96
97
98
99
100
103
114
135
147
144
134
124
108
86
76
86
96
99
101
101
101
102
103
104
104
102
101
101
100
100
100
100
100
100
100
100
100
99
99
99
98
93
93
93
93
93
94
93
93
93
93
93
93
94
96
96
96
96
96
96
96
96
96
97
98
99
101
104
115
133
146
145
135
123
107
85
76
86
96
99
100
101
101
101
101
103
103
102
101
100
100
100
100
100
100
99
99
99
99
99
99
98
98
93
93
93
93
93
93
93
93
93
93
93
93
94
96
95
95
95
96
96
96
95
96
97
98
99
101
105
116
133
147
148
138
124
106
85
75
85
96
99
99
100
100
100
100
101
102
102
101
100
100
100
100
99
99
99
100
100
99
99
99
99
98
93
93
93
92
92
93
93
93
93
94
93
93
94
94
95
95
95
96
96
96
96
97
97
98
100
102
106
117
133
147
150
140
124
106
85
75
84
95
99
99
99
99
99
99
100
100
100
100
100
100
100
99
99
99
99
100
100
99
99
99
99
99
93
93
92
92
92
92
92
93
94
94
94
93
93
94
94
95
95
96
96
96
96
97
98
99
101
102
107
118
133
146
150
140
124
107
86
75
82
94
98
99
99
99
99
99
99
100
100
100
100
100
100
99
99
99
99
100
99
99
99
99
99
99
93
93
92
92
92
92
93
94
94
94
94
94
93
94
94
95
96
96
96
96
97
98
98
99
101
103
109
120
131
142
148
141
127
109
88
75
81
92
98
99
99
99
99
99
99
100
100
100
100
100
100
100
99
99
99
99
99
99
99
99
99
98
93
93
93
92
92
93
94
95
94
94
95
95
94
94
95
96
96
96
96
96
97
98
99
100
101
104
112
122
130
139
146
141
130
112
90
75
78
89
97
99
99
99
99
99
99
100
100
99
99
99
100
100
100
99
99
99
99
99
99
99
99
98
94
93
93
93
92
93
94
95
94
94
95
95
95
95
96
96
97
97
96
96
97
98
99
100
102
105
113
122
129
138
146
142
130
113
90
75
77
89
97
99
99
99
99
99
99
99
99
99
99
99
99
100
100
99
99
99
99
99
99
99
98
98
94
94
94
93
92
93
94
95
95
94
94
95
95
96
97
97
97
96
96
96
96
97
99
100
101
104
111
120
128
139
146
142
129
111
88
74
79
91
97
98
98
99
100
100
99
99
99
99
99
99
99
99
99
99
99
99
99
99
99
99
98
98
93
94
94
94
93
93
94
95
95
94
94
95
96
97
97
97
97
96
96
95
96
97
98
99
100
102
108
116
127
140
149
144
129
110
87
74
80
92
97
98
98
99
101
101
100
99
99
99
99
99
99
99
99
99
99
99
99
99
99
98
98
98
93
93
93
93
94
94
94
94
94
94
95
95
96
97
98
97
97
96
96
95
96
96
97
98
99
101
105
113
126
142
151
145
130
111
87
74
80
92
97
98
99
100
101
101
99
99
98
99
99
99
98
99
99
98
98
98
98
99
99
98
98
98
93
92
92
93
94
94
94
94
94
94
95
96
96
97
98
98
97
96
96
97
97
97
98
98
99
100
103
111
125
143
152
146
131
113
89
74
81
93
98
98
99
100
100
100
99
98
98
99
99
98
98
98
99
99
99
98
98
98
99
99
99
99
93
93
92
93
94
94
93
94
94
94
95
96
96
97
99
99
98
97
98
98
98
98
98
99
100
101
103
109
124
145
156
150
135
115
90
75
81
94
98
98
98
99
100
99
98
98
98
98
98
98
98
98
99
99
99
98
98
98
98
99
99
99
93
93
93
94
94
93
93
94
95
95
95
96
97
99
100
100
98
99
100
100
100
100
99
99
101
102
103
108
125
150
162
156
140
118
92
76
81
94
98
98
98
98
99
99
98
98
98
98
98
97
97
98
98
99
98
98
97
98
98
99
99
99
