89
95
95
95
94
94
94
95
96
97
97
97
99
103
101
99
97
98
99
100
101
101
100
99
99
100
100
103
129
166
178
162
144
118
90
70
94
100
102
100
100
99
100
100
101
102
102
101
101
101
101
101
102
103
102
102
102
102
103
102
102
102
100
100
87
94
94
94
94
94
94
94
95
96
97
97
98
101
100
99
98
98
99
100
100
100
100
100
100
99
100
103
128
163
179
160
147
120
90
70
93
100
101
101
102
100
100
103
101
102
101
101
100
101
101
101
100
101
101
102
102
102
103
103
102
102
101
102
88
95
94
95
95
94
94
94
95
96
96
98
99
99
99
99
100
99
100
100
101
100
100
102
102
101
101
105
126
165
177
160
146
122
92
71
90
100
101
100
102
101
100
102
101
100
100
101
99
100
101
100
100
101
102
103
101
102
102
103
102
102
101
102
87
94
94
95
95
94
95
95
95
96
96
99
99
98
100
99
100
100
101
100
100
101
101
102
102
102
101
106
126
163
173
158
144
121
90
69
91
101
101
101
102
100
100
101
100
99
102
102
101
102
101
100
101
101
101
101
102
103
102
102
101
101
101
102
87
93
94
93
95
95
96
95
95
96
97
99
97
98
101
100
99
100
100
100
100
101
101
101
100
101
101
103
125
155
172
158
143
121
91
70
91
101
101
100
102
101
99
100
100
100
101
101
101
101
100
101
101
102
100
100
102
103
102
102
100
101
101
102
85
92
94
93
94
95
96
97
95
96
96
96
96
97
100
99
99
99
99
100
101
100
101
100
99
100
101
104
122
165
170
156
143
120
93
70
90
101
100
100
101
100
99
99
100
100
101
101
102
101
100
101
101
101
101
101
101
102
102
101
101
101
101
101
86
93
95
93
94
94
95
97
96
95
96
96
97
98
99
98
98
99
100
100
100
100
100
99
99
100
101
103
124
169
168
155
145
122
94
70
89
100
101
101
100
99
99
100
100
100
101
101
101
100
100
101
101
101
101
101
100
101
102
102
101
100
101
100
86
93
93
93
94
94
95
95
96
96
96
97
98
98
98
99
98
99
99
99
99
100
99
99
99
100
101
102
122
168
171
157
142
123
93
70
88
101
101
101
100
99
99
99
100
101
101
102
100
100
101
102
100
101
100
100
100
101
102
102
101
102
101
100
87
93
93
93
94
94
95
94
95
95
95
96
97
97
97
97
98
98
100
100
101
100
99
99
99
100
101
102
122
169
171
151
137
121
94
69
88
101
101
101
100
99
100
100
100
101
102
102
101
101
101
102
102
101
101
100
101
100
103
101
100
101
102
100
87
92
92
92
94
95
97
95
95
94
95
96
96
97
97
97
98
98
99
100
100
99
99
99
100
100
99
101
120
163
169
150
135
120
96
70
86
101
101
102
101
100
101
101
100
101
102
102
102
102
102
102
102
101
101
102
101
100
101
100
100
100
101
101
88
92
91
92
94
97
98
95
95
95
95
94
96
97
97
97
99
98
98
99
100
99
100
99
101
100
99
101
117
159
169
152
137
120
97
72
83
101
101
102
102
101
101
101
101
102
102
101
101
101
101
103
101
102
102
102
101
101
101
100
101
101
100
100
88
93
92
94
95
97
96
95
94
95
95
95
95
96
97
96
99
99
97
99
100
99
99
99
100
100
99
101
116
156
170
154
140
119
94
71
85
100
101
102
101
101
100
100
101
102
102
100
100
101
101
102
103
102
103
101
101
102
100
100
103
102
101
101
86
93
91
92
95
96
96
95
94
97
96
94
95
96
96
97
100
100
97
98
100
99
99
100
100
100
99
102
118
159
176
158
142
121
94
71
84
101
101
101
102
100
101
100
103
104
102
101
100
101
101
102
102
103
103
101
102
102
100
101
102
102
102
100
86
94
91
91
94
95
94
94
94
96
96
95
96
96
95
97
99
99
99
99
100
100
99
99
99
99
99
102
120
165
172
156
143
124
97
74
82
100
101
102
103
102
100
99
102
103
103
102
101
101
101
103
102
104
102
103
102
102
101
102
101
101
101
100
85
93
91
91
93
94
95
93
94
94
95
96
97
96
95
96
98
98
99
100
100
99
99
99
98
99
99
102
119
158
172
155
143
123
99
75
81
101
102
102
103
101
101
100
102
103
102
103
101
102
102
102
102
103
102
102
101
101
100
101
101
101
100
100
84
93
92
91
92
94
94
93
94
95
95
95
96
96
96
95
95
100
99
99
99
99
99
98
99
101
100
103
120
164
169
153
142
125
101
75
82
101
101
101
103
102
102
100
101
102
104
103
102
104
103
102
102
102
103
102
101
102
101
101
101
100
100
99
85
93
92
91
92
93
94
93
94
96
95
94
94
96
97
96
95
100
100
99
98
99
98
98
100
100
100
104
119
158
167
152
140
124
104
77
83
100
100
101
103
101
100
100
101
103
105
103
102
102
103
102
101
101
103
102
101
102
101
101
101
101
101
99
84
93
92
92
92
94
95
94
95
97
96
96
96
97
98
96
96
98
99
97
98
99
98
99
100
99
100
104
119
155
167
155
136
121
103
77
81
101
101
102
101
101
99
100
102
103
104
103
103
102
102
102
101
101
103
102
102
102
102
102
100
102
101
100
84
92
92
92
92
93
95
95
95
96
95
96
96
98
97
96
98
97
97
97
97
98
97
98
100
99
99
102
117
154
168
152
134
120
103
76
81
101
102
102
101
100
99
100
102
104
104
102
103
103
103
101
101
103
103
103
102
102
102
102
101
102
101
101
82
91
92
91
92
93
95
94
93
93
93
94
96
97
96
97
97
96
97
96
97
98
97
98
99
99
99
101
116
155
162
148
133
119
102
73
79
101
101
101
101
100
100
100
101
103
105
103
104
103
102
102
102
102
103
102
102
103
101
102
102
102
101
102
82
91
91
91
92
92
93
94
93
92
93
94
96
96
96
96
95
96
96
96
98
97
97
98
99
99
99
100
116
162
161
147
136
120
101
72
79
100
101
101
100
100
100
100
101
103
105
104
105
103
103
103
103
103
103
101
103
102
102
102
102
102
102
101
80
91
92
92
92
92
93
94
94
93
93
94
95
96
96
96
96
96
96
96
97
96
98
98
99
99
98
100
116
160
162
144
137
121
101
73
79
100
101
101
101
99
100
100
101
104
106
105
105
104
104
103
103
101
102
101
102
102
101
101
102
102
102
100
80
93
93
92
92
91
92
94
93
93
93
94
95
95
95
96
96
96
97
97
97
97
98
99
99
99
97
99
115
157
161
147
139
124
103
73
77
100
101
101
101
100
100
101
101
103
106
104
104
104
104
103
102
101
101
101
100
102
102
101
101
102
101
99
82
92
92
92
92
91
92
93
93
92
93
95
95
94
96
95
96
98
96
97
97
97
97
98
100
99
99
98
113
155
163
149
141
126
103
74
77
100
101
100
101
101
100
102
102
103
104
103
104
104
105
103
102
101
101
100
101
102
102
101
101
101
100
100
81
92
91
91
91
92
91
92
93
93
94
95
95
95
95
95
97
96
96
96
96
96
95
98
101
100
97
99
114
154
166
150
139
126
108
77
76
100
99
100
100
101
100
101
102
103
103
104
105
105
106
104
102
101
103
102
101
102
102
101
102
102
102
100
79
91
91
91
91
92
92
92
93
93
94
94
94
95
95
94
97
96
96
96
97
97
97
98
98
99
97
100
118
152
166
154
144
125
111
79
72
99
100
101
101
100
99
102
102
103
103
103
103
103
105
103
102
102
102
101
100
100
102
102
101
100
101
99
80
91
92
92
91
92
92
92
93
93
94
94
95
95
94
94
96
96
96
97
97
96
97
98
98
99
98
100
115
152
169
157
142
127
110
79
73
98
100
102
100
99
99
103
103
104
105
103
103
104
104
104
104
103
102
100
101
101
101
101
100
100
100
100
78
92
93
93
92
92
92
93
94
94
94
94
94
93
93
94
96
96
96
97
97
96
97
97
99
98
98
101
115
149
170
158
144
129
113
78
76
98
100
102
101
100
100
102
102
105
107
104
105
105
105
107
104
103
101
100
100
101
101
101
101
101
100
100
77
93
94
92
92
92
91
94
94
93
94
94
92
92
92
95
95
95
96
95
96
96
97
99
99
98
99
103
114
159
172
157
147
131
111
76
78
98
100
103
103
99
99
101
102
106
106
105
105
104
106
105
102
101
99
100
100
101
102
101
102
101
101
101
77
94
93
92
93
93
92
92
94
93
94
94
94
93
93
95
95
95
96
94
95
96
97
98
98
98
98
100
111
155
170
157
150
133
108
76
79
97
100
103
101
99
100
101
104
106
106
105
105
104
104
104
102
102
100
100
100
101
102
101
101
101
101
101
78
92
93
93
94
95
94
93
93
95
95
94
94
94
94
94
95
96
96
93
93
98
97
97
97
99
98
99
111
160
175
157
148
132
109
77
77
98
99
99
100
101
102
102
103
105
104
104
104
103
103
102
102
102
100
100
102
101
100
100
102
101
101
100
80
87
93
94
93
94
94
93
94
94
94
95
95
94
95
95
95
96
95
95
97
99
97
97
98
98
100
100
110
156
177
160
151
137
115
80
75
97
98
100
100
101
102
102
103
104
104
105
104
103
102
101
100
100
100
100
101
101
101
101
101
101
101
100
78
87
95
95
93
93
94
94
96
97
95
94
95
95
96
95
96
97
96
96
96
97
97
98
99
99
103
105
112
154
174
158
151
139
117
86
77
89
99
99
100
101
101
102
103
105
105
104
104
103
102
101
100
96
101
101
101
102
102
101
100
100
100
100
78
89
95
94
94
95
95
97
108
111
102
90
94
97
96
96
96
98
97
100
103
99
100
101
104
105
107
109
119
150
166
158
149
138
119
92
87
76
97
99
100
99
101
102
102
104
104
104
103
103
102
101
101
101
101
100
101
101
101
100
100
99
99
99
86
94
98
102
105
104
103
115
132
128
112
93
95
101
102
103
104
104
107
114
113
107
107
108
109
111
119
124
130
155
170
162
153
140
119
94
92
75
96
99
99
99
101
101
104
105
104
103
103
103
101
100
101
102
101
100
102
101
100
100
100
99
99
98
103
108
123
133
140
140
135
149
163
153
145
129
119
120
127
127
126
125
129
133
137
130
131
122
124
129
138
139
140
160
179
162
155
137
117
88
84
80
98
100
100
100
101
102
105
105
105
104
103
104
102
102
102
101
101
100
101
101
100
101
100
99
99
98
130
139
154
156
157
163
167
169
173
163
161
152
151
149
149
154
152
153
156
157
167
161
166
156
154
154
163
169
175
182
178
163
155
135
113
84
77
94
99
100
100
100
101
101
104
104
104
104
104
104
103
102
101
101
102
101
101
101
101
100
100
98
99
98
140
153
166
162
164
169
173
170
165
172
173
169
167
164
164
167
164
161
168
169
179
178
172
169
173
175
171
176
185
187
176
163
152
135
113
80
71
94
99
101
100
100
100
102
103
104
105
104
104
103
101
101
102
102
102
101
100
101
99
100
100
99
98
98
147
159
164
160
166
160
161
164
161
159
159
169
166
173
163
171
163
169
171
169
176
180
170
167
177
179
173
178
187
181
176
162
153
136
114
80
69
96
100
99
100
100
101
103
103
105
106
105
104
103
102
102
100
102
102
101
101
101
100
100
100
98
98
97
138
145
152
154
149
146
149
148
148
151
148
147
147
152
143
158
149
156
160
161
166
160
155
160
165
165
164
165
177
173
172
163
147
134
111
81
68
96
98
99
99
99
100
103
105
107
105
104
104
103
102
101
101
102
101
100
100
100
100
100
101
99
98
97
136
128
133
141
141
137
140
140
142
141
136
135
138
141
134
147
136
147
150
151
152
149
148
147
149
150
153
155
161
164
163
160
145
131
111
80
66
94
98
99
100
99
101
102
104
105
105
103
103
102
102
103
101
101
100
100
100
100
100
100
100
100
99
98
108
98
103
107
108
105
108
109
110
107
109
111
110
113
113
112
114
122
123
121
119
119
122
119
120
122
126
128
133
140
152
151
142
132
113
80
64
92
98
98
99
99
100
101
103
105
105
102
102
102
103
102
101
101
101
100
100
99
99
99
100
99
99
98
94
93
93
93
94
94
94
94
95
95
96
96
96
97
98
98
99
99
99
99
99
101
101
102
102
103
105
107
112
133
153
146
138
131
114
81
65
93
98
100
99
99
100
100
102
104
104
102
101
102
101
100
100
101
100
100
100
99
97
97
99
98
97
97
92
93
93
94
95
95
95
94
96
96
97
96
96
96
97
98
99
99
98
99
100
100
101
101
100
100
102
103
107
136
150
141
136
126
115
82
66
91
98
100
100
99
98
99
102
104
103
102
101
102
102
100
100
101
100
100
100
100
98
98
98
99
98
98
94
94
93
93
94
94
94
94
95
95
96
96
96
96
97
98
99
98
99
98
99
100
100
99
99
100
100
101
105
138
152
139
136
126
113
83
66
88
99
99
99
98
98
99
102
104
103
102
102
102
101
100
100
99
100
100
101
100
99
98
98
98
99
98
92
95
93
94
94
94
94
94
94
94
96
95
95
96
96
97
98
98
97
97
98
98
97
98
98
99
99
100
105
137
154
142
135
127
113
84
66
87
97
100
100
99
99
100
103
103
103
103
101
101
100
100
99
98
100
100
100
99
99
99
98
97
98
98
92
96
94
95
94
93
93
94
94
94
95
96
96
97
96
98
98
97
96
97
97
97
96
97
98
99
98
99
105
134
156
144
132
124
112
84
65
87
96
100
101
99
100
101
103
104
104
103
101
101
100
100
99
99
100
100
100
100
99
99
99
98
98
98
92
94
94
102
98
93
93
93
94
93
94
94
94
96
95
96
96
97
96
96
96
97
97
96
98
98
98
100
105
139
157
141
132
124
113
85
67
86
97
99
100
102
100
101
104
106
104
101
102
101
101
99
99
99
100
100
100
100
99
99
99
98
98
97
93
92
93
98
97
94
94
93
93
93
94
94
92
94
94
94
96
97
97
97
96
96
97
96
98
99
99
99
107
140
155
144
133
127
113
84
67
88
99
99
101
102
101
102
104
106
104
101
101
102
100
99
99
99
100
100
99
100
100
99
99
99
98
98
93
93
92
96
95
93
94
93
93
94
94
94
92
94
95
96
97
96
97
97
97
96
96
97
98
99
101
101
110
138
154
142
134
125
111
82
66
90
99
98
101
102
101
102
103
105
105
102
100
101
100
100
100
100
100
100
100
100
100
99
99
99
98
98
93
93
93
93
93
93
94
94
93
92
92
94
93
95
96
96
95
95
96
96
96
95
96
97
97
99
101
103
110
135
151
146
133
123
111
82
65
91
98
98
101
101
102
100
101
103
104
103
101
100
101
100
101
100
100
99
98
99
99
99
99
98
98
97
94
94
93
93
92
93
94
93
92
92
92
93
91
94
97
96
95
95
96
96
95
95
96
97
97
99
102
103
112
136
149
154
138
124
110
83
64
91
97
99
99
100
101
99
100
101
101
102
101
99
101
99
100
99
99
99
100
100
99
100
98
99
98
97
93
93
93
93
92
93
93
92
93
94
94
93
93
94
95
93
95
95
97
96
96
95
97
97
98
101
101
103
114
134
149
157
140
123
108
83
63
86
97
99
99
98
99
99
99
99
101
100
100
100
100
99
99
99
99
99
101
100
98
100
99
99
99
97
92
93
92
93
92
91
91
92
93
94
95
94
93
93
93
94
95
94
95
96
95
96
97
98
99
101
102
105
116
135
148
157
141
122
109
85
65
85
97
99
99
99
98
99
99
99
100
100
99
101
100
100
99
99
99
99
100
99
98
100
99
99
99
99
92
93
92
92
92
91
93
93
94
95
94
95
94
93
93
95
95
96
96
95
96
98
98
97
99
100
102
107
120
131
141
155
140
128
111
86
67
81
94
99
99
99
99
99
99
98
99
101
99
100
100
101
99
99
99
99
99
99
98
99
99
99
98
98
94
93
93
93
92
91
93
95
95
94
93
95
95
94
94
94
95
97
97
96
96
97
98
100
99
101
104
110
125
128
138
151
141
132
116
88
70
75
90
98
99
99
99
98
99
99
100
101
99
98
99
100
100
100
99
100
99
99
98
99
100
98
98
97
96
94
93
93
94
91
92
95
95
94
93
96
95
94
95
96
96
98
96
96
97
96
98
100
100
101
104
112
127
126
137
152
142
133
116
88
68
73
90
98
100
98
99
99
99
98
99
99
98
99
100
99
99
100
99
99
98
99
98
99
99
98
98
98
93
94
93
94
94
91
92
94
95
95
94
94
94
95
96
97
97
97
95
98
96
96
97
100
100
102
103
109
123
126
137
152
140
131
113
88
65
78
95
98
98
98
99
101
100
99
100
99
98
99
99
99
100
99
100
99
99
99
99
100
99
97
98
97
94
93
94
94
94
92
93
94
94
95
94
94
96
95
97
98
98
96
96
96
95
95
97
98
98
100
101
105
118
123
141
156
143
132
110
86
64
80
96
98
98
97
99
102
101
100
99
98
98
100
99
99
99
99
99
98
99
99
98
100
98
97
98
98
92
93
94
93
94
94
93
94
95
95
94
95
95
95
97
98
97
97
97
94
95
95
96
96
99
99
100
102
114
123
144
160
147
131
111
86
63
80
95
97
98
98
100
102
101
99
98
99
99
98
99
98
99
98
98
98
98
98
99
99
98
98
99
98
89
93
93
88
94
94
95
93
94
93
94
95
96
96
96
98
98
97
96
96
97
96
97
97
99
98
100
101
110
122
144
159
143
132
116
89
65
81
97
98
99
99
100
100
100
98
98
98
98
100
98
97
99
98
99
99
98
98
98
99
98
99
99
98
91
94
93
91
94
94
94
93
94
94
93
94
96
96
95
100
100
97
96
97
99
98
98
99
98
99
102
101
106
121
148
161
148
136
117
88
65
81
98
98
99
98
99
100
100
98
98
98
98
99
97
98
98
99
99
99
98
99
98
98
99
99
99
99
92
94
93
94
94
94
93
92
95
95
95
95
95
97
98
102
100
97
98
100
100
100
99
99
98
103
103
101
106
119
155
171
158
146
118
90
66
79
98
99
97
97
99
99
99
97
97
99
98
99
96
98
97
98
99
99
97
97
98
98
99
99
100
99
92
95
93
94
94
93
93
93
94
95
96
95
95
97
100
103
100
99
103
102
103
104
103
100
99
103
102
102
106
121
161
173
158
146
123
95
69
80
97
100
98
97
98
98
99
98
97
98
98
97
97
97
97
97
98
98
97
96
98
98
99
98
99
100
