-378
-223
-179
-83
-134
-216
-434
-362
-303
-35
-348
-365
-124
-41
-55
-227
-375
-376
-191
-207
-293
-266
-454
-312
-167
-147
-292
-132
-232
-181
-210
-201
-436
-286
-381
-340
-372
-236
-172
-305
-496
-347
-518
-523
-536
-342
-397
-328
-201
-229
-265
-277
-281
-239
-450
-640
-442
-153
-382
-320
-375
-222
-339
-286
-326
-259
-319
-287
-299
-321
-269
-292
-323
-196
-361
-166
-262
-384
-337
-88
-49
-231
-267
-106
-134
-169
-237
-238
-495
-278
-385
-385
-461
-279
-328
-282
-220
-90
-353
-387
-354
-330
-376
-355
-495
-421
-414
-522
-565
-430
-174
-265
-342
-362
-474
-619
-332
-169
-326
-553
-221
-93
-261
-167
-476
-589
-525
-189
-225
-271
-524
-181
-241
-294
-319
37
-313
-395
-239
-213
-283
-348
-286
-86
-83
-174
-182
-140
-269
-128
-449
-553
-562
-347
-351
-384
-495
-346
-421
-338
-369
-317
-320
-449
-415
-236
-449
-308
-333
-399
-268
-232
-442
-190
-278
-294
-398
-177
-307
-452
-232
-414
-371
-248
-114
-352
-358
-297
-171
-354
-359
-382
-240
-418
-227
-83
-375
-609
-424
-241
-390
-495
-466
-132
-156
-221
-108
-279
-343
-21
-171
-376
-423
-486
-378
-344
-506
-396
-253
-347
-335
-349
-232
-204
29
-70
-280
-291
-192
-221
-447
-523
-609
-309
-245
-199
-273
-390
-298
-285
-463
-524
-374
-305
-120
-31
-254
-228
-325
-514
-471
-256
-415
-456
-367
-444
-350
-243
-108
-16
-123
-458
-497
-163
-215
-175
-328
-295
-158
-222
-236
-234
-349
-509
-473
-386
-399
-274
-74
-268
-294
-271
-419
-34
-94
-129
-194
-492
-563
-510
-451
-486
-279
-362
-468
-247
-159
-254
-300
-537
-150
-211
-492
-433
-215
63
-120
-47
-167
-460
-438
-380
-150
-75
-303
-411
-414
-280
-123
-234
-250
-177
-174
-331
-216
-357
-377
-488
-505
-477
-261
-265
-66
-161
-241
-361
-402
-176
-264
-189
-286
-340
-274
-258
-221
-194
-228
-368
-395
-551
-385
-295
-353
-234
-359
-495
-368
-275
-328
-386
19
-182
-534
-544
-221
-208
-114
-163
-168
-162
-341
-361
-384
-51
-81
-172
-252
-453
-253
-349
-1
-114
-258
-399
-78
-299
-379
-368
-275
-361
-481
-296
-311
-223
-263
-448
-226
-68
-128
-468
-373
-115
-271
-91
-472
-205
-73
-242
-354
-367
-150
-312
-212
-398
-231
-429
-428
-506
-545
-517
9
6
-338
-281
-252
-245
-242
-272
-445
-277
-270
-545
-552
-294
-553
-316
-402
-322
-399
-187
-162
-63
-259
-426
-244
-359
-467
-308
-158
-205
-445
-336
-316
-383
-341
-451
-122
-3
-147
-223
-271
-222
-165
-93
-294
-213
-159
53
-336
-368
-326
-53
-139
-346
-439
-513
-272
-291
-326
-258
-92
-261
-429
-352
-214
-381
-174
-456
-539
-380
-262
-277
-444
-358
-459
-408
-364
-355
-297
-186
-336
-169
-230
-140
-380
-348
-168
-311
-293
-386
-401
-360
-304
-155
-176
-455
-283
-252
-187
-347
-262
-202
-132
-348
-378
-174
-227
-343
-213
-337
-426
-212
-88
-288
-439
-382
-518
-233
-116
-201
-163
-97
-242
-209
-271
-235
-145
-550
-472
-432
-112
-74
-297
-317
-272
-186
-277
-191
-208
-497
-559
-220
-200
-529
-352
-204
-240
-246
-433
-371
-466
-547
-715
-488
-458
-46
-146
-572
-430
-380
-27
-121
-242
-194
-306
-246
-296
-336
-273
-452
-453
-216
-199
-179
-176
-395
-499
-337
-35
-313
-349
-65
-93
-269
-377
-70
-315
-326
-268
-468
-259
-222
-229
-307
-514
-138
-296
-250
-33
-235
-404
-315
-260
-402
-509
-309
-283
-500
-355
-300
-240
-430
-736
-632
-457
-238
-487
-300
-572
-407
-4
-10
-156
-380
-362
-119
-462
-270
-345
-359
-339
-357
-377
-417
-346
-157
-158
-293
-241
-285
-374
-262
-333
-306
-288
-252
-384
-188
-281
-150
-333
-315
-194
-531
-420
-279
-359
-250
-248
-312
-327
-283
-164
-204
-374
-332
-226
-472
-546
-270
-83
-266
-640
-590
-201
-469
-423
-229
-272
-442
-431
-83
-147
-402
-175
-367
-337
-375
-142
-182
-194
-445
-422
-409
-237
-164
-268
-511
-312
-144
-310
-312
-146
17
-68
-394
-398
-81
-258
-279
-224
-358
-268
-249
-195
-378
-377
-568
-222
-169
-315
-295
-238
-424
-518
-353
-345
-303
-236
-406
-382
-211
-303
-389
-353
-322
-257
-92
-323
-418
-388
-319
-176
-252
-286
-198
-16
-184
-220
-231
-397
-267
-173
2
-321
-354
-384
-302
-359
-221
-362
-428
-181
-6
37
-392
-495
-244
-295
-224
-321
-314
-306
-286
-320
-310
-454
-706
-537
-154
-164
-181
-320
-420
-576
-327
-280
-133
-379
-226
-228
-136
-314
-466
-470
-277
-91
-62
-161
-259
-438
-413
-181
-128
-181
-167
-338
-397
-269
-367
-451
-293
-258
-299
-242
-299
-534
-283
-360
-376
-352
-352
-222
-215
-317
-260
-232
-231
-195
-331
-478
-390
-421
-368
-157
-74
-240
-288
-424
-486
-186
0
-109
-174
-243
-365
-187
-15
-172
-133
-280
-303
-409
-327
-330
-247
-364
-493
-361
-265
-102
-279
-320
-355
-321
-347
-464
-372
-217
-289
-386
-451
-577
-428
-380
-395
-582
-414
-260
-260
