-406
-258
-316
-320
-145
-283
-84
-399
-54
-289
-153
-228
-369
-165
-516
-184
-371
-353
-349
-170
-41
-234
-238
-193
-263
-187
-259
-390
-427
-327
-348
-467
-188
-377
-377
-203
-184
-36
-357
-390
-37
-556
-282
-297
-172
-454
-166
-385
-547
-352
-277
-217
-204
-499
-328
-250
-152
-362
-95
-509
-425
-182
-221
-355
-310
-619
-417
-380
-210
-73
-604
-192
-348
-297
-242
-326
-266
-281
-189
-405
-276
-229
-130
-115
98
-230
-454
-217
-44
-161
-517
-489
-327
-223
-252
-251
-482
-515
-244
-285
-344
-376
-232
-437
-400
-441
-403
-325
-538
-382
-326
-120
-357
-152
-368
-100
-455
-196
-282
-441
-153
-343
-193
-513
-55
-386
-256
-394
-157
-459
-109
-445
-92
-296
-22
-410
-135
-384
-323
-570
-444
-298
-345
-342
-220
-270
-188
-385
9
-149
-325
-217
-337
-482
-236
-369
-408
-546
-328
-238
-289
-449
-258
-142
-299
-142
215
-94
-291
-16
-253
-466
-457
-534
-146
-299
-75
-84
-297
-207
-545
-323
-478
-347
-496
-40
-356
-228
-415
-368
-348
-324
-483
-393
-454
-240
-226
-343
-98
-141
-97
-162
-426
-508
-272
-20
-207
-269
-4
-265
-141
-257
-427
-576
-341
-368
-162
-214
-169
-166
-387
-196
-378
-84
-406
-194
-165
-412
-664
-471
-97
-277
-345
-616
-295
-252
-329
-149
-472
-551
-182
54
-304
-109
-318
-153
-89
-307
-117
-244
-283
-394
-247
-292
-306
-240
-148
-284
-233
-186
-300
-321
-201
-437
-259
-543
-121
-451
-368
-316
-58
-299
-65
-245
-357
-249
-299
-134
-166
54
-281
-499
-67
-329
9
-37
-470
-246
-306
-327
-349
-273
-475
-196
-191
-193
-329
-154
-276
-174
-157
-323
-286
-346
-241
-368
-46
-294
-225
-63
-249
-79
-366
-251
51
-129
-64
-225
-232
-363
-230
-322
-414
22
-82
-338
-261
-393
-283
-210
-284
82
-175
-236
-413
-311
-110
-332
2
-366
-244
-239
-443
-199
-350
-87
-153
-334
-331
-302
-319
-413
104
-449
-223
-222
-377
-408
-509
-632
-123
-203
-258
-141
-217
-53
-413
-187
-153
-154
-333
-439
-264
-285
-357
-345
-321
-62
-495
-71
-490
161
-361
-131
-402
-227
-417
-256
-362
-321
-329
-243
-208
-475
-425
-263
-161
-126
-239
-145
-31
-348
-159
-401
-47
-333
-200
-114
-203
-316
-315
3
53
-228
-511
-123
-391
-436
-405
-102
-142
-417
-97
-434
-205
-493
-392
-430
-169
-184
-603
-204
-451
-442
-166
-619
-454
-296
-77
-234
-233
-195
-228
19
-259
-393
-243
-338
-172
-450
-199
-11
-216
-103
-322
-276
-397
-129
-119
-525
-124
-278
-200
-391
-195
-427
-90
-560
-261
-346
-191
-346
-195
-229
-322
-190
-466
-272
-234
-7
-157
-385
-194
-315
-158
5
-471
-266
-317
-229
-259
-261
-113
-121
-272
-160
-330
-104
-173
-462
-338
-489
-51
-354
-160
-252
-447
-163
-367
-235
-420
-182
-523
-368
-350
-74
-49
-161
-387
-487
-367
-84
-167
-159
-75
-358
-219
-57
-218
-191
-387
-332
-330
-148
-132
-613
-275
-233
-150
-371
-260
-290
-144
-367
-338
-187
-378
-49
-415
-362
-407
-304
-160
-55
-366
-217
-71
-281
-137
-118
-255
-503
-477
-167
-429
-142
-291
-640
-232
-182
-580
-558
-377
-506
-322
-561
-372
-165
-505
-303
-440
-69
-72
-326
-345
-226
-327
-347
-437
-124
-376
-488
-14
-275
-426
-285
-176
-198
-360
-416
-399
-239
-464
-375
-504
-512
-158
-155
-460
-417
-415
-61
-156
-365
-235
-533
-296
-222
-326
-313
-333
-273
-214
-195
-249
-332
-329
-364
-412
-20
-280
-364
-136
-461
-317
-581
17
-627
-191
-185
-351
-161
-84
-55
-171
-667
-64
-554
-132
-201
-131
-444
-424
-334
-213
-381
-187
-78
-368
-252
-264
35
-28
-343
-299
-185
-323
-322
-62
-296
-279
-188
-228
-156
-314
-143
-177
-434
-194
-279
-202
-100
-212
-416
-531
-259
-193
-212
-194
-561
-406
-357
-327
-165
-378
-96
-306
-263
-299
-330
16
-506
-328
-246
-517
-167
-164
-179
-329
-33
-384
-137
-288
22
-286
-316
-427
-201
-471
-327
-395
-258
-199
-394
-52
-88
-255
-387
-180
-36
-616
-293
-275
-249
-432
-264
-567
-336
-482
-191
-98
-192
-449
-306
-228
-384
-227
-358
-639
-165
-130
-344
-443
-379
-109
18
-259
-228
15
-435
-258
-346
-285
-162
-6
-41
-111
-236
-556
-421
-223
-332
-45
-213
-228
-309
-373
-382
-142
-293
-555
-271
-135
18
-381
-346
-398
-293
-114
-118
-221
-314
-380
-183
-173
-127
-150
-110
-247
-463
-368
-373
-238
-276
-56
-405
-191
-194
-16
-163
-240
-414
-328
-324
-193
-177
-395
-439
-146
-229
-50
-234
-209
-386
-261
-393
-242
-180
-415
-399
-380
-411
-418
-216
-351
-509
-365
-348
-158
-424
-487
-51
-337
-331
-449
-392
-153
-61
-251
-339
-307
-458
-545
-271
-354
-178
-171
-448
-450
-68
-186
-161
-20
-153
-374
52
-306
-436
-241
-119
-169
-423
-191
-281
-355
-463
-409
-201
-395
-107
-498
-297
-411
-548
-603
-262
-343
-210
-193
-377
-308
-304
-112
-323
-61
-415
-262
-453
-217
-373
