0
54
0
0
0
0
0
92
0
110
0
0
0
0
0
0
188
0
0
204
68
0
0
0
0
0
0
0
0
0
0
0
0
34
0
122
151
0
0
0
0
135
0
192
160
0
0
46
0
0
177
0
0
0
108
74
2
90
0
0
42
29
0
0
0
0
0
128
159
0
0
0
86
0
0
0
0
0
0
0
0
0
0
52
0
0
0
155
74
0
0
0
113
0
0
0
0
0
0
0
64
0
74
0
0
92
183
0
64
49
71
5
64
2
284
24
225
0
78
0
0
0
0
29
0
77
0
12
0
0
0
67
0
49
0
0
0
0
0
0
0
23
67
0
0
0
0
0
0
12
0
290
0
19
0
99
0
16
32
59
0
0
0
104
27
178
0
0
0
0
0
0
0
38
0
96
0
137
0
0
9
0
0
0
0
0
41
0
0
0
0
1
0
0
82
71
48
156
187
102
0
0
0
0
52
0
0
0
12
0
0
0
0
39
0
62
68
25
0
0
0
0
7
0
0
0
0
0
0
123
112
65
0
0
0
55
156
0
0
151
125
0
51
0
0
0
0
0
5
58
0
0
81
0
209
16
0
14
0
0
0
0
0
48
0
0
0
0
0
0
0
16
51
56
10
123
198
0
59
0
0
0
0
170
0
0
0
0
279
90
32
0
0
101
0
0
0
0
0
0
0
0
0
108
0
0
0
0
0
0
219
0
0
53
95
92
72
0
0
0
0
0
9
0
82
0
0
203
57
0
144
0
0
0
0
82
0
272
0
0
0
13
112
0
156
0
20
0
0
124
0
213
0
74
0
326
0
0
0
0
0
0
90
78
173
0
0
0
0
0
0
0
90
0
0
0
151
0
0
0
176
0
0
0
0
0
0
0
0
0
0
196
16
0
1
60
69
0
0
0
0
0
0
67
0
0
0
0
0
0
213
69
68
0
0
0
48
0
74
78
0
0
0
97
0
0
0
276
0
0
57
0
179
29
20
46
0
97
218
0
0
0
95
0
0
0
0
89
0
0
126
209
0
0
23
0
0
0
0
0
0
0
0
0
0
0
0
0
0
186
6
0
0
0
141
0
0
19
98
1
0
0
0
30
43
0
0
0
161
155
0
57
0
88
0
0
197
13
0
0
0
68
0
70
0
0
69
0
108
0
55
0
0
0
135
16
155
0
0
0
13
52
33
0
0
1
0
0
29
0
0
0
31
0
0
41
0
85
0
0
0
0
0
0
0
0
171
0
0
0
0
56
7
0
0
0
0
0
50
87
0
0
125
0
63
11
0
0
7
243
0
212
188
216
0
0
97
0
19
0
19
0
0
0
33
0
96
0
30
0
27
0
0
0
0
0
149
0
0
0
0
0
0
0
0
0
0
0
0
0
87
67
13
0
0
4
0
0
0
0
0
39
0
130
15
0
0
36
6
0
0
27
0
64
0
126
0
189
0
0
0
0
32
0
0
2
0
99
0
114
0
41
0
27
0
0
0
0
0
0
34
210
0
0
0
29
0
0
0
0
52
0
141
22
0
131
0
0
0
116
0
6
0
0
0
156
163
0
0
76
0
0
167
102
196
0
8
0
103
108
0
70
0
0
40
0
93
0
0
0
18
0
225
6
0
0
119
0
0
0
0
0
0
0
0
0
0
81
7
0
0
0
23
0
0
0
15
20
116
1
124
0
0
0
225
6
0
0
0
0
52
0
0
205
108
109
0
0
0
0
0
0
0
75
0
0
0
0
0
0
43
88
0
0
0
0
0
0
79
0
0
104
140
0
0
0
206
134
0
0
0
0
36
24
124
86
214
98
0
0
0
0
38
162
0
0
0
18
0
0
0
0
0
202
170
0
0
0
0
131
32
0
0
0
0
117
0
0
0
0
0
10
63
0
0
42
0
193
175
4
0
2
63
0
0
0
114
0
0
0
0
88
0
0
45
0
0
0
55
0
0
0
0
0
0
0
0
0
0
0
86
0
0
18
0
0
135
88
171
0
0
0
0
0
6
37
149
0
0
0
31
312
83
280
59
0
0
155
0
155
