0
158
0
173
46
141
105
27
71
12
0
399
101
207
0
192
0
189
0
0
44
0
2
317
65
73
32
212
0
214
82
0
51
132
0
141
0
265
0
0
208
47
55
48
0
117
0
171
0
0
0
75
175
27
0
18
306
52
1
33
25
82
0
157
0
0
0
68
0
223
0
199
0
198
0
274
0
126
151
57
47
15
246
29
149
130
147
0
0
322
0
0
0
258
0
312
0
44
0
264
0
145
0
105
0
166
0
105
0
172
0
0
0
35
0
215
0
58
0
156
198
6
176
21
1
108
199
60
15
20
129
160
38
52
357
66
0
272
203
0
0
0
0
161
0
219
81
20
129
248
106
0
127
0
73
0
202
0
0
74
108
14
42
0
237
0
112
357
35
159
75
21
42
156
0
59
100
129
0
132
0
0
176
130
8
133
117
208
0
9
127
0
47
0
156
0
0
49
158
22
69
218
114
183
0
164
39
0
174
90
168
40
227
0
101
0
77
251
21
81
89
163
51
275
26
0
0
132
11
0
15
118
179
64
0
59
0
109
37
0
0
289
110
237
116
48
44
122
0
0
252
69
0
189
0
0
245
159
193
31
0
26
371
30
16
0
73
89
188
0
140
50
102
33
14
2
0
223
0
137
234
0
139
107
9
266
0
31
0
0
0
121
197
0
91
196
75
145
66
17
95
0
0
63
199
8
57
143
0
98
61
167
127
0
0
52
91
97
131
0
309
108
0
109
155
0
141
0
94
141
0
155
163
164
71
0
116
0
28
5
80
144
0
4
0
160
12
59
127
0
364
0
228
0
110
0
194
0
121
0
17
12
0
234
0
67
34
3
102
65
11
59
0
227
0
208
0
188
52
221
82
0
0
139
126
0
286
156
148
61
0
45
0
182
0
20
188
39
0
0
320
19
170
98
0
361
0
172
72
191
0
0
136
82
144
0
120
73
0
220
169
0
148
58
120
0
141
0
0
201
0
83
0
0
0
189
0
122
0
208
0
96
0
284
108
0
209
77
215
0
94
96
0
186
77
26
256
0
205
19
147
47
214
48
119
142
196
0
0
82
3
102
0
135
0
160
150
21
75
44
133
0
132
66
128
132
102
0
118
71
132
0
152
92
11
235
0
55
90
18
69
0
36
0
73
313
0
11
0
46
15
68
6
191
0
56
207
0
216
0
150
0
54
0
230
61
0
191
114
52
80
165
0
0
241
0
18
140
0
59
263
91
139
89
0
195
0
69
190
8
194
0
0
157
21
100
0
148
12
0
272
141
0
64
176
98
63
0
30
78
73
0
0
19
22
184
0
149
171
174
69
0
112
115
0
171
0
105
0
80
206
94
43
128
103
0
93
180
126
0
178
203
0
246
80
153
0
466
0
98
0
0
87
0
73
164
0
356
0
80
116
124
27
0
68
101
0
32
130
19
163
0
92
182
151
0
114
66
0
300
8
6
7
73
371
0
88
114
33
32
178
0
11
0
234
93
85
84
91
107
28
60
186
219
158
0
124
111
94
192
0
90
0
1
358
0
172
0
98
0
245
20
238
0
82
84
0
0
232
0
11
0
0
283
0
0
202
118
0
0
175
0
0
59
160
0
203
0
193
0
19
83
102
200
72
85
0
117
218
52
0
47
207
104
17
0
310
41
0
318
0
124
80
101
11
0
0
9
150
0
0
209
0
62
0
82
0
288
0
132
192
91
26
0
16
76
199
31
0
155
114
92
121
1
134
226
217
87
51
0
0
196
112
92
0
287
34
207
0
150
17
109
84
118
0
0
53
29
0
268
51
143
0
0
15
118
0
40
232
51
7
60
0
0
146
213
98
97
0
271
192
0
0
0
3
199
75
31
44
0
88
95
138
0
67
0
0
241
174
7
46
12
0
122
160
0
0
25
0
46
0
170
0
113
20
227
36
73
0
0
86
32
0
92
31
21
87
174
0
208
192
146
82
246
0
221
58
109
0
257
0
37
83
197
45
103
0
66
0
254
32
150
55
66
0
63
0
309
0
65
39
0
27
18
44
0
89
69
67
0
