-146
54
-67
-365
-77
-95
-79
92
-165
110
-193
-265
-126
-394
-266
-341
188
-218
-32
204
68
-68
-99
-21
-67
-182
-307
-296
-93
-148
-154
-148
-43
34
-42
122
151
-85
-70
-120
-72
135
-89
192
160
-116
-66
46
-201
-89
177
-13
-229
-38
108
74
2
90
-187
-49
42
29
-121
-115
-87
-191
-53
128
159
-247
-189
-59
86
-324
-47
-82
-230
-44
-56
-290
-247
-7
-120
52
-268
-296
-266
155
74
-163
-128
-18
113
-35
-56
-298
-284
-175
-27
-50
64
-267
74
-13
-191
92
183
-145
64
49
71
5
64
2
284
24
225
-214
78
-88
-94
-216
-442
29
-33
77
-108
12
-205
-28
-171
67
-248
49
-377
-99
-266
-302
-235
-72
-178
23
67
-231
-94
-250
-114
-104
-271
12
-60
290
-27
19
-80
99
-242
16
32
59
-139
-1
-17
104
27
178
-5
-94
-133
-82
-83
-371
-194
38
-1
96
-95
137
-80
-47
9
-268
-10
-192
-148
-169
41
-362
-117
-168
-16
1
-144
-104
82
71
48
156
187
102
-14
-148
-260
-124
52
-57
-17
-62
12
-45
-141
-253
-312
39
-5
62
68
25
-26
-127
-187
-141
7
-404
-61
-190
-136
-227
-192
123
112
65
-124
-38
-21
55
156
-165
-73
151
125
-20
51
-321
-138
-164
-171
-35
5
58
-129
-21
81
-26
209
16
-165
14
-236
-336
-216
-98
-149
48
-347
-63
-132
-59
-233
-106
-179
16
51
56
10
123
198
-31
59
-178
-179
-103
-161
170
-240
-290
-163
-76
279
90
32
-69
-14
101
-30
-206
-174
-78
-33
-183
-64
-26
-113
108
-78
-153
-257
-103
-19
-14
219
-100
-200
53
95
92
72
-144
-205
-111
-407
-86
9
-209
82
-87
-140
203
57
-32
144
-29
-166
-425
-101
82
-21
272
-124
-77
-138
13
112
-137
156
-8
20
-101
-129
124
-77
213
-58
74
-168
326
-185
-174
-204
-114
-118
-145
90
78
173
-166
-170
-132
-14
-56
-202
-115
90
-147
-141
-295
151
-34
-83
-342
176
-202
-71
-171
-41
-207
-116
-246
-66
-209
-6
196
16
-233
1
60
69
-77
-63
-40
-21
-47
-429
67
-42
-175
-75
-108
-20
-236
213
69
68
-227
-164
-40
48
-132
74
78
-244
-371
-247
97
-327
-88
-145
276
-2
-86
57
-25
179
29
20
46
-43
97
218
-9
-175
-103
95
-11
-9
-275
-74
89
-320
-75
126
209
-86
-118
23
-183
-141
-57
-310
-213
-115
-85
-285
-197
-393
-7
-338
-174
-229
186
6
-105
-18
-99
141
-88
-170
19
98
1
-233
-19
-26
30
43
-80
-108
-132
161
155
-170
57
-14
88
-48
-115
197
13
-178
-181
-151
68
-130
70
-274
-148
69
-197
108
-69
55
-91
-65
-183
135
16
155
-186
-407
-48
13
52
33
-88
-65
1
-43
-117
29
-117
-228
-115
31
-31
-165
41
-11
85
-56
-255
-119
-182
-183
-144
-92
-120
171
-39
-31
-156
-68
56
7
-55
-10
-9
-17
-117
50
87
-205
-104
125
-156
63
11
-274
-231
7
243
-203
212
188
216
-130
-105
97
-220
19
-165
19
-30
-169
-131
33
-126
96
-41
30
-35
27
-105
-173
-164
-257
-62
149
-81
-336
-30
-13
-395
-294
-475
-192
-63
-51
-316
-14
-203
87
67
13
-50
-213
4
-26
-227
-102
-347
-50
39
-111
130
15
-164
-24
36
6
-52
-10
27
-97
64
-44
126
-305
189
-40
-9
-91
-227
32
-69
-362
2
-311
99
-32
114
-187
41
-84
27
-4
-65
-232
-60
-126
-279
34
210
-206
-277
-174
29
-277
-37
-109
-116
52
-73
141
22
-32
131
-251
-47
-120
116
-106
6
-242
-360
-199
156
163
-59
-10
76
-106
-61
167
102
196
-120
8
-106
103
108
-88
70
-297
-99
40
-37
93
-22
-191
-47
18
-240
225
6
-102
-319
119
-155
-109
-4
-93
-207
-172
-89
-100
-99
-240
81
7
-275
-100
-148
23
-206
-1
-183
15
20
116
1
124
-215
-61
-7
225
6
-225
-211
-28
-170
52
-124
-182
205
108
109
-51
-113
-58
-118
-55
-96
-104
75
-86
-198
-272
-389
-235
-91
43
88
-119
-153
-269
-183
-119
-70
79
-192
-202
104
140
-264
-235
-232
206
134
-29
-11
-193
-136
36
24
124
86
214
98
-31
-155
-260
-5
38
162
-56
-13
-67
18
-88
-20
-10
-140
-118
202
170
-149
-242
-195
-125
131
32
-29
-123
-82
-180
117
-39
-155
-44
-94
-150
10
63
-197
-111
42
-87
193
175
4
-63
2
63
-394
-164
-62
114
-39
-146
-5
-52
88
-22
-32
45
-152
-243
-231
55
-23
-27
-259
-261
-282
-54
-153
-80
-411
-135
-76
86
-258
-51
18
-224
-115
135
88
171
-290
-109
-344
-125
-293
6
37
149
-98
-15
-193
31
312
83
280
59
-28
-12
155
-171
155
