225
16
186
25
31
58
125
239
246
63
85
10
152
135
74
57
62
184
158
59
148
146
75
56
193
110
195
4
78
61
160
126
219
109
78
187
172
78
217
65
192
35
134
55
202
251
230
246
94
101
200
100
16
55
102
46
156
228
131
182
197
158
171
37
205
214
188
35
215
67
30
77
94
207
35
45
254
87
104
43
243
0
243
189
18
22
100
170
195
13
59
133
239
79
198
10
222
155
114
147
143
119
203
31
132
17
170
238
48
189
156
91
223
172
96
175
251
104
105
155
101
123
210
228
1
57
176
241
254
170
114
45
183
142
237
254
154
37
169
131
225
5
250
89
143
81
130
131
149
151
28
113
0
36
35
171
101
29
181
91
177
213
245
167
186
10
193
144
219
108
177
63
244
112
130
219
252
82
253
209
255
104
38
90
205
52
227
98
217
30
208
246
211
101
14
188
103
102
112
249
137
93
87
203
131
105
18
199
28
39
236
210
55
229
205
127
211
50
122
73
78
166
6
18
82
232
71
192
221
219
56
236
211
182
138
128
133
185
63
143
61
3
32
36
137
66
192
246
228
59
52
150
44
0
222
48
227
139
229
217
180
119
128
25
215
117
148
192
115
215
196
224
73
37
187
214
10
9
141
200
248
31
95
23
65
170
61
40
67
64
57
251
175
246
112
119
138
49
73
170
194
54
181
11
67
113
212
247
174
125
92
198
244
176
116
21
233
188
136
223
105
44
156
25
167
76
55
28
95
95
73
252
154
40
184
92
167
238
25
73
93
78
127
249
47
145
160
218
104
205
73
224
24
163
58
57
49
199
199
68
199
15
21
76
134
247
35
10
65
33
189
129
175
210
205
165
40
112
203
88
56
47
147
226
76
20
45
224
220
171
53
62
61
33
138
72
142
134
52
2
30
107
141
143
44
249
67
25
183
18
0
242
97
234
186
110
131
116
106
9
94
109
109
192
25
114
106
175
108
51
231
92
164
3
88
244
103
248
7
172
0
252
46
233
203
224
215
232
112
1
24
87
229
56
60
105
158
75
18
102
251
158
173
4
247
65
126
127
234
4
24
6
233
163
60
194
194
86
108
238
62
245
208
52
208
155
159
142
12
6
120
187
1
159
85
14
249
57
50
27
202
83
54
32
45
235
148
82
205
215
177
24
108
16
61
167
58
211
117
242
47
194
213
42
224
156
251
137
206
196
249
7
73
89
173
1
120
42
143
254
81
149
33
154
84
153
57
33
156
78
149
250
9
57
107
212
56
129
81
171
102
148
47
171
167
123
150
37
139
96
201
207
95
56
72
60
11
108
47
221
148
90
1
90
174
216
122
135
51
109
61
76
220
24
104
142
149
190
142
144
20
160
191
25
142
105
205
119
78
177
238
131
242
22
101
85
20
233
133
215
62
4
61
171
68
73
156
37
48
191
248
45
43
167
113
255
180
3
96
238
204
189
32
41
104
139
248
4
87
192
217
213
0
86
159
64
137
41
118
67
4
234
229
55
237
203
81
59
209
254
47
103
52
253
243
248
239
239
230
7
222
217
198
89
7
103
126
81
223
38
195
178
194
109
172
140
29
136
151
108
128
169
38
238
226
176
185
40
239
170
203
25
247
17
190
219
94
25
83
250
229
52
239
48
120
147
132
106
36
132
249
131
94
225
132
40
202
61
13
217
233
207
80
243
84
157
210
61
72
4
35
209
72
229
125
122
39
152
70
254
214
175
57
116
41
83
218
36
155
201
34
2
119
173
40
152
182
63
54
18
225
88
70
227
24
105
124
195
20
190
53
97
118
236
171
11
74
237
143
217
184
143
96
161
249
47
83
177
167
15
118
251
49
181
166
158
88
115
43
201
50
9
204
102
75
30
194
77
252
234
86
89
34
116
253
169
5
15
13
236
105
3
222
72
243
128
104
87
181
216
241
209
73
7
164
117
198
96
171
205
195
82
233
30
229
174
54
140
144
187
36
32
110
38
139
213
140
130
12
64
72
33
26
171
243
152
127
76
18
56
245
132
167
34
149
103
119
203
207
52
26
12
180
223
176
66
76
38
156
126
158
68
71
2
123
243
181
155
113
82
94
201
152
89
38
10
131
31
242
150
31
173
145
150
188
106
127
127
3
76
124
170
58
183
86
151
230
96
91
226
216
119
226
137
59
238
232
36
151
230
97
114
208
4
241
198
193
11
6
92
138
255
177
193
251
100
83
83
164
137
204
54
30
5
67
38
176
29
197
118
95
19
182
18
165
208
101
103
206
107
221
129
245
48
171
142
242
230
213
44
233
50
102
165
76
176
122
121
103
213
172
204
35
94
