0
0
40
0
36
0
56
12
0
24
0
44
0
40
0
60
20
0
8
0
68
0
24
0
0
56
0
12
0
72
28
0
0
0
124
40
8
0
0
72
8
0
0
120
56
0
28
0
88
4
0
0
136
36
76
8
0
84
0
0
0
4
52
136
0
0
0
32
0
52
4
56
136
0
0
16
0
0
52
8
56
140
0
0
0
0
0
56
8
60
0
28
0
0
0
0
0
0
0
220
156
16
112
36
100
0
0
0
92
16
0
0
0
0
0
0
0
208
176
36
12
40
40
68
60
88
88
116
252
0
0
0
0
0
0
0
0
0
136
36
28
56
56
84
92
120
248
0
0
0
0
0
56
0
36
0
72
12
100
0
0
44
0
24
0
60
20
0
152
0
68
0
40
0
0
40
104
0
0
56
8
4
0
0
112
60
0
0
72
0
4
0
0
124
60
0
8
0
196
16
0
0
124
56
72
4
68
0
0
0
32
0
108
88
0
0
36
0
48
0
0
104
88
0
0
16
32
0
236
0
104
84
0
0
0
44
28
0
0
100
0
40
0
0
0
0
0
0
0
0
0
0
0
0
0
0
0
0
456
284
164
248
152
220
212
88
152
76
180
40
12
24
56
68
60
72
104
116
124
136
168
180
172
184
216
228
236
504
0
0
0
0
0
0
0
0
0
0
0
0
0
0
52
0
24
0
60
16
0
20
0
56
0
28
0
64
16
228
0
0
56
0
28
0
0
52
0
24
0
60
8
0
0
0
144
68
4
0
0
60
0
0
0
132
68
0
8
188
0
0
0
0
132
56
72
0
0
48
16
0
28
0
104
100
0
0
24
0
0
120
0
116
76
0
0
20
28
168
0
0
92
88
0
0
0
56
0
116
0
104
0
24
0
0
0
0
0
0
0
200
168
12
116
24
120
0
0
152
0
28
0
0
0
0
0
0
0
204
180
24
0
4
68
80
48
60
124
136
248
0
0
0
0
0
0
8
0
132
0
16
48
60
60
72
56
132
260
0
0
0
16
60
0
0
40
52
0
0
96
0
60
0
0
36
52
0
0
92
0
56
0
0
36
16
64
0
92
0
56
0
0
0
0
0
132
56
24
12
68
0
0
0
0
136
40
28
20
72
0
0
0
0
120
44
36
24
56
0
0
0
28
0
120
100
0
0
40
0
44
0
0
116
76
0
0
20
28
24
0
0
92
72
0
0
0
40
40
0
0
88
224
292
148
232
152
236
92
160
144
84
164
24
104
28
108
0
0
36
0
40
0
0
0
0
0
0
0
0
0
0
0
0
0
0
0
0
0
0
0
0
0
0
0
0
0
8
0
0
0
0
80
68
68
72
56
124
124
112
144
196
12
72
0
0
28
56
0
0
0
56
56
0
0
40
40
0
0
0
40
68
0
0
24
20
60
0
0
52
44
0
0
0
0
0
132
40
40
12
0
40
0
0
0
120
56
28
20
0
56
0
0
0
136
44
36
8
0
44
0
0
8
0
100
112
0
0
28
0
0
100
0
112
80
0
0
24
8
0
100
0
80
92
0
0
0
36
0
112
0
92
32
0
0
0
0
0
0
0
0
268
124
72
56
68
52
0
32
0
140
0
0
0
0
0
0
0
0
264
120
68
0
8
40
60
68
88
120
156
244
0
0
0
0
0
0
12
0
0
104
0
68
88
56
92
52
120
248
0
0
0
12
56
0
0
28
40
0
0
92
0
72
0
0
24
56
0
0
0
184
68
0
0
40
20
60
0
104
0
44
0
0
0
0
0
120
44
28
16
64
0
0
0
0
124
44
32
16
0
180
0
0
0
124
48
32
20
68
0
0
0
8
0
92
80
0
0
36
0
40
0
0
80
112
0
0
24
8
0
220
0
112
100
0
0
0
28
28
0
0
100
28
8
0
0
0
0
0
0
0
0
0
0
0
0
0
0
0
0
520
260
188
184
184
164
204
152
120
148
108
72
0
0
56
60
68
72
136
156
116
104
136
172
212
184
216
268
228
504
0
0
0
0
0
0
0
0
0
0
0
0
