-12
-56
40
-36
36
-40
56
12
-28
24
-72
44
-12
40
-56
60
20
-24
8
-68
68
-8
24
-20
-60
56
-40
12
-44
72
28
-8
-40
-124
124
40
8
-28
-52
72
8
-44
-148
120
56
-12
28
-72
88
4
-68
-152
136
36
76
8
-56
84
-20
-72
-32
4
52
136
-136
-52
-4
32
-80
52
4
56
136
-132
-52
16
-32
-60
52
8
56
140
-132
-32
-80
-12
-60
56
8
60
-8
28
-100
-48
-80
-28
-156
-120
-232
220
156
16
112
36
100
-24
-8
-100
92
16
-80
-28
-92
-56
-40
-164
-228
208
176
36
12
40
40
68
60
88
88
116
252
-232
-104
-76
-84
-56
-56
-28
-20
-120
136
36
28
56
56
84
92
120
248
-236
-116
-88
-12
-72
56
-36
36
-56
72
12
100
-120
-56
44
-12
24
-40
60
20
-168
152
-68
68
-24
40
-20
-60
40
104
-116
-44
56
8
4
-60
-112
112
60
-4
-8
72
-60
4
-48
-144
124
60
-8
8
-188
196
16
-80
-132
124
56
72
4
68
-48
-16
-68
32
-36
108
88
-88
-108
36
-32
48
-20
-36
104
88
-92
-108
16
32
-228
236
-40
104
84
-92
-96
-80
44
28
-24
-40
100
-28
40
-120
-36
-92
-8
-168
-100
-108
-168
-104
-244
-140
-216
-152
-276
-284
-472
456
284
164
248
152
220
212
88
152
76
180
40
12
24
56
68
60
72
104
116
124
136
168
180
172
184
216
228
236
504
-488
-220
-228
-216
-184
-172
-164
-152
-120
-108
-116
-104
-16
-60
52
-24
24
-52
60
16
-32
20
-60
56
-24
28
-52
64
16
228
-236
-56
56
-20
28
-16
-64
52
-28
24
-56
60
8
-4
-68
-144
144
68
4
-8
-56
60
-4
-80
-112
132
68
-8
8
188
-196
-16
-48
-124
132
56
72
-4
-68
48
16
-60
28
-24
104
100
-100
-104
24
-28
-84
120
-40
116
76
-88
-120
20
28
168
-152
-28
92
88
-104
-92
-84
56
-104
116
-52
104
-28
24
-104
-36
-92
-24
-152
-100
-236
200
168
12
116
24
120
-20
-28
152
-168
28
-92
-24
-88
-36
-44
-184
-216
204
180
24
-8
4
68
80
48
60
124
136
248
-252
-124
-48
-80
-68
-68
8
-8
132
-124
16
48
60
60
72
56
132
260
-240
-144
-68
16
60
-52
-40
40
52
-60
-16
96
-84
60
-56
-40
36
52
-64
-16
92
-84
56
-56
-44
36
16
64
-52
92
-88
56
-60
-12
-24
-56
-132
132
56
24
12
68
-72
-40
-52
-108
136
40
28
20
72
-88
-36
-28
-104
120
44
36
24
56
-84
-12
-24
28
-40
120
100
-100
-120
40
-28
44
-24
-24
116
76
-104
-104
20
28
24
-8
-28
92
72
-88
-92
-84
40
40
-12
-52
88
224
292
148
232
152
236
92
160
144
84
164
24
104
28
108
-16
-32
36
-44
40
-104
-20
-100
-32
-48
-172
-92
-168
-88
-228
-264
-260
-196
-208
-176
-188
-124
-120
-136
-132
-132
-80
-48
-60
-60
8
-8
-4
-4
-16
80
68
68
72
56
124
124
112
144
196
12
72
-56
-28
28
56
-72
-12
-36
56
56
-44
-52
40
40
-60
-20
-24
40
68
-68
-40
24
20
60
-40
-40
52
44
-56
-12
-40
-40
-132
132
40
40
12
-60
40
-24
-52
-108
120
56
28
20
-72
56
-36
-28
-120
136
44
36
8
-56
44
-12
-40
8
-28
100
112
-112
-100
28
-8
-88
100
-28
112
80
-100
-100
24
8
-92
100
-16
80
92
-100
-72
-88
36
-92
112
-48
92
32
-4
-52
-72
-56
-76
-124
-160
-240
268
124
72
56
68
52
-16
32
-132
140
-8
-56
-76
-60
-96
-48
-116
-260
264
120
68
-28
8
40
60
68
88
120
156
244
-264
-136
-84
-44
-56
-56
12
-28
-120
104
-4
68
88
56
92
52
120
248
-276
-108
-56
12
56
-40
-28
28
40
-56
-12
92
-88
72
-44
-52
24
56
-60
-20
-168
184
68
-68
-56
40
20
60
-56
104
-76
44
-72
-16
-28
-44
-120
120
44
28
16
64
-76
-28
-40
-120
124
44
32
16
-188
180
-24
-40
-116
124
48
32
20
68
-72
-24
-36
8
-36
92
80
-80
-92
36
-8
40
-36
-36
80
112
-92
-92
24
8
-228
220
-48
112
100
-92
-72
-88
28
28
-48
-16
100
28
8
-56
-60
-68
-72
-136
-156
-116
-104
-136
-172
-212
-184
-216
-268
-228
-504
520
260
188
184
184
164
204
152
120
148
108
72
-28
-8
56
60
68
72
136
156
116
104
136
172
212
184
216
268
228
504
-520
-260
-188
-184
-184
-164
-204
-152
-120
-148
-108
-72
