122
143
148
249
318
419
424
445
530
615
716
721
822
891
992
1013
1034
1119
1188
1289
1294
1395
1464
1549
1570
1591
1692
1761
1862
1867
213
224
235
278
289
332
343
354
493
632
803
814
857
868
911
922
933
1072
1211
1382
1393
1436
1447
1458
1469
1480
1651
1790
1961
1972
348
329
322
287
280
245
238
219
452
689
906
903
864
861
822
803
780
1017
1266
1487
1480
1445
1438
1419
1396
1377
1594
1847
2064
2061
487
498
537
484
467
414
453
464
543
618
689
732
683
662
605
616
631
962
1321
1652
1699
1646
1621
1568
1583
1594
1665
1772
1851
1894
590
603
624
653
682
711
732
745
630
515
408
437
466
495
516
529
542
939
1344
1757
1786
1815
1836
1849
1862
1875
1768
1669
1570
1599
697
716
727
826
893
992
1003
1022
721
420
143
146
245
312
419
438
457
924
1383
1866
1869
1968
2043
2126
2145
2164
1887
1570
1285
1288
800
821
814
867
852
905
898
919
680
445
246
235
284
273
330
351
368
901
1406
1971
1956
2009
2002
2023
2040
2061
1862
1595
1388
1377
939
926
901
872
847
818
793
780
643
502
349
320
295
266
241
228
219
846
1461
2072
2047
2018
1993
1980
1971
1958
1805
1648
1495
1466
1074
1095
1116
1073
1030
987
1008
1029
986
943
900
921
878
835
792
813
834
1047
1260
1473
1494
1451
1408
1365
1386
1407
1364
1321
1278
1299
1165
1176
1203
1230
1257
1284
1311
1322
1333
1344
1371
1398
1425
1452
1479
1490
1501
1256
1027
798
825
852
879
890
901
912
939
966
993
1020
1268
1281
1290
1399
1472
1581
1590
1603
1676
1753
1858
1871
1976
2053
2158
2171
2180
1489
794
135
144
253
326
403
412
425
530
607
712
725
1375
1386
1377
1436
1435
1494
1485
1496
1639
1778
1961
1956
2019
2014
2069
2080
2095
1466
817
236
235
294
285
296
311
322
505
628
819
814
1510
1491
1464
1445
1426
1407
1380
1361
1598
1835
2064
2045
2026
2007
1980
1961
1942
1411
872
341
322
303
276
257
238
219
448
685
922
903
1649
1668
1695
1650
1605
1560
1587
1606
1689
1772
1863
1882
1837
1792
1755
1774
1793
1364
943
514
533
488
451
406
425
444
535
618
701
720
1784
1773
1782
1787
1852
1857
1866
1855
1776
1701
1582
1587
1588
1657
1666
1655
1640
1309
998
619
620
625
698
751
736
725
606
547
420
425
1891
1878
1869
1952
2071
2154
2145
2132
1867
1598
1301
1288
1375
1490
1577
1564
1555
1286
1021
720
711
794
913
1028
1019
1006
709
440
143
130
1994
1983
1956
1993
2030
2067
2040
2029
1826
1623
1404
1377
1414
1451
1488
1477
1466
1263
1044
825
798
835
872
925
914
903
684
465
246
219
2085
2064
2043
2022
2001
1980
1959
1938
1789
1640
1491
1470
1449
1428
1407
1386
1365
1216
1067
918
897
876
855
834
813
792
643
494
345
324
1452
1465
1490
1455
1416
1381
1406
1419
1364
1313
1274
1303
1264
1229
1190
1203
1212
1161
1122
1087
1112
1077
1038
987
996
1009
970
935
896
925
823
802
809
820
899
910
917
896
943
986
993
1004
1019
1094
1101
1080
1063
1106
1177
1188
1203
1214
1285
1328
1311
1290
1297
1372
1387
1398
158
139
128
221
346
439
428
409
518
627
712
709
802
927
1012
993
974
1083
1200
1293
1290
1383
1500
1609
1590
1571
1656
1781
1874
1871
265
252
231
266
301
336
315
302
481
660
831
802
837
872
915
902
889
1068
1239
1402
1373
1408
1451
1502
1489
1476
1647
1810
1973
1944
368
357
318
307
260
249
210
199
440
685
934
891
876
833
826
815
800
1045
1262
1507
1460
1449
1410
1399
1384
1373
1622
1835
2076
2033
507
526
533
504
447
418
425
444
531
614
717
720
695
634
609
628
651
990
1317
1672
1679
1650
1593
1548
1571
1590
1693
1760
1863
1866
642
631
620
641
694
715
704
693
618
543
436
425
446
499
520
509
498
935
1372
1777
1766
1787
1840
1893
1882
1871
1764
1689
1582
1571
733
712
707
798
921
1012
1007
986
709
432
139
134
225
348
439
418
397
888
1395
1870
1865
1956
2079
2186
2165
2144
1851
1590
1297
1292
836
817
794
839
880
925
902
883
668
457
242
223
264
309
350
331
308
865
1418
1975
1952
1997
2038
2083
2060
2041
1826
1615
1400
1381
943
922
881
876
843
838
797
776
631
482
345
308
307
270
261
240
223
842
1441
2076
2043
2038
1997
1976
1959
1938
1801
1636
1507
1470
1078
1091
1096
1077
1026
1007
1012
1025
974
923
896
909
890
839
812
825
838
1043
1240
1477
1490
1471
1412
1361
1374
1387
1360
1309
1290
1303
1217
1204
1199
1218
1269
1288
1283
1270
1321
1372
1399
1386
1405
1456
1483
1470
1457
1252
1055
818
805
824
883
934
921
908
935
986
1005
992
