32
31
30
29
27
26
25
25
23
21
22
30
43
59
84
119
151
174
184
185
186
187
185
182
176
166
146
121
99
80
32
31
31
29
26
25
25
24
23
27
45
77
110
139
168
192
205
212
213
206
202
198
194
198
196
188
182
168
150
130
33
32
31
29
26
25
23
24
36
65
107
149
179
195
205
206
203
202
199
197
198
191
181
179
172
164
166
165
147
129
31
31
30
27
25
24
29
50
89
135
174
194
200
199
195
190
189
188
181
178
179
174
160
140
127
126
136
145
125
105
29
29
28
24
24
30
59
113
164
192
199
196
193
191
187
178
166
155
141
131
135
141
129
103
92
99
116
133
127
113
30
29
28
26
29
56
114
172
200
201
190
186
191
192
180
156
126
105
95
91
101
118
114
98
96
103
117
138
147
138
32
29
29
31
51
104
162
191
194
186
179
185
191
178
148
115
89
80
89
101
109
120
122
118
120
124
134
152
168
161
32
29
28
41
88
150
181
186
185
181
183
188
171
135
105
88
82
84
105
132
138
136
140
140
140
145
155
169
176
165
31
30
32
62
128
174
181
180
176
179
188
174
135
103
93
97
103
101
113
145
157
154
160
160
154
157
166
173
169
152
31
30
42
92
157
180
178
174
170
175
170
141
114
108
116
123
127
119
119
147
164
165
173
174
163
159
164
167
162
152
33
32
57
125
175
179
172
166
167
163
133
112
114
121
132
142
145
134
128
146
165
172
179
181
164
154
159
168
172
169
32
32
71
148
184
176
161
155
159
134
103
113
136
138
139
155
160
147
137
142
157
169
179
178
159
152
163
176
181
177
27
34
85
158
179
165
148
148
147
111
100
135
167
168
160
162
160
153
147
145
150
159
167
169
162
164
173
177
173
165
28
41
100
161
167
148
137
144
141
112
111
147
177
182
171
161
158
157
154
152
153
153
158
168
175
177
172
165
157
153
28
53
118
163
154
134
127
136
141
130
133
159
178
174
165
159
158
157
154
151
150
151
161
173
179
175
164
158
154
155
30
70
137
161
143
123
114
127
140
144
160
183
185
168
160
161
157
153
156
155
149
154
169
175
171
165
163
164
162
163
41
93
149
149
128
113
105
115
119
133
171
196
191
171
163
167
155
140
146
150
147
155
167
170
167
165
168
174
175
176
56
111
139
125
110
101
97
99
92
115
167
192
187
171
165
171
156
129
125
132
140
151
155
158
164
169
172
179
184
186
70
118
119
105
109
104
99
94
80
113
168
183
170
157
156
163
151
129
125
132
140
149
151
150
157
165
169
175
183
188
92
128
119
116
132
127
115
103
85
121
176
180
158
140
138
142
133
127
140
147
141
146
155
149
149
159
166
174
184
190
118
135
136
148
156
147
135
123
104
128
175
183
162
137
124
119
116
129
154
156
140
140
150
144
140
151
165
178
188
194
129
137
150
171
171
161
151
137
116
125
161
178
167
148
130
115
112
135
159
155
134
124
127
127
133
149
165
179
188
195
130
144
164
182
179
171
156
139
116
111
141
166
167
160
146
127
118
133
149
144
126
107
98
100
116
138
154
164
173
178
122
143
173
192
186
179
160
144
127
106
122
152
163
158
143
131
129
134
139
137
127
112
98
88
91
105
120
132
140
147
113
135
171
192
188
185
170
153
141
119
111
129
142
140
133
127
132
138
135
135
131
123
117
103
87
87
100
113
120
128
115
135
164
186
180
177
173
161
150
137
109
98
105
112
117
119
130
138
127
122
125
124
124
117
109
110
114
116
118
129
111
130
151
171
169
168
173
168
159
153
120
81
75
86
97
109
119
124
111
99
108
120
129
136
146
153
143
125
120
136
85
112
134
152
159
167
173
174
174
173
147
94
63
69
85
102
110
110
104
101
109
121
140
160
175
180
164
134
125
143
59
95
136
157
156
161
172
181
187
189
174
121
67
58
83
116
134
124
111
120
133
136
140
152
166
171
156
132
130
151
46
85
139
160
144
141
160
181
192
195
184
136
78
63
97
147
175
155
124
126
150
155
135
129
138
142
131
122
135
156
