0
0
0
4
17
1
0
2
51
41
0
0
0
0
0
0
8
12
13
8
1
0
0
0
0
0
2
0
0
0
73
114
88
134
115
54
95
130
108
44
0
40
79
15
0
0
0
29
0
0
0
0
43
55
3
0
10
44
54
51
35
16
10
0
0
0
3
1
6
5
22
53
0
0
0
0
0
0
0
0
0
0
0
0
0
0
0
0
0
10
75
39
69
147
132
72
9
31
134
114
72
129
65
0
0
0
16
131
224
67
0
0
0
53
70
104
76
0
0
0
0
0
0
0
14
0
0
0
0
0
8
0
0
54
0
0
0
0
13
37
44
21
0
0
0
22
25
13
0
0
6
64
0
0
0
0
0
0
0
0
0
0
0
0
0
45
29
0
82
213
169
0
0
0
59
44
43
153
179
49
0
0
0
0
0
12
29
0
0
0
0
0
0
0
0
13
21
0
0
0
15
6
8
14
13
12
9
0
11
4
0
10
144
96
0
0
0
0
0
0
0
0
0
0
0
0
0
0
0
8
118
142
0
0
0
0
0
0
55
100
83
28
0
0
0
0
0
15
27
28
21
1
0
0
0
0
0
0
9
0
0
0
5
0
0
0
17
24
13
0
0
9
42
21
0
0
0
0
0
0
0
0
0
0
0
11
43
49
0
0
0
19
0
0
0
0
0
0
0
0
0
0
0
0
0
0
0
14
40
5
0
21
36
20
8
0
0
0
7
3
13
16
0
0
3
25
10
0
0
10
15
24
28
57
100
46
0
0
123
229
198
95
24
24
0
0
0
45
20
0
49
110
58
12
0
0
0
0
0
0
0
0
0
0
0
20
0
0
0
0
14
0
0
0
0
0
13
34
14
0
22
42
42
72
66
13
0
0
0
0
0
3
0
0
0
3
44
47
0
19
186
332
419
408
285
158
107
103
70
12
0
0
60
37
6
57
130
86
0
0
0
24
7
0
0
0
4
77
47
0
6
4
0
0
0
0
0
0
9
15
3
0
0
4
29
0
0
0
0
0
0
14
18
0
0
0
0
0
41
58
0
0
22
24
54
165
238
212
187
167
88
27
43
128
152
40
0
55
36
0
0
0
22
32
0
0
0
0
0
0
17
35
43
28
0
0
0
0
0
0
0
0
0
0
0
0
0
0
0
1
2
0
3
10
0
0
0
7
7
21
90
63
0
0
0
0
0
0
0
0
0
67
93
80
95
79
0
0
0
0
0
0
0
13
5
2
14
14
25
27
0
0
3
66
1
0
0
0
0
11
22
0
0
0
0
0
0
0
0
51
167
102
18
10
4
0
0
9
13
5
3
22
112
141
0
0
0
0
0
0
0
0
0
0
0
0
60
76
0
0
48
65
19
9
32
34
1
0
0
10
35
10
0
0
43
42
12
2
0
55
0
0
0
0
0
0
0
4
6
0
4
133
147
45
18
25
13
9
10
15
19
20
19
0
50
203
129
0
0
0
0
0
0
0
0
0
0
0
54
38
64
128
139
57
18
49
35
0
0
0
0
0
0
0
0
37
32
8
33
19
5
169
0
0
0
0
0
0
0
0
0
0
30
166
108
0
4
9
8
16
14
7
7
18
21
5
10
128
178
47
23
27
0
0
61
64
9
1
39
32
0
0
8
110
86
0
0
55
67
40
46
35
10
0
0
0
29
50
7
6
0
0
29
279
0
0
0
0
0
0
6
0
0
0
50
165
95
0
0
0
0
3
0
0
0
0
15
32
33
131
241
150
72
42
0
0
44
39
0
0
0
0
0
0
0
25
13
0
0
0
43
88
98
111
97
31
0
0
0
0
0
0
0
26
290
345
10
11
0
0
0
0
2
4
0
38
156
179
75
10
0
0
0
0
0
0
0
0
0
0
5
94
253
235
23
0
0
0
0
0
0
11
46
49
0
0
0
0
0
0
0
0
0
0
29
84
86
45
31
11
0
0
0
0
0
66
292
227
36
15
20
52
65
21
0
0
0
50
222
166
35
12
27
30
10
0
0
3
3
0
0
0
0
19
176
360
280
104
66
53
7
0
0
62
143
82
9
0
0
0
0
0
0
0
0
0
0
15
38
79
100
95
93
47
0
0
0
207
256
82
53
59
64
79
88
35
0
0
0
120
274
149
13
20
42
39
23
8
4
13
13
3
9
30
19
0
70
303
441
270
114
93
102
57
0
0
0
0
0
0
14
19
0
0
0
0
0
0
0
0
33
89
121
134
121
61
0
16
277
456
237
8
0
20
59
96
67
15
0
0
68
317
287
80
0
4
10
5
12
13
10
9
3
2
0
0
14
5
0
91
278
319
146
25
6
8
74
98
34
0
0
0
0
0
0
0
0
0
0
0
0
0
0
51
54
9
0
0
0
299
536
349
86
12
0
0
14
32
0
0
0
32
305
421
182
0
0
0
0
0
0
15
16
6
0
4
10
7
12
7
0
4
158
372
372
152
0
0
57
166
274
281
174
28
0
0
0
0
46
57
12
0
0
0
0
0
0
0
0
0
215
460
334
96
32
24
0
0
0
0
0
0
0
291
489
279
53
3
13
3
0
0
11
12
11
11
14
17
23
19
0
0
0
4
24
167
391
421
226
2
0
0
0
0
120
290
296
69
0
0
16
0
0
0
0
0
0
0
0
0
2
304
514
333
82
5
0
2
0
0
0
0
0
17
285
500
344
72
0
16
18
8
15
22
8
0
0
7
17
17
11
0
0
0
0
0
0
0
102
359
446
226
0
0
0
0
0
0
131
351
263
2
0
0
0
17
14
16
0
0
0
126
429
553
340
97
32
8
0
0
0
0
0
0
0
312
568
411
118
17
10
24
27
15
28
23
0
0
0
1
6
2
1
7
0
0
0
0
25
61
65
152
321
471
389
70
0
0
0
0
0
0
193
310
138
0
0
0
0
0
0
0
139
477
573
332
80
0
0
0
0
0
0
0
0
86
456
652
439
131
38
27
4
7
15
17
10
1
4
13
15
10
1
0
0
0
12
52
83
29
0
21
19
43
136
359
605
619
395
101
0
0
0
0
0
0
138
120
15
0
0
0
26
342
575
503
223
40
2
0
0
0
0
0
0
92
368
627
654
409
135
20
0
0
12
0
0
1
1
0
14
36
39
24
8
2
0
0
0
0
0
0
0
0
0
7
77
120
231
510
702
684
572
374
140
0
0
0
0
78
77
58
192
448
647
690
503
196
32
0
0
0
0
2
0
0
579
714
732
556
252
29
0
16
0
0
0
0
0
0
0
0
0
0
0
0
17
23
9
11
19
0
0
0
0
4
7
0
0
0
8
115
308
562
723
775
750
637
519
398
342
454
618
722
775
775
618
312
82
10
0
0
0
0
0
0
4
0
786
684
408
134
14
0
0
0
1
0
0
11
41
31
15
13
9
2
0
0
4
8
3
12
16
30
47
14
0
0
0
0
0
0
6
3
8
85
201
351
535
658
687
686
682
690
702
658
504
268
92
23
4
4
1
1
0
0
6
0
0
13
214
65
1
6
12
0
0
0
10
11
0
0
4
16
19
21
25
19
13
3
0
0
0
5
1
3
5
6
0
0
0
10
28
6
0
0
1
0
0
23
56
110
201
277
278
203
115
57
20
2
6
10
4
5
14
15
9
6
8
11
8
0
9
0
3
9
4
4
3
1
11
3
0
0
0
0
0
0
0
0
0
0
0
0
0
0
0
0
0
4
3
0
0
0
0
0
0
0
0
0
0
1
9
11
10
3
0
0
0
0
0
0
14
21
2
0
0
0
0
0
0
10
18
18
0
0
0
0
0
0
7
0
0
2
0
0
3
6
8
0
0
0
0
22
28
23
15
0
0
0
0
0
9
18
2
0
0
4
0
0
0
0
0
0
0
1
0
0
0
0
0
0
0
0
4
8
0
0
0
0
0
0
0
0
0
0
0
0
0
0
3
20
18
6
7
14
23
30
19
8
18
27
21
18
21
27
37
32
22
30
30
15
0
0
0
0
0
0
4
21
18
0
0
0
0
0
0
0
5
12
9
0
0
0
1
0
0
0
0
8
9
3
0
0
0
0
0
0
4
0
0
0
1
0
0
0
14
12
22
22
0
0
0
7
18
21
5
0
0
0
0
0
0
0
3
5
14
27
34
25
8
3
4
0
0
0
0
0
0
0
0
0
4
10
7
8
16
10
0
0
0
6
7
11
22
30
28
17
6
2
0
0
0
0
0
0
0
0
0
0
15
25
6
0
0
0
0
9
0
0
0
0
0
0
9
17
18
8
2
1
10
14
0
0
0
0
0
0
0
0
0
12
12
0
0
0
0
0
5
19
9
0
0
0
0
0
1
20
29
26
18
13
0
7
19
5
0
21
45
14
0
0
0
10
20
18
0
0
0
0
1
6
7
7
17
28
20
0
0
0
0
0
0
0
2
0
0
0
0
0
0
0
0
0
0
0
0
0
0
0
0
0
0
0
0
0
0
0
0
3
1
0
0
2
0
0
9
12
0
0
0
0
0
0
0
0
0
5
0
0
0
0
6
27
26
19
13
0
0
0
0
0
0
0
0
0
12
24
26
21
17
15
20
24
6
0
0
0
6
13
15
2
0
0
0
0
0
3
8
7
9
9
3
4
12
14
0
0
0
3
10
0
0
0
11
1
0
0
0
0
15
15
0
0
0
0
0
0
0
0
0
14
31
32
19
1
0
0
0
0
0
9
13
7
5
13
16
12
7
1
0
0
0
0
3
12
8
0
0
0
10
13
2
0
5
20
23
13
9
21
16
8
10
19
30
37
30
10
0
0
0
4
27
25
0
0
0
0
0
0
5
11
11
8
5
6
12
19
22
16
0
0
0
0
0
0
0
0
0
0
0
0
0
0
0
3
7
4
0
0
0
0
0
0
0
0
0
0
0
0
2
19
14
3
6
19
25
21
19
19
15
8
1
0
7
22
14
0
0
8
15
23
30
29
19
6
0
0
8
22
34
41
34
17
3
0
0
0
0
0
0
1
10
22
29
29
19
0
0
0
0
13
25
25
15
5
5
11
14
9
2
5
0
0
0
0
3
0
0
0
0
10
31
34
15
0
0
0
0
0
0
0
0
0
0
0
5
12
17
15
8
1
0
0
0
0
0
0
0
0
0
0
0
0
0
0
1
1
0
0
0
0
0
3
15
14
10
13
17
22
25
17
8
11
0
0
0
0
0
0
0
0
0
0
10
23
19
1
0
0
23
26
2
0
0
0
0
0
0
7
17
16
3
0
0
0
0
9
22
18
7
0
0
0
0
0
0
0
0
0
0
0
0
0
0
0
0
0
0
0
0
0
5
7
2
0
0
20
15
0
0
16
31
16
0
0
0
0
18
37
36
27
36
38
14
0
0
4
3
0
0
0
0
0
0
0
0
21
36
36
28
19
19
28
27
9
0
0
0
0
0
0
0
0
15
23
18
6
1
9
19
15
0
0
0
10
11
0
27
18
12
11
4
0
4
13
13
3
0
0
2
21
21
0
0
15
33
15
0
0
0
0
3
5
0
0
0
12
28
20
0
0
0
12
9
4
5
0
0
0
0
0
0
0
0
0
0
13
12
8
15
30
33
23
19
12
0
0
0
2
11
0
0
7
9
0
0
0
0
9
9
2
0
1
6
6
10
30
53
51
19
0
0
0
0
0
3
7
6
2
0
0
0
0
0
4
16
7
1
18
29
29
29
24
21
29
29
9
0
0
0
0
0
0
0
0
12
16
1
0
0
9
0
0
0
0
3
16
19
5
0
0
3
1
0
0
0
0
0
0
0
0
35
31
12
17
13
0
1
12
15
4
0
0
12
25
0
0
0
0
0
8
16
11
6
6
12
18
28
33
14
0
10
20
11
0
0
0
0
0
2
9
14
14
0
0
0
0
0
0
0
5
6
5
5
0
0
0
0
0
0
0
0
0
22
43
46
37
20
6
0
0
0
0
0
0
0
0
0
0
0
0
4
0
0
0
0
0
0
0
8
17
8
2
14
19
11
9
8
0
0
0
4
10
11
8
12
0
0
0
0
0
0
0
0
0
0
5
6
8
20
32
22
15
24
18
3
10
10
0
0
0
6
0
0
0
0
0
0
0
18
30
21
19
24
19
12
2
0
0
0
0
0
0
1
3
1
0
0
0
7
19
20
17
17
19
17
10
8
2
0
1
1
0
0
0
0
0
0
2
6
13
14
0
0
2
24
16
0
0
0
0
0
0
0
0
7
27
41
45
44
31
17
26
42
28
2
1
11
13
10
10
14
14
11
15
24
22
6
0
0
0
2
17
19
10
5
4
2
0
7
16
12
0
0
0
13
23
18
9
3
0
0
0
0
0
0
3
13
27
30
18
11
14
0
0
0
0
0
31
44
27
16
9
0
0
0
0
0
0
0
3
13
25
38
45
38
26
23
17
6
10
25
24
11
6
1
0
0
0
0
0
18
31
19
0
0
0
8
15
9
2
0
0
0
0
9
22
22
0
0
0
19
24
8
4
0
0
0
4
7
0
0
0
0
0
4
1
0
0
7
12
8
9
5
1
0
0
0
0
0
0
0
0
27
25
11
13
15
9
5
5
8
11
0
1
15
28
34
19
0
0
3
3
0
0
18
27
10
0
1
0
0
0
0
0
0
15
34
32
17
25
40
19
0
0
0
7
14
4
0
0
0
0
0
0
11
8
0
0
8
11
8
12
8
11
13
13
8
5
10
11
23
32
23
20
0
0
4
25
37
20
0
4
24
21
3
0
10
9
0
0
0
20
29
15
3
11
15
3
11
22
0
0
0
0
0
0
11
10
0
0
0
1
0
0
0
12
35
50
47
38
29
30
39
43
33
8
0
0
0
0
0
33
40
6
16
51
10
9
0
0
0
0
17
27
19
19
31
25
3
0
0
0
0
0
0
1
2
1
0
0
0
24
43
0
0
0
0
0
0
0
0
0
1
22
43
41
28
43
30
0
0
0
0
0
0
0
0
0
0
0
0
0
0
0
0
0
4
14
0
2
0
0
3
21
27
5
0
0
15
20
6
4
8
0
0
0
0
0
0
0
0
5
0
0
16
30
9
0
0
0
0
0
5
13
22
25
29
30
5
0
0
0
0
0
0
0
0
0
0
0
0
0
0
0
0
0
0
0
0
0
0
2
0
0
4
18
14
0
0
0
0
0
0
0
9
17
17
15
11
4
0
0
0
7
0
0
0
7
30
0
0
0
0
5
19
31
36
29
0
0
0
0
0
0
0
0
0
0
0
0
0
0
0
0
0
0
0
0
0
0
0
0
12
7
0
0
0
0
0
3
8
6
2
0
1
3
9
20
26
24
19
12
5
0
0
0
0
0
0
0
0
0
0
0
3
1
3
9
5
0
0
0
0
0
0
0
0
0
0
0
0
0
0
0
0
46
24
0
0
0
0
0
0
0
16
9
6
5
0
0
0
25
41
34
18
12
17
16
4
0
0
0
0
0
0
0
0
0
5
31
31
16
10
20
24
12
3
0
0
0
0
0
0
0
0
0
0
0
0
66
0
0
0
40
162
133
0
15
145
66
0
0
0
0
0
0
12
11
17
25
26
21
13
7
7
1
0
0
0
0
0
0
0
0
0
0
0
0
0
0
0
3
35
45
38
40
33
5
0
5
0
0
0
0
0
0
0
0
112
65
0
0
0
55
80
97
142
21
0
0
18
174
149
11
0
0
0
0
23
26
32
39
26
0
0
0
0
9
7
0
0
0
0
0
0
0
0
1
28
34
23
11
0
0
0
0
0
8
17
7
0
0
0
0
0
0
0
0
147
281
300
219
129
193
399
539
449
156
0
0
0
0
0
0
69
164
204
141
16
57
0
0
1
7
0
18
26
18
12
14
21
18
2
0
0
23
31
15
0
0
2
0
0
0
11
3
0
0
0
0
0
30
14
0
0
0
0
0
0
67
165
95
150
286
288
230
190
167
93
0
0
76
351
407
231
98
210
350
280
117
58
115
2
14
12
1
12
21
18
1
0
0
0
8
33
28
17
14
4
0
2
0
0
0
0
0
14
18
0
0
10
13
22
39
0
0
0
0
0
9
134
213
89
0
0
0
0
0
0
0
0
0
85
195
251
273
303
376
314
0
0
0
0
0
0
17
0
0
2
0
0
0
0
0
0
0
21
25
15
0
0
0
0
5
0
13
35
38
25
2
0
19
40
47
53
22
0
0
0
0
0
0
111
223
141
0
0
0
0
0
0
0
0
60
92
56
6
0
0
56
0
0
0
0
0
0
0
0
5
0
0
2
12
24
32
26
15
2
0
0
5
14
11
8
5
0
0
0
0
9
10
14
27
32
23
15
0
0
0
0
0
19
53
17
0
0
0
47
39
35
0
0
0
0
0
0
39
0
0
0
0
0
0
0
48
151
122
54
0
0
0
0
6
0
8
28
42
45
27
0
0
0
0
0
0
0
0
0
6
17
18
0
0
13
16
0
0
3
0
0
0
0
0
56
98
57
0
0
0
0
0
0
30
127
0
0
0
0
0
0
0
0
0
0
0
0
0
59
0
0
0
0
0
0
0
0
0
0
0
3
1
0
0
0
0
0
0
3
4
10
21
26
24
14
0
0
0
0
0
0
0
0
0
0
0
8
37
59
0
0
0
134
231
75
40
237
299
198
120
0
0
0
0
0
63
106
8
0
20
0
0
0
