-4
-18
-15
4
17
1
-14
2
51
41
-123
-207
-92
-27
-38
-14
8
12
13
8
1
-3
-3
-45
-104
-68
2
-46
-146
-90
73
114
88
134
115
54
95
130
108
44
-11
40
79
15
-69
-111
-43
29
-58
-145
-97
-17
43
55
3
-23
10
44
54
51
35
16
10
-17
-26
-5
3
1
6
5
22
53
-68
-205
-109
-20
-26
-16
-5
-5
-23
-33
-28
-27
-37
-40
-76
-113
-82
10
75
39
69
147
132
72
9
31
134
114
72
129
65
-18
-13
-19
16
131
224
67
-203
-204
-27
53
70
104
76
-21
-66
-36
-19
-20
-33
-33
14
-38
-65
-45
-23
-4
8
-10
-6
54
-14
-164
-114
-11
13
37
44
21
-14
-23
0
22
25
13
-42
-70
6
64
-33
-205
-253
-171
-87
-88
-120
-111
-137
-176
-179
-149
-41
45
29
0
82
213
169
-34
-145
-51
59
44
43
153
179
49
-50
-87
-94
-86
-61
12
29
-14
-44
-44
-34
-23
-12
-21
-34
13
21
-90
-117
-26
15
6
8
14
13
12
9
-2
11
4
-35
10
144
96
-220
-379
-303
-222
-166
-130
-82
-39
-64
-96
-98
-117
-104
-99
-85
8
118
142
-5
-130
-73
-3
-13
-4
55
100
83
28
-8
-32
-40
-32
-11
15
27
28
21
1
-16
-31
-30
-14
-22
-18
9
-41
-100
-48
5
-1
-8
0
17
24
13
-2
-11
9
42
21
-29
-72
-97
-57
-22
-76
-118
-76
-55
-71
-32
11
43
49
-27
-73
-25
19
-41
-115
-107
-53
-4
-22
-56
-34
-44
-120
-110
-37
-17
-6
-5
14
40
5
-7
21
36
20
8
-1
-15
-8
7
3
13
16
-22
-31
3
25
10
-10
-3
10
15
24
28
57
100
46
-75
-55
123
229
198
95
24
24
-14
-66
-27
45
20
-23
49
110
58
12
-5
-54
-64
-31
-30
-29
-4
-18
-101
-154
-66
20
-12
-37
-35
-13
14
-4
-41
-18
0
-2
13
34
14
-8
22
42
42
72
66
13
-13
-23
-39
-35
-10
3
-8
-22
-18
3
44
47
-17
19
186
332
419
408
285
158
107
103
70
12
-40
-11
60
37
6
57
130
86
-29
-50
-6
24
7
-29
-41
-44
4
77
47
-9
6
4
-25
-38
-35
-45
-37
-14
9
15
3
-15
-22
4
29
-20
-73
-41
-13
-26
-15
14
18
0
-7
-1
-4
-8
41
58
-27
-38
22
24
54
165
238
212
187
167
88
27
43
128
152
40
-6
55
36
-62
-96
-42
22
32
-12
-41
-28
-17
-44
-39
17
35
43
28
-15
-43
-22
-16
-10
-7
-14
-17
-9
-21
-63
-79
-63
-64
-43
1
2
-9
3
10
-7
-25
-14
7
7
21
90
63
-46
-63
-78
-157
-273
-334
-295
-192
-44
67
93
80
95
79
-7
-103
-106
-18
-14
-64
-33
13
5
2
14
14
25
27
-34
-75
3
66
1
-79
-98
-22
-19
11
22
-3
-33
-27
-4
-2
-27
-77
-82
51
167
102
18
10
4
-6
-2
9
13
5
3
22
112
141
-11
-130
-157
-132
-124
-230
-317
-279
-196
-178
-172
-76
60
76
-27
-39
48
65
19
9
32
34
1
-15
-5
10
35
10
-40
-12
43
42
12
2
-43
55
-5
-15
-17
-27
-43
-44
-23
4
6
-28
4
133
147
45
18
25
13
9
10
15
19
20
19
-11
50
203
129
-80
-155
-118
-52
-54
-63
-33
-66
-184
-178
-12
54
38
64
128
139
57
18
49
35
-8
-13
-35
-55
-42
-62
-75
-21
37
32
8
33
19
5
169
-6
-31
-55
-72
-71
-47
-24
-18
-11
-32
30
166
108
-2
4
9
8
16
14
7
7
18
21
5
10
128
178
47
23
27
-39
-8
61
64
9
1
39
32
-19
-54
8
110
86
-23
-24
55
67
40
46
35
10
-9
-59
-56
29
50
7
6
-19
-104
29
279
-11
-13
-48
-83
-77
-30
6
-1
-7
-22
50
165
95
0
-18
-22
-5
3
-1
-10
-11
0
15
32
33
131
241
150
72
42
-17
-2
44
39
-31
-67
-69
-83
-57
-27
-10
25
13
-53
-61
-14
43
88
98
111
97
31
-12
-19
-39
-47
-30
-37
-70
26
290
345
10
11
-9
-22
-13
-1
2
4
-1
38
156
179
75
10
-10
-9
-1
-7
-11
-11
-10
-12
-19
-22
5
94
253
235
23
-22
-1
-51
-84
-62
-7
11
46
49
-4
-41
-74
-86
-71
-65
-76
-96
-88
-35
29
84
86
45
31
11
-32
-33
-24
-50
-79
66
292
227
36
15
20
52
65
21
-42
-58
-60
50
222
166
35
12
27
30
10
-4
-4
3
3
-9
-14
-9
-6
19
176
360
280
104
66
53
7
-42
-44
62
143
82
9
-17
-28
-43
-60
-58
-80
-152
-236
-215
-75
15
38
79
100
95
93
47
-17
-77
-22
207
256
82
53
59
64
79
88
35
-36
-62
-49
120
274
149
13
20
42
39
23
8
4
13
13
3
9
30
19
-1
70
303
441
270
114
93
102
57
-27
-16
-22
-35
-9
-4
14
19
-16
-75
-132
-167
-189
-151
-56
0
33
89
121
134
121
61
-5
16
277
456
237
8
-17
20
59
96
67
15
-8
-50
68
317
287
80
-5
4
10
5
12
13
10
9
3
2
-3
-7
14
5
-9
91
278
319
146
25
6
8
74
98
34
-29
-75
-129
-150
-77
-58
-158
-173
-78
-18
-2
-30
-79
-28
51
54
9
-48
-89
-22
299
536
349
86
12
-85
-52
14
32
-41
-84
-64
32
305
421
182
0
-8
-10
-25
-21
0
15
16
6
-1
4
10
7
12
7
-16
4
158
372
372
152
-33
-40
57
166
274
281
174
28
-106
-164
-137
-48
46
57
12
-30
-100
-143
-102
-67
-84
-116
-137
-63
215
460
334
96
32
24
-75
-68
-32
-30
-52
-96
-34
291
489
279
53
3
13
3
-19
-5
11
12
11
11
14
17
23
19
-10
-19
-3
4
24
167
391
421
226
2
-109
-112
-83
-17
120
290
296
69
-86
-27
16
-20
-17
-18
-51
-49
-72
-115
-108
-94
2
304
514
333
82
5
-6
2
-42
-60
-48
-45
-62
17
285
500
344
72
-3
16
18
8
15
22
8
-6
-5
7
17
17
11
-8
-36
-50
-40
-19
-48
-61
102
359
446
226
-111
-319
-416
-418
-304
-130
131
351
263
2
-146
-134
-34
17
14
16
-17
-53
-35
126
429
553
340
97
32
8
-19
-1
-10
-48
-113
-145
-24
312
568
411
118
17
10
24
27
15
28
23
0
-11
-9
1
6
2
1
7
-5
-16
-8
-10
25
61
65
152
321
471
389
70
-159
-248
-356
-432
-355
-117
193
310
138
-28
-32
-5
-25
-56
-91
-76
139
477
573
332
80
-6
-21
-13
-4
-25
-43
-63
-83
86
456
652
439
131
38
27
4
7
15
17
10
1
4
13
15
10
1
-7
-13
-4
12
52
83
29
0
21
19
43
136
359
605
619
395
101
-99
-203
-340
-440
-328
-48
138
120
15
-68
-115
-126
26
342
575
503
223
40
2
-2
-4
-12
-11
-3
-40
92
368
627
654
409
135
20
-13
-8
12
-22
-36
1
1
-8
14
36
39
24
8
2
-7
-25
-10
-7
-32
-8
-14
-55
-41
7
77
120
231
510
702
684
572
374
140
-49
-242
-302
-103
78
77
58
192
448
647
690
503
196
32
-2
-13
-15
-10
2
-4
-13
579
714
732
556
252
29
0
16
-28
-33
-8
-13
-10
-2
-13
-18
-10
-2
-4
-4
17
23
9
11
19
-4
-36
-21
0
4
7
-12
-38
-41
8
115
308
562
723
775
750
637
519
398
342
454
618
722
775
775
618
312
82
10
-15
-25
-13
-20
-33
-11
4
-2
786
684
408
134
14
-6
-20
-17
1
-7
-17
11
41
31
15
13
9
2
-7
-8
4
8
3
12
16
30
47
14
-9
0
-2
-21
-46
-31
6
3
8
85
201
351
535
658
687
686
682
690
702
658
504
268
92
23
4
4
1
1
-2
-1
6
-6
-6
13
214
65
1
6
12
-6
-24
-14
10
11
-7
-10
4
16
19
21
25
19
13
3
-27
-33
-4
5
1
3
5
6
-8
-29
-26
10
28
6
-18
-16
1
-3
-5
23
56
110
201
277
278
203
115
57
20
2
6
10
4
5
14
15
9
6
8
11
8
-4
9
-4
3
9
4
4
3
1
11
3
-23
-33
-30
-25
-23
-23
-23
-28
-20
-7
-20
-24
-6
-9
-16
-12
-6
4
3
-4
-15
-18
-5
-6
-21
-20
-4
-2
-7
1
9
11
10
3
-8
-19
-18
-10
-13
-8
14
21
2
-17
-14
-2
-2
-6
-1
10
18
18
-34
-12
-12
-31
-37
-11
7
-2
0
2
-4
0
3
6
8
-2
-15
-19
-3
22
28
23
15
-5
-18
-18
-14
-3
9
18
2
-26
-16
4
-2
-12
-11
-6
-14
-27
-17
1
-1
-16
-21
-7
0
-15
-23
-11
4
8
-1
-13
-16
-14
-20
-29
-30
-23
-12
-2
-22
-21
-22
-15
3
20
18
6
7
14
23
30
19
8
18
27
21
18
21
27
37
32
22
30
30
15
-1
-15
-18
-15
-14
-11
4
21
18
-1
-15
-14
-8
-7
-7
-3
5
12
9
-3
-10
-5
1
-3
-13
-15
-4
8
9
3
-2
-7
-14
-22
-25
-20
4
-5
-12
-4
1
-22
-33
-3
14
12
22
22
-7
-33
-20
7
18
21
5
-17
-9
-4
-23
-24
-12
-4
3
5
14
27
34
25
8
3
4
-2
-13
-16
-12
-15
-27
-35
-29
-12
4
10
7
8
16
10
-11
-19
-6
6
7
11
22
30
28
17
6
2
-4
-14
-37
-43
-29
-20
-15
-6
-6
-4
15
25
6
-13
-13
-11
-3
9
-8
-37
-32
-20
-24
-10
9
17
18
8
2
1
10
14
-8
-26
-20
-9
-8
-8
-15
-27
-13
12
12
-8
-22
-19
-17
-15
5
19
9
-2
-5
-15
-26
-19
1
20
29
26
18
13
-5
7
19
5
-9
21
45
14
-12
-8
0
10
20
18
-11
-39
-28
-7
1
6
7
7
17
28
20
-4
-26
-36
-39
-38
-25
-4
2
-6
-13
-19
-21
-15
-9
-10
-11
-10
-14
-27
-42
-44
-29
-16
-21
-27
-18
-6
-8
-22
-34
-32
-13
3
1
-5
-3
2
-14
-18
9
12
-18
-34
-22
-8
-3
-4
-13
-17
-3
5
-9
-19
-15
-10
6
27
26
19
13
-11
-28
-29
-24
-12
-6
-5
-6
-2
12
24
26
21
17
15
20
24
6
-16
-17
-5
6
13
15
2
-22
-33
-23
-9
-3
3
8
7
9
9
3
4
12
14
-3
-23
-18
3
10
-11
-22
-1
11
1
-15
-27
-23
-5
15
15
-13
-34
-28
-17
-17
-19
-19
-20
-9
14
31
32
19
1
-14
-23
-25
-18
-4
9
13
7
5
13
16
12
7
1
-4
-10
-15
-10
3
12
8
-5
-11
-3
10
13
2
-5
5
20
23
13
9
21
16
8
10
19
30
37
30
10
-12
-24
-18
4
27
25
-6
-28
-20
-6
-4
-3
5
11
11
8
5
6
12
19
22
16
-1
-21
-31
-28
-21
-17
-12
-5
-3
-4
-3
-1
-1
-5
-5
3
7
4
-1
-8
-14
-16
-14
-13
-17
-17
-8
-1
-3
-7
2
19
14
3
6
19
25
21
19
19
15
8
1
-3
7
22
14
-2
-1
8
15
23
30
29
19
6
-3
-3
8
22
34
41
34
17
3
-2
-1
0
-1
-3
-3
1
10
22
29
29
19
-2
-18
-19
-6
13
25
25
15
5
5
11
14
9
2
5
-14
-23
-20
-5
3
-11
-32
-35
-17
10
31
34
15
-18
-36
-25
-12
-16
-29
-35
-27
-15
-7
-1
5
12
17
15
8
1
-12
-27
-24
-10
-3
-6
-16
-27
-33
-33
-31
-27
-18
-6
1
1
-5
-17
-27
-27
-15
3
15
14
10
13
17
22
25
17
8
11
-18
-25
-23
-10
-3
-14
-31
-37
-29
-11
10
23
19
1
-12
-1
23
26
2
-17
-13
-3
-5
-12
-7
7
17
16
3
-14
-27
-29
-14
9
22
18
7
0
-3
-4
-5
-6
-4
-2
-4
-8
-8
-3
-1
-5
-12
-19
-24
-27
-18
-2
0
-1
5
7
2
-5
-5
20
15
-5
-7
16
31
16
-8
-23
-23
-6
18
37
36
27
36
38
14
-6
-4
4
3
-2
-4
-5
-7
-9
-11
-13
-3
21
36
36
28
19
19
28
27
9
-5
-10
-13
-17
-24
-32
-28
-6
15
23
18
6
1
9
19
15
-1
-11
-4
10
11
-3
27
18
12
11
4
-2
4
13
13
3
-9
-11
2
21
21
-4
-10
15
33
15
-27
-43
-28
-9
3
5
-1
-8
-4
12
28
20
-15
-32
-10
12
9
4
5
-3
-11
-10
-8
-12
-17
-13
-11
-14
-2
13
12
8
15
30
33
23
19
12
-4
-13
-9
2
11
-11
-11
7
9
-6
-16
-14
-2
9
9
2
-2
1
6
6
10
30
53
51
19
-13
-26
-24
-15
-5
3
7
6
2
-2
-6
-10
-14
-11
4
16
7
1
18
29
29
29
24
21
29
29
9
-6
-8
-6
-2
-1
-3
-5
-1
12
16
1
-13
-8
9
-21
-10
-5
-3
3
16
19
5
-3
0
3
1
-7
-13
-14
-7
-4
-16
-23
-1
35
31
12
17
13
0
1
12
15
4
-19
-24
12
25
-14
-35
-13
-1
-4
8
16
11
6
6
12
18
28
33
14
-1
10
20
11
-2
-9
-15
-15
-7
2
9
14
14
-3
-4
-3
-2
-4
-7
-3
5
6
5
5
-3
-17
-26
-22
-9
-14
-30
-30
-11
22
43
46
37
20
6
-2
-4
-5
-8
-17
-30
-32
-20
-10
-15
-23
-11
4
0
-7
-13
-20
-18
-9
-2
8
17
8
2
14
19
11
9
8
-4
-10
-4
4
10
11
8
12
-1
-5
-2
-4
-16
-25
-24
-22
-16
-3
5
6
8
20
32
22
15
24
18
3
10
10
-21
-27
-4
6
-3
-21
-35
-25
-1
-2
-4
18
30
21
19
24
19
12
2
-13
-21
-22
-26
-24
-9
1
3
1
-8
-15
-9
7
19
20
17
17
19
17
10
8
2
0
1
1
-4
-10
-14
-17
-14
-5
2
6
13
14
-3
-14
2
24
16
-20
-39
-31
-18
-9
-5
-5
-4
7
27
41
45
44
31
17
26
42
28
2
1
11
13
10
10
14
14
11
15
24
22
6
-8
-10
-7
2
17
19
10
5
4
2
-4
7
16
12
-1
-8
-2
13
23
18
9
3
-5
-13
-14
-11
-13
-8
3
13
27
30
18
11
14
-6
-46
-67
-54
-13
31
44
27
16
9
-3
-5
0
-7
-22
-22
-9
3
13
25
38
45
38
26
23
17
6
10
25
24
11
6
1
-8
-13
-14
-14
-14
18
31
19
-8
-22
-11
8
15
9
2
0
-1
-3
-2
9
22
22
-5
-33
-16
19
24
8
4
0
-11
-8
4
7
-6
-13
-15
-32
-27
4
1
-30
-24
7
12
8
9
5
1
-1
-5
-14
-23
-27
-31
-27
-1
27
25
11
13
15
9
5
5
8
11
-5
1
15
28
34
19
-9
-14
3
3
-14
-9
18
27
10
-2
1
-2
-18
-29
-23
-11
-1
15
34
32
17
25
40
19
-12
-13
-3
7
14
4
-15
-21
-13
-5
-4
-2
11
8
-17
-17
8
11
8
12
8
11
13
13
8
5
10
11
23
32
23
20
-10
-11
4
25
37
20
-4
4
24
21
3
-1
10
9
-8
-14
-1
20
29
15
3
11
15
3
11
22
-3
-37
-43
-21
-5
-1
11
10
-12
-18
-3
1
-11
-17
-7
12
35
50
47
38
29
30
39
43
33
8
-16
-17
-6
-12
-3
33
40
6
16
51
10
9
-2
-14
-14
-2
17
27
19
19
31
25
3
-5
-1
-3
-5
-3
-1
1
2
1
-6
-18
-12
24
43
-6
-71
-60
-13
-8
-18
-21
-24
-17
1
22
43
41
28
43
30
-16
-25
-44
-103
-159
-233
-304
-310
-293
-335
-387
-369
-291
-236
-239
-192
-81
4
14
-1
2
-1
-4
3
21
27
5
-16
-8
15
20
6
4
8
-3
-12
-12
-13
-16
-19
-21
-9
5
-9
-13
16
30
9
-13
-21
-25
-17
-3
5
13
22
25
29
30
5
-12
-23
-87
-198
-294
-379
-417
-368
-416
-478
-425
-422
-479
-520
-507
-484
-478
-383
-257
-246
-190
0
2
0
-2
4
18
14
-16
-36
-30
-13
-5
-8
-4
9
17
17
15
11
4
-3
-8
-1
7
-15
-44
-35
7
30
-2
-39
-31
-9
5
19
31
36
29
-7
-38
-60
-167
-280
-330
-432
-482
-430
-425
-406
-320
-264
-236
-141
-103
-213
-311
-320
-297
-349
-404
-353
-277
12
7
0
-7
-10
-10
-6
3
8
6
2
0
1
3
9
20
26
24
19
12
5
-1
-8
-8
0
-6
-22
-18
-2
-9
-21
-8
3
1
3
9
5
-17
-69
-176
-291
-416
-536
-509
-329
-124
-73
-219
-309
-189
-90
-101
-49
46
24
-118
-189
-161
-212
-281
-257
-300
16
9
6
5
0
-8
-1
25
41
34
18
12
17
16
4
-7
-10
-11
-12
-13
-16
-20
-26
-22
5
31
31
16
10
20
24
12
3
-1
-10
-30
-72
-133
-186
-307
-455
-435
-347
-246
-28
66
-71
-119
-41
40
162
133
-31
15
145
66
-79
-80
-35
-86
-180
-258
12
11
17
25
26
21
13
7
7
1
-12
-14
-4
-1
-11
-21
-23
-21
-19
-17
-17
-18
-22
-30
-25
3
35
45
38
40
33
5
-4
5
-2
-41
-115
-206
-296
-329
-227
-15
112
65
-16
-91
-68
55
80
97
142
21
-163
-158
18
174
149
11
-52
-81
-143
-147
23
26
32
39
26
-3
-20
-15
-1
9
7
-9
-27
-32
-27
-20
-13
-13
-15
1
28
34
23
11
-12
-26
-21
-16
-5
8
17
7
-13
-15
-32
-131
-277
-336
-305
-122
147
281
300
219
129
193
399
539
449
156
-187
-253
-92
-61
-103
-51
69
164
204
141
16
57
-1
-20
1
7
-1
18
26
18
12
14
21
18
2
-12
-3
23
31
15
-2
-4
2
-5
-15
-3
11
3
-21
-39
-34
-25
-3
30
14
-63
-155
-239
-287
-253
-133
67
165
95
150
286
288
230
190
167
93
-40
-97
76
351
407
231
98
210
350
280
117
58
115
2
14
12
1
12
21
18
1
-29
-45
-29
8
33
28
17
14
4
-3
2
-1
-15
-13
-8
-7
14
18
-1
0
10
13
22
39
-13
-165
-290
-259
-114
9
134
213
89
-166
-283
-152
-68
-209
-383
-390
-246
-75
85
195
251
273
303
376
314
-7
-299
-269
-141
-135
-7
17
-23
-32
2
-12
-17
-17
-35
-44
-31
-2
21
25
15
-5
-22
-18
-1
5
0
13
35
38
25
2
-5
19
40
47
53
22
-94
-223
-266
-201
-107
-37
111
223
141
-68
-264
-304
-292
-310
-229
-90
-6
60
92
56
6
-70
-59
56
-8
-211
-298
-189
-17
-17
-177
-43
5
-5
-13
2
12
24
32
26
15
2
-6
-6
5
14
11
8
5
-9
-28
-29
-8
9
10
14
27
32
23
15
-24
-126
-207
-183
-89
19
53
17
-1
-35
-7
47
39
35
-37
-113
-94
-133
-166
-37
39
-22
-115
-211
-279
-354
-362
-185
48
151
122
54
-627
-434
-172
-8
6
-5
8
28
42
45
27
-3
-22
-20
-19
-33
-34
-21
-11
-2
6
17
18
0
-5
13
16
-2
-5
3
-83
-230
-239
-137
-38
56
98
57
-93
-231
-154
-20
-32
-75
30
127
-12
-165
-119
-61
-69
-94
-161
-179
-164
-212
-265
-203
-22
59
-73
-199
-418
-628
-663
-414
-121
-15
-17
-20
-9
3
1
-10
-15
-8
-7
-16
-9
3
4
10
21
26
24
14
0
-9
-22
-24
-9
-48
-165
-212
-124
-45
-11
8
37
59
-35
-160
-102
134
231
75
40
237
299
198
120
-9
-75
-40
-99
-93
63
106
8
-8
20
-70
-141
-150
