86
94
19
-14
1
-25
-14
30
-105
-161
473
641
142
-13
-32
-6
2
26
23
-6
-9
9
-7
-45
-440
-344
48
-54
200
-48
-243
98
56
46
95
-166
-113
108
6
-38
-3
-32
27
-19
-157
13
193
293
-2
-367
-211
-5
9
-17
53
135
74
18
18
-21
-51
-152
66
73
34
11
-3
-39
-10
41
-50
-195
222
671
323
-40
-22
18
11
21
11
-9
-8
5
-13
-84
-496
-289
94
-56
167
5
-103
77
36
52
7
-117
-18
28
22
-61
-99
32
7
-69
-156
85
282
119
-185
-272
-81
25
56
-18
-26
91
106
50
13
-20
-81
-141
34
26
45
41
-3
-22
-10
22
-10
-144
-18
624
516
-41
-3
33
14
-5
-16
-1
12
8
-23
-89
-582
-268
180
8
71
-107
-9
143
39
-12
-24
-55
-3
-46
51
-3
-113
49
-21
-76
-32
207
209
-168
-279
-85
19
-10
107
75
-121
-41
94
55
18
-18
-71
-78
-7
-28
42
64
6
-1
-8
-7
10
-57
-165
510
653
16
5
40
16
-24
-33
6
25
6
-5
-126
-639
-194
316
-118
-216
-151
63
234
88
-26
6
-33
-76
-44
44
15
-10
37
-11
-22
106
224
1
-288
-213
13
21
-18
173
164
-201
-146
64
24
34
-18
-25
-25
-27
-50
27
59
4
-3
6
-14
-4
8
-195
379
698
114
1
29
22
-16
-25
4
13
-8
13
-131
-640
-169
375
-268
-407
-79
102
222
114
26
23
-23
-72
-37
67
-21
-37
23
65
39
95
185
-99
-259
-136
-12
2
32
172
134
-178
-151
53
22
29
14
-10
-49
-19
-29
14
36
-2
-21
11
4
-15
19
-169
306
674
181
21
25
4
-10
-7
6
5
-6
6
-75
-620
-264
299
-215
-307
-33
60
107
116
66
-34
-34
17
-11
48
-39
-23
24
60
42
15
142
-58
-213
-132
-33
14
28
83
94
-40
-130
20
41
13
71
-14
-98
-5
8
10
22
15
-26
-18
18
16
4
-144
314
622
171
39
19
-21
-1
16
9
-4
-2
10
-29
-582
-353
203
-63
-114
26
57
-4
33
22
-79
-45
34
-14
-26
21
60
-21
22
85
28
36
-77
-182
-118
-16
5
-13
29
92
98
-109
-63
43
28
76
-21
-122
-9
25
19
34
41
-25
-51
11
46
20
-135
286
591
181
31
4
-11
22
22
-2
-11
-3
12
-14
-507
-408
109
56
-6
66
134
19
-40
-58
-75
-73
-50
-49
-27
136
40
-136
60
159
8
-86
-104
-122
-70
-24
-48
-25
42
87
124
-57
-89
31
63
24
-41
-143
-14
26
32
47
44
-25
-55
-15
23
53
-127
228
617
231
10
1
15
32
-1
-15
6
7
-1
9
-412
-513
20
117
-22
5
109
94
-3
-18
8
-65
-111
-62
17
161
-47
-257
132
236
-84
-142
-51
-75
-61
-26
-78
-24
65
77
46
-15
3
20
17
-25
-54
-82
5
43
32
25
29
-7
-42
-38
-21
31
-94
327
655
172
-14
6
16
28
-10
-13
19
7
-3
44
-288
-635
-119
120
-67
-4
10
26
17
103
118
-46
-98
8
98
80
-155
-257
216
257
-147
-139
0
-78
-99
-7
-75
-12
89
30
-18
36
85
0
-58
-40
-103
141
11
57
27
-5
13
14
-19
-32
-50
-24
-12
507
605
55
-8
-1
5
25
-2
-5
19
0
1
29
-122
-619
-361
34
-83
74
6
-78
25
163
108
-136
4
168
140
38
-190
-170
227
181
-156
-109
-21
-98
-117
-27
-65
6
76
5
11
93
78
-18
-45
-77
-125
425
-10
43
15
-20
13
37
2
-20
-53
-76
134
626
442
6
20
-17
8
26
-4
-5
23
8
-5
-11
-16
-454
-550
-117
-31
63
17
-60
67
154
29
-183
95
236
87
40
-104
-90
134
83
-98
-57
-75
-114
-100
-77
-60
-5
17
54
101
82
41
-6
-57
-164
81
633
-13
19
-20
-37
37
84
14
-33
-39
-126
318
693
247
-4
18
-14
21
29
-13
-12
29
24
-3
-12
-9
-245
-599
-290
40
-34
-11
14
108
111
-53
-145
93
217
81
41
-26
-31
39
3
-27
-2
-61
-110
-88
-87
-89
-61
-20
87
133
63
34
-7
-114
-96
410
609
4
1
-57
-48
63
117
20
-44
-39
-102
484
665
101
-18
-6
7
25
27
-19
-15
32
30
-1
0
7
-74
-501
-497
-43
-26
-57
25
110
126
-83
-133
114
185
86
29
-30
-4
15
-33
-10
8
-6
-67
-57
-50
-138
-119
-19
59
98
89
34
-40
-143
174
630
379
-2
-13
-58
-28
65
83
-6
-32
-58
66
606
510
21
-26
-3
8
12
20
-16
-11
29
19
-2
3
34
13
-272
-560
-272
-18
-82
-13
69
140
-44
-48
145
96
49
3
-48
-13
22
-32
-44
-50
-24
25
55
-17
-146
-111
-20
35
77
63
5
-97
-60
465
614
156
-13
-17
-44
5
54
-3
-54
-26
-53
340
658
277
-13
-8
16
-11
-5
8
-8
-3
21
5
13
14
15
37
-68
-347
-427
-210
-84
-45
64
51
-41
66
106
61
37
-6
-32
-39
-4
-63
-92
-109
-71
131
184
0
-107
-53
-25
48
49
-15
-47
-84
243
570
339
28
17
-4
-13
26
13
-67
-84
-64
116
589
533
70
-27
22
14
-17
-8
-3
-4
1
11
4
15
29
10
13
13
-95
-354
-413
-210
-61
70
2
-10
70
32
59
19
-37
-4
11
-70
-156
-71
-70
-72
186
196
-5
-18
-7
-36
27
0
-67
6
205
452
353
74
-10
49
34
54
14
-77
-72
-82
-12
455
615
238
-24
-26
28
-1
-3
6
-1
-8
-6
5
14
6
31
34
-25
14
24
-132
-380
-416
-196
1
66
89
104
42
-7
-68
-150
-46
68
-81
-156
8
-43
-84
172
112
-13
82
7
-64
-22
-29
-5
289
488
280
100
0
-18
37
86
104
-16
-142
-94
22
305
609
367
21
-39
-9
-1
-9
23
17
4
-13
-11
6
21
11
19
22
-27
9
56
10
-165
-407
-395
-180
16
125
174
109
-1
-44
-150
-174
-89
-52
-37
26
-86
-83
128
53
5
82
-1
-66
-38
62
280
492
349
42
23
2
-20
6
106
132
-39
-158
-43
301
566
390
104
-17
-32
-4
-26
1
34
8
0
-9
-3
11
19
13
-6
-10
-18
26
67
-10
-15
-170
-345
-338
-270
-37
125
90
82
124
26
-83
-187
-197
-94
-22
-62
-4
99
46
16
15
-13
-29
100
323
445
324
93
-18
-18
5
3
-16
72
113
-49
-44
258
524
401
106
15
-10
-6
-25
-27
22
15
-10
-7
1
9
14
12
13
-19
-37
-16
42
70
-7
5
-23
-148
-279
-399
-327
-112
1
80
132
116
165
23
-185
-250
-186
-52
82
91
31
2
-39
20
171
399
423
228
76
12
-17
-35
4
1
-21
19
81
120
278
468
357
103
18
-9
-16
17
-37
-25
26
-3
-12
-7
5
10
9
5
13
-4
-48
24
41
15
54
1
-17
-43
-122
-183
-379
-365
-199
-103
7
61
160
166
94
-132
-290
-132
53
64
-9
0
80
232
407
429
209
18
-4
2
-24
-28
7
-15
2
108
248
381
414
283
55
-18
13
-10
-18
-12
-14
-9
3
2
8
4
-1
-4
-2
2
1
-1
-20
39
32
-6
40
-5
1
11
-13
-26
-179
-272
-324
-290
-118
-116
-34
71
108
74
-111
-148
-37
52
90
146
285
386
299
158
36
-26
-9
1
-20
-28
2
-11
105
272
378
334
184
45
-10
-52
-30
33
-16
-53
16
6
-23
14
26
16
-12
-8
7
-7
-13
-3
5
-6
20
45
4
-6
19
22
20
-19
-26
-39
-172
-206
-153
-227
-182
-83
-49
50
56
-22
0
100
229
263
210
198
70
8
-3
-31
-3
-14
-13
-1
-16
-8
192
218
174
88
6
-20
12
-55
-53
43
-11
-35
31
-11
-33
17
27
16
-23
2
30
-20
-19
14
0
-10
9
38
9
2
12
-9
0
13
28
11
-24
-23
-59
-119
-131
-124
-97
-24
70
84
70
90
138
118
22
11
8
-2
-21
-23
-2
-21
-12
8
-10
-1
106
53
-1
-6
-14
-38
-2
-28
-38
21
-17
-4
44
-22
-35
19
25
5
-27
-5
19
-11
-4
17
-3
9
9
6
4
-5
20
0
-16
22
32
6
3
23
9
-9
-24
-54
-47
1
42
45
33
25
12
-10
-22
-10
4
3
-20
-23
-11
-14
-10
-3
-2
-2
3
-6
1
3
-22
-48
-11
-11
-21
-3
-37
3
54
-15
-37
23
25
-6
-14
-15
-14
12
20
-1
4
8
18
8
-13
-16
23
30
-15
-2
17
24
18
6
19
17
-9
-13
2
21
12
-11
2
6
-9
-2
-4
-17
-14
3
-8
-22
-18
-14
-3
4
-4
-12
4
2
0
-9
-21
-23
-19
-14
-6
-24
-48
8
55
-8
-40
16
19
-9
13
-4
-32
21
21
-25
8
8
28
19
-13
-14
-6
28
10
-8
2
30
29
2
10
21
5
-7
-7
8
9
-5
4
-3
-11
17
14
-24
-35
-7
2
-18
-28
-17
4
15
4
-10
20
9
-8
-13
-5
4
-30
-24
7
-28
-41
12
43
-4
-32
7
9
-6
29
11
-31
10
14
-30
0
1
23
21
-6
-9
-26
23
40
-1
-14
17
29
8
2
17
19
1
-9
2
7
-1
0
-9
-7
21
15
-23
-34
-8
1
-21
-36
-23
2
16
11
-2
20
1
-8
2
3
-10
-29
-7
8
-24
-26
4
11
-9
-4
15
6
-3
13
11
-13
-8
3
-12
-6
0
15
17
4
-3
-24
15
46
5
-22
0
21
14
6
11
13
3
3
14
8
-8
-3
0
-2
6
-1
-17
-16
-2
-3
-19
-32
-24
-6
5
8
2
20
-18
-19
15
9
-30
-15
18
0
-16
-5
-7
-26
-17
17
23
17
1
-24
-3
14
-18
-10
14
-1
11
12
12
12
1
-12
-2
24
4
-14
-3
14
18
-1
3
23
10
2
12
12
-3
-9
9
17
-5
-21
-16
-7
-9
-6
-5
-15
-14
-9
-6
0
1
23
-19
-29
5
19
-1
-15
-4
-4
-6
12
-4
-38
-26
-3
17
42
9
-41
-10
27
-19
-3
32
-8
2
0
4
11
2
9
2
4
-2
-9
-3
13
25
-9
-2
41
18
-10
-9
4
6
-1
16
25
-5
-22
-14
-14
-26
-12
10
9
-3
-13
-11
-1
2
8
4
-13
-22
2
30
-10
-26
-3
-4
9
5
-23
-35
-37
13
61
16
-24
-1
18
-17
-1
17
-18
-13
-2
8
10
5
18
18
8
-2
-14
-9
13
29
-2
-6
26
12
-9
-11
2
13
9
6
6
-3
-5
-5
-19
-29
-16
15
25
-3
-21
-8
6
2
-23
11
12
-23
-20
15
6
-7
-5
-13
-7
5
-5
-27
-39
5
45
16
-2
9
7
-15
-9
0
-7
-2
9
10
1
-3
10
21
17
8
-8
-7
11
23
7
-3
8
4
-7
-7
4
12
7
0
1
0
-2
-7
-17
-17
-10
11
20
-5
-15
2
7
-7
-27
7
16
-14
-20
3
18
9
-16
-32
-26
0
10
-2
-21
-15
6
12
16
16
2
-11
-5
1
3
8
13
8
-4
-9
4
12
7
5
-1
2
13
19
14
5
5
2
-9
-9
1
5
9
11
7
0
-11
-18
-18
-10
-2
7
9
-1
0
9
1
-15
-2
11
2
-19
-10
15
23
7
-23
-45
-39
-6
15
11
-1
-22
-26
6
31
24
3
-3
2
-1
-5
0
9
13
8
0
10
7
-12
-13
-7
6
17
20
17
7
5
5
-2
-2
1
1
3
4
2
1
-4
-13
-17
-13
-7
3
9
5
6
5
-4
-11
6
11
0
-13
-5
9
14
9
-9
-32
-35
-14
-3
-8
10
-7
-36
-4
29
29
13
7
7
-1
-9
-2
7
13
12
3
6
3
-12
-16
-11
2
12
15
15
7
7
11
10
10
3
-1
-11
-15
-5
7
15
5
-11
-20
-14
3
13
12
5
-7
-8
-1
-4
5
11
4
-7
-14
-1
15
11
-7
-18
-15
-25
-37
8
17
-23
-18
6
27
27
15
5
0
1
9
11
6
-1
-8
-9
1
8
1
-8
-8
1
8
13
8
7
14
18
16
2
-4
-14
-19
-9
7
20
11
-10
-25
-4
12
10
19
7
-15
-14
1
11
8
5
3
-1
-8
-9
2
8
-1
-3
0
-20
-41
-2
29
-2
-34
-26
20
40
20
-3
-4
8
15
13
1
-11
-17
-3
17
22
10
-12
-17
-1
12
5
-3
3
12
19
13
-4
-10
-4
-2
-3
5
10
2
-11
-19
9
11
-3
21
18
-10
-23
-11
27
8
-6
-7
0
8
-4
-9
-5
-13
-3
15
2
-25
-19
12
18
-27
-39
-5
25
27
4
3
11
13
7
-2
-6
-8
14
16
3
12
0
-16
-5
20
-3
-21
-1
12
18
6
-9
-9
1
12
16
9
0
-4
-3
-4
7
-1
-11
12
18
-5
-23
-14
11
-7
3
1
-13
0
0
-2
0
-17
-11
14
12
-13
-26
-6
34
2
-27
-37
-17
21
12
16
19
17
5
-3
-2
0
18
0
-20
14
23
-2
-10
11
1
-16
-3
15
17
-2
-9
3
-9
-1
26
12
-2
-2
3
3
1
-1
-2
0
-1
-9
-10
1
5
-12
13
11
-15
0
-7
-7
9
-12
-13
7
7
-11
-24
-1
36
8
-17
-27
-23
-9
10
25
15
18
13
4
-7
-10
1
8
4
-1
2
13
9
-5
8
6
-6
13
14
-4
-4
12
-8
-17
8
13
10
0
-7
-2
-3
1
9
1
-8
-9
0
8
11
-8
15
12
-12
7
-7
-13
8
-9
-13
-3
-5
-14
-18
13
20
-4
-12
9
10
-25
10
21
-2
8
16
10
-11
-20
-21
12
34
-6
-22
11
25
3
12
10
-9
5
10
2
5
16
8
-19
-18
18
28
-3
-21
-3
-10
-10
14
10
0
-4
1
4
2
-13
17
14
-18
-2
-3
-8
6
-2
-7
-9
-12
-14
-2
22
-4
-3
-4
14
23
-10
-2
-7
3
12
14
1
-21
-27
-13
15
28
10
-6
2
17
21
14
-1
-12
-8
1
5
10
14
22
-9
-27
23
33
-12
-27
7
-5
-15
14
13
5
-1
-3
-2
-10
-20
18
17
-23
-14
-6
-8
5
8
5
-6
-10
-7
4
11
-14
16
8
-12
-2
3
-7
-20
19
23
13
-6
-21
-21
5
25
16
7
5
12
14
8
6
1
-11
-17
-8
6
12
8
27
5
-22
18
20
-22
-26
15
12
-5
7
8
5
0
-8
-10
-7
-20
12
11
-24
-12
1
-9
-2
9
7
-9
-11
0
1
-5
-4
33
23
-21
-26
-4
1
-12
0
6
9
12
13
9
2
15
14
-11
-3
27
20
-19
-8
14
-1
-13
-5
15
20
7
18
6
-17
5
6
-18
-17
8
15
2
-3
0
3
0
-10
-14
12
-17
-7
-10
-24
5
18
-9
-13
4
4
-15
-15
4
11
-4
0
13
25
8
-17
-20
-6
-6
-30
-15
12
34
35
18
-1
-1
2
-1
6
13
8
-8
-3
14
8
-9
-3
21
25
5
4
-1
-17
-5
9
9
-1
-11
7
7
-11
-7
1
1
-8
-13
23
-9
-13
-18
-24
1
13
-2
-9
-7
-4
-3
-2
1
8
0
-1
-16
10
29
3
-23
-9
9
-30
-28
13
53
34
-15
-6
1
-7
23
20
-14
-15
15
13
11
8
-6
3
8
11
15
10
-13
-12
-10
14
33
5
-19
-4
17
-14
-9
11
0
-13
-8
16
3
4
-1
-23
-32
-6
20
6
-25
-21
15
18
-11
-14
4
11
-10
-3
17
9
-9
-9
13
-7
-42
-13
53
43
-23
-13
11
5
20
8
-18
-15
13
11
15
15
8
25
-2
-7
24
17
-16
-3
-11
1
24
-8
-7
-10
14
3
11
10
-24
12
-1
12
5
6
6
-18
-42
-1
33
5
-27
-25
9
13
-15
-23
5
21
3
-5
7
8
-1
-20
0
20
-22
-39
-4
29
24
3
4
14
7
-4
-5
5
18
15
3
24
33
10
-18
-3
-8
-19
-35
-49
-32
6
11
-61
-7
19
57
24
23
52
11
72
-16
17
2
-5
2
-7
-23
5
15
-6
-8
-9
-8
-6
-6
-24
-7
22
4
-5
6
7
-3
-13
-5
17
13
-26
-52
-9
51
15
-7
23
9
-1
7
20
27
31
-14
3
52
-33
-85
-56
-70
-101
-47
-62
-138
44
43
-132
-45
34
133
26
24
193
107
72
50
22
2
-10
2
6
-4
-12
-20
-12
12
11
-15
-16
6
-19
-15
21
3
-9
0
3
-6
9
-5
-19
16
9
-31
-28
16
5
7
39
21
9
17
24
19
7
-20
-38
-31
-74
-158
-196
-76
-128
-53
12
-174
74
94
-85
-111
-51
133
40
39
221
150
91
163
22
-1
-16
-1
12
4
-20
-33
-14
18
18
-16
-17
13
-7
-8
20
0
-15
-8
-3
-11
14
-2
-36
-2
20
4
-24
-27
-1
34
45
27
19
25
17
-3
-59
-92
-103
-198
-140
-115
-161
44
-145
-177
65
-21
76
109
47
-110
-184
26
67
63
94
153
163
124
16
-7
-20
-5
8
0
-5
-13
-13
8
8
-14
-13
10
-10
-5
20
-3
-18
-13
-8
-16
6
10
-13
-5
7
6
-16
-32
-4
38
43
23
16
14
-18
-51
-116
-263
-195
-211
-159
32
90
92
-279
-237
113
132
144
1
43
35
-221
-158
35
122
29
98
148
18
10
-9
-15
-3
2
-7
1
1
-11
-7
-6
-8
-4
3
-25
-11
21
-3
-17
-13
-11
-18
-2
14
15
21
13
-5
-18
-18
-21
15
48
23
0
-29
-91
-130
-180
-353
-151
-23
-132
59
200
1
-302
-139
118
225
218
-223
-81
210
-90
-212
-81
99
34
13
77
7
11
-8
-4
1
-14
-25
-6
7
-3
-11
-17
-15
-5
2
-29
-10
25
-5
-15
3
0
-24
-11
3
8
42
29
-6
-13
-8
-29
-15
49
29
-30
-137
-203
-168
-201
-182
49
123
-132
-69
157
33
-105
-73
-13
80
65
-257
-70
235
19
-113
-85
60
50
-95
-2
123
-5
-8
23
-13
-21
-28
-12
10
2
-4
-19
-32
-22
0
-13
7
23
-19
-20
22
14
-39
-17
9
-7
35
17
-7
4
-3
-3
-18
16
-17
-93
-257
-277
-119
-99
99
135
101
-36
-110
110
86
8
-69
-181
-178
-77
-8
117
135
-99
-76
110
100
-20
-251
-30
249
-22
2
32
-27
-4
-17
-18
-9
-15
-1
1
-18
-27
-14
-1
18
10
-29
-22
19
9
-39
-22
27
10
14
-5
-2
14
-1
26
3
-73
-157
-170
-233
-204
-35
62
217
-9
-80
83
38
48
-51
-69
-22
-158
-163
11
187
253
77
-187
-48
132
-103
-179
-225
13
269
1
15
-23
8
6
-32
-11
-33
-39
-2
31
18
-15
-27
-9
3
-2
-20
-9
9
0
-15
-19
28
17
-12
-5
23
20
3
37
-22
-216
-295
-200
-107
-91
45
255
215
-213
-340
30
182
0
-162
-51
92
-44
-40
80
192
254
22
-91
44
-86
-409
-252
-13
101
187
113
61
-61
27
13
-38
0
-32
-50
-6
37
28
-10
-28
-7
-10
-9
-12
-3
-5
-10
7
2
27
6
-20
9
38
17
5
2
-120
-315
-301
-143
9
-79
67
363
185
-237
-471
-43
211
-89
-167
54
87
12
99
49
126
177
-73
-53
46
-160
-361
-154
101
130
90
273
228
82
38
8
-29
14
-14
-46
-13
15
7
-16
-20
-3
-19
-4
-7
-1
-12
-14
21
10
18
11
-3
8
26
17
5
-123
-244
-281
-209
-42
110
-104
15
247
129
-76
-444
-90
211
-56
-179
-54
3
109
189
27
62
81
-91
-88
-42
-133
-149
48
83
-13
39
226
258
279
254
99
-25
21
-4
-31
-13
-5
-14
-19
-8
-13
-32
15
-1
4
-2
-5
28
2
-2
12
5
-10
24
31
-40
-281
-280
-166
-143
25
156
-79
-29
47
66
122
-272
-177
99
126
-67
-243
-62
142
85
57
42
-25
3
-11
-124
-202
-34
142
-20
-113
4
