127
121
116
149
144
143
169
191
170
116
54
53
54
56
65
109
104
72
59
86
100
94
88
92
76
90
86
49
68
131
129
107
95
99
119
107
84
98
88
99
115
116
98
99
94
93
111
116
83
65
54
45
47
65
60
71
68
103
139
139
123
124
96
112
128
170
173
152
144
180
206
177
81
53
55
84
82
115
138
115
87
86
76
80
87
100
96
105
95
68
63
101
134
136
120
123
137
136
123
124
106
101
113
114
100
91
99
98
104
116
75
51
46
46
47
65
62
85
98
122
139
144
135
114
45
65
61
115
184
175
122
142
157
180
167
117
85
97
71
76
99
120
100
77
74
83
67
83
98
97
75
73
54
81
132
129
94
98
111
128
116
107
103
100
91
93
84
73
80
95
82
78
63
35
21
43
38
39
38
48
92
112
100
124
136
120
31
42
28
51
109
128
102
91
89
138
147
175
185
155
81
62
71
91
79
83
95
95
72
71
71
68
55
78
77
99
107
115
99
110
88
82
75
84
97
104
86
83
81
81
73
84
82
91
116
101
77
110
79
26
25
38
73
96
98
112
104
109
38
41
40
36
46
83
92
90
116
121
92
128
155
187
166
120
115
119
77
77
90
82
77
72
48
53
56
66
82
95
73
73
110
158
119
89
50
61
81
82
73
80
65
76
74
70
72
131
196
183
106
132
86
20
24
37
63
89
109
112
99
113
89
72
70
74
64
92
84
116
148
127
89
84
87
162
177
167
204
209
140
105
97
101
102
97
62
58
51
76
79
70
66
75
91
145
152
142
81
70
89
108
97
98
82
88
90
89
105
169
202
178
94
85
62
28
33
46
83
95
84
96
102
123
105
119
95
105
105
99
76
99
106
79
76
85
84
112
100
113
191
217
205
172
120
135
157
151
113
86
87
108
86
84
59
79
73
88
140
150
136
128
113
123
106
91
97
97
80
104
141
163
180
190
119
69
68
47
33
40
76
90
69
74
91
112
120
115
100
95
98
102
103
96
71
58
78
104
95
96
77
85
135
201
221
214
159
138
134
131
101
93
106
121
114
126
100
96
85
84
99
110
118
125
96
85
83
84
92
106
110
146
185
187
185
217
156
86
80
72
65
80
77
76
73
78
74
91
114
94
103
104
73
85
112
112
81
80
87
83
81
87
73
70
67
127
156
165
147
141
145
126
76
74
59
96
114
131
126
107
71
78
68
82
70
74
70
62
66
84
74
88
110
149
162
195
188
189
136
77
72
94
93
106
94
105
98
104
80
56
82
82
77
89
81
95
125
112
92
96
91
87
93
98
72
74
65
79
75
96
103
144
205
216
191
150
88
90
93
118
115
123
97
77
73
71
53
62
54
56
77
95
82
88
82
98
100
142
136
124
101
85
85
97
81
87
96
113
106
100
83
60
135
117
77
82
90
101
121
109
77
88
103
107
84
76
62
73
120
130
117
122
101
123
160
182
194
212
195
162
127
88
95
135
107
64
81
86
86
83
63
71
69
71
88
97
80
82
91
109
112
103
91
101
85
79
89
91
71
64
97
92
47
50
215
204
150
139
153
171
159
148
117
109
101
103
80
73
92
139
184
194
183
180
153
143
118
111
92
99
108
145
167
105
109
157
143
99
93
131
156
152
127
120
111
121
126
107
101
109
123
128
124
119
111
124
103
96
108
102
92
106
136
142
101
79
183
180
177
174
169
186
171
184
166
113
70
76
66
73
135
198
181
184
185
169
166
177
179
177
157
153
118
105
133
132
87
123
166
110
83
133
161
147
165
169
130
127
145
135
102
110
144
143
115
125
117
116
113
100
100
130
119
129
148
165
148
148
113
119
108
114
101
112
131
163
130
75
42
54
65
77
107
154
153
153
119
104
99
131
143
165
177
194
186
184
181
160
104
99
123
116
104
130
161
167
155
161
133
103
108
130
119
111
116
131
144
168
160
150
122
106
129
147
134
135
110
94
100
116
100
100
78
80
74
77
79
100
78
44
37
49
45
68
57
86
88
84
63
61
60
75
70
90
87
105
120
150
179
186
173
123
94
110
90
89
145
191
172
172
165
158
140
151
152
135
121
147
165
175
186
171
131
125
125
129
167
176
144
125
132
136
80
76
97
93
80
83
61
69
61
53
47
51
63
94
92
98
85
83
61
73
74
73
72
75
65
77
69
87
133
188
199
186
152
126
90
84
106
144
169
187
170
174
158
159
157
162
156
166
188
182
157
144
134
153
143
144
158
164
145
144
165
180
72
76
101
113
75
68
80
81
79
89
64
67
99
121
96
91
112
121
94
82
72
96
83
78
89
90
79
76
93
135
149
189
193
181
144
119
81
87
129
140
104
89
89
93
91
120
117
123
146
144
119
120
119
123
120
135
110
117
108
100
129
133
113
149
152
125
96
80
101
105
88
95
97
121
98
84
62
72
108
121
111
101
80
73
76
81
70
73
73
71
90
122
113
135
147
178
188
184
137
117
116
82
48
47
42
58
59
77
71
79
81
86
76
89
94
98
79
84
79
96
106
109
122
100
112
164
158
100
93
102
88
95
93
98
109
142
126
105
97
121
128
100
87
111
91
82
101
99
89
94
85
106
98
80
71
72
85
122
134
169
188
194
186
121
101
133
120
108
82
75
83
86
70
80
93
94
71
86
90
85
83
100
82
90
133
107
101
98
107
113
125
128
106
121
142
162
149
146
131
128
124
142
137
92
83
146
153
130
121
138
143
160
140
145
123
84
48
60
60
73
64
105
125
165
186
130
161
229
214
196
153
133
132
122
92
83
88
107
101
103
79
82
99
119
97
86
90
98
197
124
84
107
124
119
128
137
119
143
137
119
103
125
110
109
128
92
73
140
165
139
119
143
135
143
123
117
129
103
71
83
71
65
60
69
54
92
107
72
116
201
212
204
189
196
187
196
165
105
104
156
171
155
121
109
84
87
117
109
96
99
167
164
106
111
142
132
96
86
77
92
98
110
117
133
122
120
123
117
110
141
165
165
162
160
118
86
73
90
114
122
93
88
99
96
74
76
57
72
76
67
65
106
127
142
139
170
172
206
199
159
157
198
208
216
210
194
125
100
123
125
139
147
68
98
108
107
100
110
102
89
95
93
89
113
128
113
124
127
112
127
115
114
147
179
172
178
160
102
77
110
122
113
82
65
96
103
77
57
67
94
85
82
59
63
58
79
65
101
99
123
128
128
117
167
173
194
213
205
160
127
148
178
154
164
63
74
104
112
81
84
79
97
109
105
81
95
116
121
121
120
115
126
114
114
112
141
153
177
192
141
97
117
141
122
98
82
77
75
64
59
73
101
111
98
68
66
66
78
76
83
66
79
61
76
77
103
98
124
117
112
105
110
136
177
165
158
84
76
67
98
106
73
69
90
75
81
75
69
88
108
95
101
95
87
85
80
63
75
91
128
157
114
70
76
95
85
74
80
68
76
63
65
55
68
104
91
72
90
82
70
78
87
99
112
84
84
107
113
114
127
100
98
77
94
83
96
128
119
89
85
81
110
122
92
85
93
81
70
66
70
83
97
95
95
82
74
59
59
56
53
48
76
97
67
46
52
50
62
63
88
87
84
82
82
62
65
77
86
91
111
112
105
79
80
111
114
95
84
78
93
110
126
115
111
91
90
87
87
82
96
84
99
83
79
89
90
73
71
86
78
66
77
75
79
92
85
71
70
67
66
51
56
51
60
73
53
40
55
57
80
76
85
88
76
80
90
70
63
60
85
81
84
112
110
66
65
95
99
76
47
41
58
53
73
101
131
160
129
78
64
77
111
90
100
95
87
76
81
79
84
90
92
92
94
87
95
99
94
86
91
92
98
89
89
90
97
94
93
80
84
107
117
104
103
93
99
101
114
105
92
85
99
101
115
118
114
81
79
109
124
73
44
44
58
46
58
97
152
197
183
106
64
81
111
84
79
89
85
86
90
83
86
75
87
89
85
100
109
89
96
102
105
96
112
119
107
89
103
92
110
102
105
129
126
131
133
97
104
120
112
119
134
121
114
135
148
115
112
106
102
106
114
92
84
56
57
69
78
69
115
170
167
115
92
74
77
90
93
111
114
124
125
121
124
110
112
106
102
110
112
103
101
88
96
107
115
92
68
48
63
70
81
75
82
88
105
120
108
92
91
111
107
107
119
105
103
101
101
83
95
108
116
107
116
115
116
93
89
90
98
92
102
95
119
125
133
102
94
112
107
95
122
152
149
132
142
147
144
136
145
143
145
134
114
102
117
119
136
121
109
93
105
113
115
100
106
93
103
130
125
109
109
125
128
112
106
90
95
82
83
78
87
85
85
120
125
101
114
118
98
95
124
111
99
81
109
111
124
115
100
110
101
78
91
116
129
123
128
120
116
109
126
130
132
116
122
121
134
144
158
158
165
153
159
151
159
150
154
132
134
142
151
141
150
164
173
150
153
140
146
127
115
102
123
123
106
117
134
127
145
133
124
140
157
144
121
113
158
167
149
137
144
78
65
46
46
67
108
129
129
113
105
88
92
93
98
92
104
94
106
130
130
110
105
99
106
98
105
113
112
107
114
97
116
130
96
106
130
113
136
175
190
171
178
163
187
188
134
129
149
130
130
147
152
146
137
156
131
81
108
201
211
148
143
48
55
44
46
82
115
129
141
129
138
123
103
86
97
105
103
82
86
87
86
63
60
56
65
56
67
68
83
99
121
93
110
134
79
60
71
72
85
98
135
155
173
149
151
136
111
120
151
138
133
136
151
158
150
147
114
58
47
104
180
194
163
35
39
45
57
95
119
97
107
112
132
145
108
61
67
102
111
103
94
75
70
64
69
65
73
70
73
57
69
109
138
113
141
184
108
68
86
68
71
56
80
96
109
107
104
80
98
94
101
116
130
103
118
158
153
135
137
107
71
45
75
146
181
96
80
68
79
74
78
70
70
67
88
104
76
33
32
47
98
132
111
79
70
88
96
70
71
98
92
62
62
78
102
110
125
156
103
90
105
87
79
69
71
58
82
86
99
97
98
73
92
88
97
104
107
115
119
109
139
144
113
65
62
57
133
172
160
135
148
138
130
122
131
111
113
117
108
67
44
38
85
125
102
68
70
75
85
70
67
82
80
69
70
62
80
71
74
72
66
69
77
120
107
72
66
52
57
58
93
140
135
102
104
107
121
116
123
100
124
114
114
118
139
125
112
89
117
150
153
157
166
169
175
170
183
170
171
173
189
176
166
145
153
150
141
110
101
73
76
79
104
109
88
61
78
78
85
52
60
48
55
54
76
117
105
59
46
55
58
51
65
112
160
145
115
125
160
144
161
149
148
146
166
163
179
176
181
173
180
89
99
126
123
111
129
118
114
116
124
129
140
141
162
157
160
144
161
142
135
133
132
111
142
149
118
101
111
91
98
87
74
63
78
54
63
91
69
49
42
51
54
47
42
59
101
94
75
94
136
137
151
154
140
131
150
157
167
153
159
172
186
76
78
114
115
102
107
91
88
92
111
96
72
77
110
104
102
101
116
112
120
126
138
111
124
123
120
114
123
98
105
104
102
102
108
82
83
76
64
50
53
59
62
50
48
49
53
50
53
60
92
107
108
107
126
152
148
120
104
106
117
108
130
83
44
72
111
115
108
102
108
97
133
114
56
66
96
103
100
69
90
140
136
87
101
98
90
86
111
93
92
108
91
84
114
103
92
103
93
62
51
49
66
55
53
50
63
52
50
48
63
59
58
87
106
95
114
158
157
120
99
87
106
88
87
77
41
55
88
86
102
115
132
110
113
102
77
74
103
127
112
81
82
162
216
168
141
111
109
97
126
113
99
135
113
90
121
124
108
132
125
87
65
79
86
80
83
62
59
49
51
46
53
58
60
86
115
99
101
98
96
100
113
100
92
72
66
118
79
51
66
85
93
86
99
108
105
110
119
91
91
114
105
92
94
97
164
210
206
177
176
130
117
139
132
147
123
86
104
115
117
124
115
92
93
82
93
132
130
92
82
87
84
70
71
61
71
87
94
102
117
88
75
110
146
127
110
116
111
124
117
76
80
106
100
72
69
72
89
99
118
102
99
98
96
103
108
84
87
93
124
139
157
132
115
123
133
116
98
85
92
82
100
75
92
102
148
130
107
146
153
137
136
158
167
149
149
120
110
130
123
133
164
137
107
141
183
175
169
166
177
84
98
87
80
92
102
86
63
75
92
78
93
90
86
80
89
89
101
108
96
69
79
87
102
89
99
82
94
88
85
88
109
80
91
85
90
72
131
134
84
106
123
105
102
129
147
137
141
123
107
122
121
127
150
135
121
111
130
153
166
147
147
83
90
91
98
88
87
78
78
87
96
87
90
86
82
86
98
89
98
102
101
93
90
81
109
108
115
83
76
76
96
80
95
92
99
109
101
67
82
76
69
81
82
64
67
66
80
72
77
72
76
74
91
92
89
76
81
62
81
76
107
127
132
105
104
92
91
89
91
88
91
75
84
97
89
77
85
84
89
81
82
95
99
80
80
84
97
98
111
91
79
72
85
68
66
80
86
81
103
95
70
65
80
100
94
75
86
73
75
71
78
66
72
77
94
76
68
56
66
70
92
95
109
103
112
127
130
122
121
116
122
98
93
101
102
97
98
95
114
96
98
92
92
93
109
98
106
132
134
115
104
88
93
90
101
78
74
75
73
61
86
83
79
70
81
98
100
97
108
97
104
89
87
76
74
73
87
72
84
68
60
73
129
163
159
124
103
126
139
157
162
133
120
125
124
103
115
102
104
104
124
128
110
85
97
83
97
114
127
165
163
137
130
132
131
104
96
104
90
63
70
74
83
67
77
68
75
73
97
90
92
107
117
90
68
65
75
63
63
66
74
64
54
50
92
119
123
103
83
171
182
185
190
155
138
166
181
163
158
135
143
153
161
163
141
100
87
98
135
126
109
134
131
116
127
141
148
137
128
140
116
77
70
85
97
80
89
78
88
91
106
101
101
93
98
84
68
65
76
67
76
79
78
69
85
74
76
61
75
72
77
170
176
156
156
143
135
132
169
195
183
150
157
189
189
172
177
158
142
128
157
124
71
104
129
119
129
117
130
128
128
119
110
86
90
76
88
106
102
76
83
120
126
97
96
110
110
83
81
66
77
108
131
118
136
118
114
114
104
82
87
74
92
120
123
111
113
122
124
102
123
140
137
132
137
154
171
176
191
191
201
187
190
147
90
124
180
184
194
171
169
161
165
142
141
125
143
126
143
176
166
147
148
166
164
138
134
162
175
141
140
131
141
172
190
174
172
170
182
145
109
118
125
106
104
109
110
115
123
116
132
123
104
115
129
109
116
110
130
134
155
149
159
151
141
141
128
102
127
159
170
170
187
171
159
156
174
150
148
155
180
198
188
180
203
207
165
131
157
182
185
179
186
169
176
169
175
151
127
147
178
168
168
146
124
156
154
119
125
122
132
112
114
114
106
119
137
126
120
106
116
111
115
103
106
89
88
105
115
76
80
80
97
99
122
113
115
114
136
117
115
100
109
135
143
124
155
188
156
111
128
140
146
153
149
133
146
153
133
99
85
87
126
139
150
147
140
150
152
101
110
106
106
120
109
86
93
103
121
127
111
94
98
121
120
125
127
98
88
82
94
92
92
78
107
91
93
113
136
119
126
139
145
115
114
165
184
114
91
143
152
134
142
153
148
116
129
114
116
144
119
92
96
73
78
79
91
84
110
95
91
127
125
104
98
122
119
95
96
124
119
96
87
89
100
103
121
135
141
130
131
100
88
80
103
112
143
125
89
109
136
114
113
142
167
140
134
179
199
118
70
91
117
114
121
169
172
133
142
137
135
128
121
112
129
92
58
53
77
55
59
53
67
138
129
120
128
125
138
124
110
126
118
87
86
92
99
78
93
114
104
109
127
103
65
57
91
111
108
139
67
84
113
82
94
105
121
100
96
104
110
89
66
82
106
82
73
115
127
133
140
130
141
118
133
108
98
96
69
73
82
64
56
59
84
91
89
92
108
107
122
126
126
112
103
99
110
107
101
79
83
103
99
85
105
103
78
70
90
119
104
114
67
93
125
103
119
86
86
68
75
64
79
77
66
101
122
85
71
75
94
98
107
104
111
105
123
123
115
107
81
57
79
106
117
133
152
90
96
77
80
102
93
85
96
110
102
84
97
105
101
106
108
105
121
114
113
106
98
66
66
101
119
124
96
88
109
121
139
92
76
85
100
88
95
92
97
87
106
106
79
75
99
83
85
111
107
81
87
134
154
147
110
61
84
122
146
166
165
99
117
96
92
112
97
65
80
124
121
84
96
112
104
101
114
97
103
99
87
73
80
70
80
72
86
118
118
108
120
101
101
78
76
90
101
94
96
94
103
95
102
85
69
78
91
91
90
103
101
79
77
120
152
134
128
99
113
105
125
118
131
69
93
125
126
97
88
62
64
98
128
105
86
90
81
69
79
75
71
71
72
54
61
64
80
67
85
97
104
84
89
95
87
72
80
72
74
81
88
79
72
84
91
83
88
73
73
82
85
73
74
68
66
80
110
94
96
108
122
97
116
101
90
64
76
107
133
116
106
69
60
83
142
130
89
91
98
93
100
92
92
85
98
86
83
73
89
100
114
108
132
113
108
124
126
116
123
107
104
103
103
79
71
69
71
84
93
85
82
83
78
62
63
66
76
66
67
70
88
86
96
106
113
97
81
