81
0
0
0
0
0
0
0
0
0
0
46
23
5
29
0
0
0
0
85
101
48
0
0
0
0
0
41
94
7
0
0
0
0
0
0
0
0
0
0
0
0
41
80
69
52
27
28
130
240
231
145
42
0
0
0
0
0
0
8
60
150
292
249
200
83
0
0
111
158
11
0
0
0
0
0
0
65
0
0
0
3
72
69
62
17
0
0
0
0
54
111
22
0
0
11
0
0
0
0
0
7
70
84
77
80
52
39
94
125
108
113
98
46
46
83
93
44
0
0
84
56
0
0
237
305
389
402
271
154
197
337
362
129
0
0
0
0
0
174
211
123
43
0
0
0
44
98
116
139
107
6
0
17
77
90
76
96
165
205
190
137
55
30
82
108
79
65
76
76
83
31
0
0
0
0
0
83
160
156
123
118
140
136
99
25
0
76
145
317
447
352
204
175
193
234
198
0
0
0
0
0
0
9
47
7
0
0
0
62
155
157
89
5
0
3
160
155
0
0
0
136
217
180
108
76
67
63
48
19
34
66
0
0
0
0
0
0
0
4
58
65
92
66
17
52
93
83
0
0
0
0
103
135
47
0
0
21
218
338
280
0
0
0
0
0
0
0
0
0
0
0
2
33
20
6
27
97
151
129
21
0
0
0
0
30
26
0
0
0
0
0
0
0
0
0
0
0
0
50
57
5
0
0
0
6
45
48
6
0
0
0
0
0
0
0
7
8
53
110
117
173
260
287
214
4
0
0
0
0
0
0
0
0
0
0
0
0
0
32
33
39
138
156
0
0
0
0
0
0
0
0
0
0
0
0
0
0
0
0
30
131
72
0
0
0
0
25
117
124
55
0
0
0
0
0
0
0
0
98
243
226
71
0
30
224
348
333
228
4
0
0
0
0
0
0
0
0
0
0
0
0
0
0
52
181
199
80
0
0
0
53
65
32
0
0
0
0
0
0
0
0
0
0
0
0
0
0
0
55
59
75
106
123
0
33
10
26
79
24
0
0
36
12
0
0
33
80
122
237
381
353
195
36
0
0
43
99
111
89
80
24
0
0
0
0
0
94
222
274
254
217
201
205
148
77
62
11
0
0
0
0
0
0
0
0
0
0
0
0
0
0
0
0
48
177
165
127
85
52
47
9
0
0
0
0
0
23
19
3
19
97
273
460
532
438
224
0
0
0
0
0
10
101
81
22
0
0
0
28
98
169
232
233
176
106
30
0
27
74
122
209
263
224
236
290
204
52
0
0
0
0
0
0
0
0
0
66
0
0
51
53
0
0
0
1
3
0
0
0
0
30
30
0
0
0
118
171
153
67
0
0
0
0
0
0
0
104
77
0
0
0
0
0
0
0
0
0
0
9
0
0
118
235
295
319
324
293
152
0
0
21
38
57
102
106
55
58
84
57
0
0
0
0
0
0
0
0
0
0
0
0
35
43
0
0
0
0
0
0
0
39
280
396
354
181
0
0
0
0
0
0
0
0
0
0
0
0
0
0
0
0
0
0
0
0
0
17
43
12
0
0
0
0
0
0
0
0
0
0
0
0
0
0
0
0
0
0
0
0
0
0
72
113
70
0
0
0
0
0
0
0
0
0
0
28
138
232
270
185
1
0
0
0
0
0
0
0
0
0
0
0
0
0
0
0
0
0
0
0
0
0
0
0
0
0
0
0
0
0
0
0
0
0
394
314
194
144
188
198
100
0
0
114
201
172
75
0
0
0
88
177
245
270
196
53
0
0
0
0
0
0
0
0
13
141
81
0
0
0
0
0
0
0
0
32
31
0
0
0
9
0
0
0
0
0
0
0
0
0
0
0
71
123
13
0
331
342
372
382
393
405
377
348
329
259
162
108
74
109
273
395
398
415
452
444
422
419
407
353
275
164
0
0
0
0
0
0
144
65
30
97
32
0
0
0
0
0
0
0
0
0
17
0
0
0
0
0
0
0
0
0
0
0
1
100
84
81
127
130
86
74
92
149
263
327
254
108
15
3
0
0
69
195
262
266
217
145
139
212
290
363
431
463
448
359
165
0
0
0
0
0
64
161
179
87
0
0
0
0
0
0
0
0
0
0
0
0
0
3
0
0
0
0
0
0
0
0
0
0
111
53
0
0
0
16
26
36
0
0
0
0
0
0
0
0
0
0
0
0
0
0
0
9
23
69
171
275
297
212
33
0
0
0
0
0
202
315
222
168
223
250
229
228
195
95
47
71
93
148
216
181
77
21
6
50
167
211
156
89
34
0
0
0
0
0
0
0
0
0
0
0
0
0
0
15
96
59
0
0
0
0
0
0
0
0
0
0
12
71
168
261
289
193
9
0
0
0
0
76
238
385
476
492
460
416
382
353
342
366
397
380
313
231
190
214
243
263
286
254
181
152
201
262
0
0
0
0
0
0
0
0
0
0
0
0
0
4
0
0
0
33
6
0
0
0
0
0
0
0
0
0
15
183
328
420
392
236
29
0
0
0
0
0
0
0
0
0
48
133
150
184
253
230
142
126
159
152
147
157
121
87
79
42
28
105
77
159
153
40
0
0
0
0
0
0
0
0
0
0
0
0
0
57
40
0
0
0
0
0
0
0
0
0
0
108
243
302
354
421
432
294
55
0
0
0
0
0
0
0
0
0
0
0
0
0
0
0
0
0
0
0
0
0
18
87
89
21
0
69
181
29
0
0
0
0
0
0
0
41
49
0
0
11
20
30
7
0
0
0
0
0
0
0
0
0
0
0
0
0
74
202
305
408
470
417
309
162
0
0
0
0
0
0
0
0
0
0
0
0
0
0
0
0
0
0
0
0
63
42
0
0
0
0
0
0
51
145
235
256
208
137
59
6
21
60
25
0
0
0
0
0
0
0
102
240
263
186
35
0
0
0
0
0
0
116
258
364
376
332
378
429
351
209
45
0
0
0
0
0
0
0
0
0
0
0
0
0
0
0
0
0
373
157
0
0
57
68
109
146
146
172
152
35
0
0
0
0
0
0
0
28
22
0
0
0
0
103
140
67
11
0
0
0
0
0
0
0
0
5
32
59
242
487
571
528
468
402
344
271
124
0
0
0
0
0
0
0
0
0
0
0
0
0
328
286
93
61
169
174
71
0
0
0
36
48
29
26
14
9
7
0
10
103
157
110
25
0
0
0
0
0
0
0
0
29
71
74
58
28
0
0
0
0
3
138
226
252
277
343
426
498
486
384
338
380
407
387
360
277
112
0
0
0
0
0
0
69
113
53
34
101
102
51
51
58
84
142
129
79
89
98
100
127
134
182
306
373
316
184
44
0
36
102
116
91
29
6
68
96
47
10
42
45
0
0
0
0
0
0
0
15
25
66
143
142
118
177
239
306
400
410
306
214
245
255
179
177
0
0
37
0
0
0
0
30
95
113
90
98
115
107
101
109
143
192
217
221
255
337
399
402
365
294
241
272
307
246
124
13
0
0
0
0
35
117
116
35
0
0
0
0
0
0
0
0
0
0
0
7
0
0
3
18
49
103
208
312
318
256
0
0
0
39
36
0
0
23
0
4
13
6
47
74
51
59
81
76
67
58
57
90
167
260
297
236
142
110
102
46
0
0
0
0
0
0
0
39
99
47
0
0
0
0
6
60
43
38
66
148
224
237
231
168
19
0
0
0
7
120
142
62
0
0
0
78
126
74
32
15
0
0
0
0
0
0
0
0
0
0
0
0
0
0
0
0
0
0
0
0
0
0
0
0
0
0
0
0
0
0
0
0
0
0
0
0
0
2
0
4
74
136
143
168
231
218
63
0
0
0
0
28
10
0
2
34
2
0
0
0
0
0
0
0
0
0
0
0
0
0
0
0
0
0
0
0
0
0
0
0
0
0
0
0
0
0
0
0
0
0
0
0
0
0
0
0
0
0
0
0
0
0
0
0
0
0
0
6
75
54
0
0
0
0
12
92
5
0
0
0
0
0
0
0
0
0
0
0
0
0
0
0
0
0
0
0
0
81
139
134
94
53
24
28
52
27
0
0
5
7
0
2
0
0
0
0
10
63
103
46
0
0
0
0
0
0
0
0
0
0
20
207
318
211
0
0
0
37
0
0
0
0
0
0
0
0
0
0
0
0
0
0
0
0
0
0
0
0
0
0
0
0
0
0
0
36
94
83
33
5
0
0
0
0
26
94
109
122
190
220
164
108
84
41
0
0
0
0
0
0
0
0
0
79
252
209
34
0
0
0
0
0
81
87
35
0
0
0
0
0
0
0
0
0
0
0
0
0
0
0
0
0
0
0
0
0
0
0
0
0
0
0
0
0
0
0
0
0
0
0
0
0
0
0
0
0
0
0
0
0
0
0
0
0
0
0
0
0
0
0
0
0
178
167
216
286
287
170
60
63
120
160
188
204
200
186
141
70
37
19
0
12
32
13
0
7
39
22
0
0
0
0
64
30
0
24
49
14
0
0
0
0
0
0
0
0
0
0
0
0
0
0
0
0
0
0
0
0
0
0
0
0
0
0
228
188
159
158
127
56
0
0
0
0
0
76
146
125
76
88
145
192
234
296
367
402
393
380
376
361
327
257
150
108
152
138
126
253
381
386
326
256
163
36
0
0
0
0
0
0
0
0
0
10
0
0
0
0
8
66
228
340
206
0
0
0
100
96
17
0
0
0
75
77
0
0
0
0
79
84
4
0
0
70
182
221
188
152
137
128
121
148
187
140
15
0
0
0
0
0
108
171
199
294
413
414
329
269
264
330
335
215
154
145
76
58
122
100
0
0
20
0
0
204
485
430
102
0
0
0
0
0
20
141
226
263
245
181
115
126
198
241
186
18
0
0
7
15
0
0
0
0
0
0
8
69
82
42
0
0
0
0
0
0
0
26
128
254
349
342
269
206
143
112
166
215
195
154
144
163
161
143
82
0
0
0
130
412
422
146
0
0
0
0
0
0
0
0
0
67
75
22
11
104
177
94
0
0
6
0
0
0
0
0
0
0
0
33
151
205
209
288
333
195
49
0
0
0
0
56
154
197
161
11
0
0
0
0
24
14
0
35
140
137
94
56
0
0
0
0
141
171
0
0
0
0
0
0
0
0
0
0
0
0
0
0
0
0
0
0
0
0
19
46
0
0
0
0
0
0
1
92
198
296
329
240
149
64
0
0
19
63
55
86
128
88
0
0
0
0
0
0
0
0
0
0
0
0
0
0
0
0
0
0
280
214
104
86
80
33
26
33
0
0
0
0
0
0
0
0
0
0
0
0
0
0
0
0
0
0
0
0
0
0
0
0
6
0
32
72
110
128
108
72
29
18
76
194
247
157
79
79
40
0
0
0
0
0
0
0
0
0
0
0
0
0
254
267
212
212
253
282
321
347
311
275
331
410
371
252
189
192
174
97
2
0
0
0
0
0
0
0
0
0
0
0
0
0
0
0
0
0
116
132
52
0
0
0
15
98
250
372
359
284
260
238
195
185
159
80
28
73
179
263
279
263
244
195
59
170
175
74
25
54
59
47
35
16
105
258
300
261
234
249
281
219
74
46
122
121
109
180
185
85
42
29
0
0
0
0
0
0
0
0
46
65
0
0
0
0
0
0
44
155
155
105
160
241
223
199
189
84
0
0
135
239
253
256
320
374
51
132
182
129
64
2
0
0
0
0
0
0
8
0
0
0
64
38
0
0
0
0
12
56
61
15
20
12
0
0
1
0
0
0
0
0
0
0
0
0
0
0
0
0
0
8
10
6
36
87
67
15
34
112
185
178
83
8
28
92
161
229
0
0
52
141
120
76
56
23
15
49
0
0
0
0
0
0
0
12
54
0
0
0
0
0
0
0
0
0
0
0
0
6
0
0
0
0
0
0
0
0
0
0
0
0
0
0
0
0
0
0
0
17
0
57
219
244
55
0
0
0
0
0
0
0
0
0
0
27
151
207
163
89
0
0
0
9
78
39
0
4
259
411
296
81
0
0
0
0
0
0
19
54
54
105
121
115
155
108
0
0
0
0
0
0
0
0
0
0
0
0
0
0
0
0
0
0
0
0
0
0
0
0
0
0
56
0
0
0
0
0
27
105
115
91
103
85
33
45
89
69
15
0
39
266
477
485
381
279
174
134
170
192
194
133
29
23
91
126
129
109
27
0
0
0
68
27
0
0
0
0
0
0
0
0
0
0
0
0
0
0
0
5
0
0
0
0
131
80
0
0
31
38
0
0
0
0
45
84
77
62
39
22
36
16
0
0
20
126
198
178
96
64
137
194
139
49
9
0
0
0
0
0
127
221
212
195
239
280
286
303
340
343
313
269
202
172
178
161
189
252
223
192
286
382
362
262
185
181
0
0
0
0
6
23
0
0
0
0
0
2
31
11
0
4
35
59
42
0
0
0
10
4
0
0
0
37
47
36
83
106
48
14
0
0
2
168
203
83
45
94
105
118
200
266
267
249
212
172
152
150
211
294
295
230
175
175
211
216
180
190
0
0
0
0
0
0
0
0
0
0
0
0
0
0
0
0
0
18
16
0
0
0
0
0
0
10
0
0
0
0
20
61
81
117
137
62
0
0
3
0
0
0
0
0
0
0
0
0
0
1
8
29
49
38
42
39
0
0
0
0
0
77
0
0
0
0
0
0
0
0
0
0
0
0
0
0
0
0
0
0
11
0
0
0
0
0
0
0
0
0
0
0
0
0
26
56
50
75
69
11
0
34
56
6
0
0
0
0
0
2
9
9
56
86
45
0
0
36
52
0
0
0
15
51
0
0
0
0
0
0
0
0
0
0
0
0
0
0
0
0
0
0
0
0
0
0
0
3
0
0
0
0
0
0
0
0
0
0
0
0
0
0
0
0
1
0
0
14
21
21
35
54
39
13
21
21
3
4
0
0
26
207
341
322
214
128
0
0
0
3
0
0
0
0
0
0
0
0
0
0
0
0
0
0
0
0
0
163
212
147
71
35
32
0
0
0
0
0
0
0
0
0
0
0
0
0
0
0
0
0
0
18
8
0
0
0
0
0
0
0
0
0
0
0
98
138
85
24
195
243
284
261
157
125
200
203
125
68
33
14
0
0
0
0
0
0
0
0
0
27
0
0
0
0
0
0
0
0
0
0
0
0
0
0
0
0
0
0
0
0
0
0
0
0
0
0
0
0
0
0
0
0
0
0
0
0
0
0
0
0
236
234
181
134
90
42
86
219
279
229
177
202
258
235
157
91
23
0
0
0
0
0
0
0
0
0
0
0
0
0
0
0
0
0
0
0
0
0
0
0
0
0
0
0
0
0
0
0
0
0
0
0
0
0
0
0
0
0
0
0
0
0
21
0
0
0
11
18
3
43
59
27
29
88
168
223
261
305
347
376
393
344
161
40
171
352
405
370
288
214
193
176
111
46
49
90
114
135
139
110
62
0
0
21
68
61
79
68
0
0
0
7
90
208
294
332
309
201
27
0
0
0
0
0
20
17
35
39
32
79
108
71
43
10
0
8
69
93
93
107
115
141
191
218
205
137
89
161
260
286
315
325
233
141
145
144
73
57
149
205
136
107
248
354
253
87
22
56
110
166
220
232
227
200
166
196
205
195
279
363
355
305
215
151
199
218
0
10
70
76
9
0
43
34
18
61
111
113
83
57
26
0
0
0
0
0
0
55
0
0
0
0
0
44
20
0
2
21
0
0
0
0
0
0
41
273
318
172
40
0
0
0
21
30
10
43
73
36
0
0
14
217
313
324
338
351
360
294
0
0
0
0
0
0
0
0
0
23
108
92
28
43
112
108
72
46
0
0
0
72
100
4
0
0
0
33
107
112
129
135
124
97
72
112
214
234
149
136
193
205
219
228
166
63
0
0
0
0
13
0
0
0
0
1
30
44
103
164
133
67
146
120
50
7
17
0
0
0
10
41
0
0
0
4
85
132
144
161
158
94
30
27
43
29
38
82
83
71
65
49
27
55
187
290
284
305
409
396
206
39
0
9
103
223
316
285
183
138
125
104
68
8
0
2
0
0
0
0
0
0
0
0
175
157
167
162
139
152
137
83
62
51
11
0
0
0
0
0
0
0
0
20
0
0
0
51
34
3
0
0
0
0
0
0
26
118
71
23
43
43
0
0
0
0
0
4
102
146
183
179
127
124
154
103
0
0
0
0
0
0
0
0
0
0
0
0
0
23
31
106
193
141
4
0
26
38
1
0
0
0
0
0
0
52
76
26
8
67
122
79
0
0
0
0
27
46
44
6
0
0
0
0
0
0
0
46
22
1
0
10
34
42
29
47
108
121
15
0
0
0
0
0
0
0
43
37
68
0
0
0
0
38
83
99
30
0
0
16
61
92
123
125
139
173
177
177
182
128
27
8
88
129
80
15
20
70
124
150
88
25
48
72
47
34
58
66
46
56
52
7
21
55
28
39
109
117
80
109
173
195
164
34
0
0
42
150
235
240
115
106
0
0
0
0
3
77
81
0
0
0
55
41
36
41
35
41
28
0
0
0
0
0
0
0
0
0
0
0
0
0
0
0
0
0
0
0
55
105
115
89
9
0
0
19
37
73
132
130
65
69
194
288
253
157
83
46
27
44
104
150
0
120
199
112
0
0
0
35
117
101
53
42
0
0
0
0
0
0
0
0
0
0
0
0
0
0
0
0
0
0
0
0
0
0
0
0
0
0
0
0
29
65
48
26
1
0
19
51
56
46
39
46
91
137
121
95
121
115
64
65
83
90
