-81
26
-102
-158
-10
-5
-103
-50
179
392
268
38
-31
-95
-173
-88
119
110
-49
-83
3
48
10
-7
-29
-7
141
49
-232
-175
41
55
11
-48
-14
94
39
10
11
-76
-65
33
43
8
11
-40
-61
92
152
86
89
59
-22
-31
-49
-69
-117
-239
-169
18
60
52
-132
-69
-194
-241
-18
95
-71
-160
43
356
374
134
-45
-51
-94
-179
-7
146
87
7
-2
-3
-38
-37
-22
15
139
103
-156
-281
-94
100
65
-75
-64
58
54
43
52
-29
-36
50
83
10
-30
-29
-42
105
224
129
22
-12
-54
-43
-55
-134
-170
-161
-92
-12
79
100
-115
-61
-167
-372
-179
160
75
-119
-120
47
213
152
29
105
104
-102
-117
41
123
47
-18
26
4
-70
-30
63
75
52
-70
-257
-147
98
80
-40
-45
17
52
21
17
28
22
32
65
17
-54
-18
9
33
141
152
-20
-37
73
39
-50
-192
-223
-82
-62
-74
41
41
-17
-12
-63
-291
-261
30
100
-33
-163
-102
-18
-57
1
211
274
43
-101
21
101
-19
-35
66
58
0
11
47
-9
-49
-79
-129
-58
17
-44
-4
95
90
45
-62
-54
42
51
25
28
11
-22
-18
-58
-173
-29
210
25
-1
284
170
-50
-189
-232
-104
-67
-38
9
-11
101
18
-1
-87
-189
-105
-1
-99
-120
49
-8
-162
-176
-8
222
85
-69
132
196
1
-18
44
48
99
80
11
-54
-102
-73
1
23
-91
-235
-68
169
222
126
-92
-100
19
35
36
20
-18
8
-20
-209
-379
-123
327
186
70
365
207
-64
-176
-211
-118
-63
-4
-26
-16
124
46
15
-4
-77
-57
-55
-182
-33
172
73
-67
-242
-207
56
-94
-187
152
295
158
40
-34
2
153
162
40
-71
-81
7
62
17
-101
-234
-198
13
215
194
-24
-92
-1
54
47
18
-8
-3
-89
-280
-357
-97
367
358
135
248
155
-46
-182
-200
-41
-9
-48
-93
-51
84
59
46
-12
-13
33
-18
-92
67
112
-15
-31
-124
-104
4
-267
-366
-50
181
275
154
-54
-21
161
207
58
-90
-34
49
81
35
-38
-76
-209
-147
60
101
60
12
19
75
24
-24
8
-55
-212
-239
-175
-93
259
466
210
115
114
-12
-148
-145
17
29
-63
-116
-83
109
61
44
24
11
-20
-15
65
128
10
-101
-36
-15
28
38
-201
-393
-275
-19
218
213
15
13
179
193
33
-100
-70
-21
43
89
71
44
-92
-118
-36
0
67
97
37
12
-17
-54
-55
-148
-263
-187
-65
-81
171
495
267
33
44
-21
-68
-41
11
13
-6
-16
-37
121
47
-7
58
25
-127
-65
127
118
-18
-43
-7
-11
55
69
-39
-235
-274
-106
52
76
-73
-35
185
208
132
-12
-123
-103
-32
73
143
116
16
-28
-3
10
21
70
-2
-82
-30
-23
-90
-172
-197
-177
-88
0
168
394
220
-32
-23
-22
-29
-20
-14
13
58
123
28
95
79
11
9
-12
-158
-69
141
85
-30
-4
21
5
72
68
-38
-124
-106
-64
-31
-73
-261
-188
63
154
222
148
3
-17
-24
-33
79
192
77
-14
33
29
21
36
-48
-100
-37
-16
-28
-66
-99
-161
-119
48
143
192
102
-19
-17
-4
-13
-24
-50
-1
114
170
29
95
186
128
-33
-76
-112
-10
163
97
-35
-23
57
81
53
-36
-201
-174
-3
13
34
-13
-185
-158
-28
18
85
114
72
160
100
-151
-40
246
126
-70
-53
-6
74
62
-19
-40
-58
-31
41
18
-62
-117
-79
39
90
38
36
60
-9
-20
37
24
-106
-79
158
187
34
74
194
171
-11
-95
-45
40
133
170
102
30
65
94
-71
-254
-288
-153
1
51
95
65
-2
5
40
18
6
6
-65
127
194
-142
-159
200
209
-109
-209
-53
77
54
61
40
-64
-6
101
36
-97
-98
6
42
45
1
26
94
-1
-54
31
20
-143
-136
120
185
79
30
82
82
20
-54
-40
-24
53
269
296
101
6
13
-192
-393
-230
-26
27
93
88
-6
-35
-2
36
31
53
60
-84
10
227
27
-211
67
235
-92
-276
-86
27
-6
108
141
-20
-29
100
67
-103
-105
29
8
-7
31
54
104
14
-107
-27
10
-78
-67
45
75
45
5
38
36
26
-5
-67
-123
8
303
313
74
-50
-62
-165
-297
-169
18
89
136
62
-76
-111
-83
-63
-49
-12
23
-64
-15
206
194
-38
-8
125
-30
-247
-190
-19
9
86
172
60
-55
9
79
-5
-85
-71
-84
-55
49
135
150
5
-116
-71
-22
42
97
32
-38
17
25
32
28
32
18
-21
-83
3
216
184
13
-55
-104
-95
-117
-101
20
108
105
13
-55
-62
-66
-61
-61
-79
-90
-177
-149
23
189
186
69
89
70
-183
-301
-111
1
35
99
87
2
-34
48
66
-48
-148
-109
-27
64
171
127
-4
-40
-104
-102
83
163
14
-80
92
43
-41
-51
64
68
28
-8
2
80
84
21
-75
-159
-67
4
-33
2
91
82
-1
-28
-17
-1
-9
-31
-31
-51
-201
-297
-182
13
129
141
177
167
-24
-190
-201
-120
30
91
64
33
-12
-17
7
-23
-137
-81
68
104
101
25
-13
2
-62
-69
51
108
-49
-116
112
-20
-114
-67
125
145
4
-37
15
10
35
20
-87
-114
13
68
-71
-94
57
108
62
0
-16
26
1
-18
13
20
-109
-270
-201
-119
-75
33
119
160
161
71
-138
-114
117
150
48
-4
-20
-76
-63
-12
-100
-65
90
83
5
-24
4
-1
5
4
-10
41
-78
-93
98
-114
-153
75
203
133
-10
-56
22
9
-19
-74
-54
57
104
38
-139
-107
53
68
80
71
-13
-15
18
9
8
6
-61
-135
-75
-72
-126
-128
-82
3
111
141
-4
90
246
109
8
-1
2
-32
-51
-18
-36
-29
14
4
-14
-13
10
17
17
-21
-51
1
-104
-32
175
-103
-137
137
168
26
24
-4
-33
-37
-48
-98
-17
129
101
-34
-121
43
133
-56
-47
102
16
-50
8
-4
8
-7
-26
62
106
27
-74
-156
-143
-132
-118
-43
-36
216
263
-88
-85
72
120
110
7
-13
56
44
-37
-55
13
11
-1
37
-6
-79
-23
40
-111
-37
189
20
55
51
-11
-44
39
3
-68
-91
-48
12
53
67
36
-28
-75
138
204
-167
-236
62
100
-37
-48
-39
22
44
15
162
235
76
-38
-58
-46
-115
-170
-168
-173
163
126
-339
-221
88
183
167
43
11
115
175
46
-113
-71
17
75
89
4
-67
-28
54
-16
-31
94
21
281
72
-134
-60
57
17
1
-59
-64
46
67
-17
-12
31
-50
87
177
-174
-309
-6
127
-11
-10
52
72
63
-36
57
212
98
-18
15
43
-20
-32
-102
-186
80
18
-396
-307
-9
95
51
-8
-25
57
268
168
-165
-198
-12
120
135
139
101
-62
-36
33
-14
77
-115
195
114
-104
-57
86
95
54
-22
-54
-32
-43
-52
-13
28
-8
23
78
-83
-234
-112
27
7
84
224
185
10
-133
-53
140
136
-26
-36
80
82
50
-52
-109
42
39
-188
-219
-91
-8
-70
-98
-94
-61
180
156
-168
-225
-62
6
79
260
288
-17
-123
-17
-20
79
-118
-60
-3
3
1
44
75
3
-22
19
-48
-132
-49
-2
-14
29
-3
8
14
-117
-181
-88
-29
29
262
306
4
-175
-43
144
170
-13
-77
76
128
28
-112
-93
32
106
31
-58
-80
-36
-77
-91
-76
-80
40
48
-144
-184
-93
-101
12
203
252
-5
-194
-57
25
24
-5
-105
-107
15
78
39
-22
-59
-11
62
12
-122
-91
-13
-5
24
2
9
44
-6
-114
-135
-124
-132
162
360
78
-158
-22
147
133
34
-20
50
89
0
-124
-143
-5
144
84
-5
-20
-23
-49
-35
-39
-4
29
-44
-122
-105
-83
-64
42
100
86
-56
-187
-109
29
33
48
1
-107
-96
96
113
-48
-38
33
43
34
-78
-131
-31
17
19
43
44
41
49
-11
-89
-165
-220
73
320
115
-98
-33
72
24
9
19
28
40
27
-31
-151
-64
93
9
-39
34
31
-14
-64
-80
51
89
-45
-94
-67
-82
4
85
82
31
-39
-68
-114
-36
34
6
34
-52
-127
50
127
0
-11
48
50
13
-56
-95
-48
5
47
71
60
41
44
27
-12
-103
-186
39
222
66
-50
-54
-24
-52
-54
21
23
1
58
58
-69
-87
-17
-48
-83
6
116
78
-114
-127
66
140
46
-58
-83
-95
-44
1
12
48
84
69
-34
-88
-56
-38
5
28
-34
2
66
34
-33
1
53
0
-30
-32
-58
-9
68
54
25
16
38
35
7
-39
-97
27
131
20
-65
-93
-48
-22
-37
26
13
-41
36
93
25
-72
-72
-39
-100
-45
162
150
-118
-147
90
214
116
-45
-58
-63
-152
-195
-194
-6
259
252
32
-150
-108
-2
-14
40
35
-4
13
17
-27
-24
2
-1
-10
-28
-30
9
34
12
-2
-17
-1
33
28
-16
-33
8
51
21
-98
-112
-15
16
44
46
-31
-52
3
49
48
-16
-67
-65
-45
12
129
125
-85
-136
105
242
129
-12
-29
-36
-150
-283
-360
-112
319
378
92
-126
-86
45
-36
-20
12
-15
6
6
16
2
-26
12
-21
-59
17
38
2
-10
-13
-40
-28
66
103
5
-32
-28
-11
18
-94
-98
-33
-3
107
79
-73
-47
2
-34
18
49
-40
-82
41
79
30
34
-27
-69
56
140
123
67
-25
-51
-53
-172
-305
-152
171
255
130
22
-23
54
-30
-63
-80
-54
29
13
15
21
5
21
-26
-44
34
66
49
-2
-49
-64
5
126
146
18
-67
-53
-7
12
-46
-64
-103
-35
111
79
-77
-59
22
-24
24
63
2
-18
60
44
-48
-30
-33
-52
17
41
63
97
16
-65
-20
-20
-77
-96
-35
32
83
117
54
42
45
-41
-165
-103
36
16
-16
20
37
-2
-39
-16
39
83
74
-13
-76
-81
-3
94
105
19
-60
-38
22
22
19
3
-116
-64
71
50
-74
-77
44
52
56
45
33
57
51
-10
-60
0
-63
-108
20
11
-18
80
42
-94
-38
82
88
-74
-144
-35
45
92
37
4
113
24
-154
-165
-56
-12
7
46
58
-8
-54
-18
38
45
20
-29
-99
-91
-10
38
49
15
-15
-9
0
12
49
41
-47
-58
-10
38
-38
-99
34
56
-20
-29
38
86
62
-29
-74
89
36
-111
-2
8
-46
36
10
-77
-34
103
167
-61
-258
-100
109
102
-45
-34
100
57
-118
-231
-178
-67
35
63
67
51
6
-12
-3
-8
14
1
-100
-72
50
69
34
-1
4
0
-41
-25
-1
-22
16
-10
-106
72
99
-83
-12
-6
-140
-151
-36
17
47
-4
-58
163
140
-98
-30
45
-38
-41
-27
-2
-13
84
270
76
-340
-330
46
158
10
-8
30
19
-147
-262
-158
-61
1
5
4
107
153
47
-78
-62
43
49
-18
0
79
78
24
-15
-4
-3
-26
-35
-108
-147
18
17
-186
115
288
4
-31
-19
-102
-163
-150
-93
9
40
28
139
77
-98
-59
26
0
-46
-98
-18
35
94
281
223
-150
-373
-228
-4
117
110
12
-26
-144
-192
-47
6
-27
-65
-97
95
276
132
-115
-160
-64
38
104
89
37
2
23
12
-38
-23
50
22
-151
-216
-34
-18
-229
119
372
50
-9
42
16
-60
-126
-107
-44
15
56
53
12
-40
-77
-45
12
-4
-143
-81
63
48
110
225
157
-90
-284
-266
-52
170
83
-4
-65
-42
22
27
2
-43
-113
53
276
193
-40
-217
-258
-26
191
138
-14
-66
40
64
-73
-55
98
74
-77
-159
-77
-43
-164
85
251
7
-45
37
96
48
2
-42
-73
-65
-77
-34
72
40
-57
-56
-28
-10
-61
-60
21
-14
-46
93
213
125
-49
-253
-311
80
95
12
-24
28
35
-2
25
30
-52
4
168
195
75
-135
-264
-35
207
145
14
-31
22
33
-82
-31
110
60
-19
-67
-24
14
-44
43
66
-45
-162
-63
172
149
55
-5
-36
-96
-236
-178
67
113
-5
-84
-53
-15
16
-1
-19
-18
-60
-37
52
103
83
-80
-247
18
-14
-38
-12
-6
7
-2
13
32
-25
-47
32
88
75
-13
-84
6
139
138
76
38
15
-48
-110
43
157
37
-17
-11
47
80
31
14
0
-38
-214
-94
206
186
26
-27
6
-38
-216
-291
-63
147
35
-168
-90
-19
-11
36
15
-36
-64
-68
-29
31
23
-30
-45
70
-119
-98
30
-13
-4
41
3
-31
-33
-11
-8
-59
-28
25
24
-4
33
88
41
13
53
-34
-118
68
153
21
19
37
28
76
54
-9
32
34
-131
-22
168
124
-9
-45
21
31
-84
-218
-104
97
10
-206
-152
-47
-39
17
4
-60
-37
-3
9
1
-37
-66
-13
177
-102
-165
-4
13
28
53
5
-81
-38
139
74
-138
-107
14
53
-19
-91
-28
34
2
41
29
-50
11
59
20
27
50
16
7
9
6
49
64
16
74
107
34
-26
-17
27
30
-12
-56
-33
13
-31
-134
-165
-95
-25
-33
-130
-97
76
129
65
-25
-24
-34
-40
261
6
-218
-105
0
8
-11
14
-54
-30
229
143
-144
-154
-9
117
36
-234
-230
86
127
50
68
26
-55
-21
62
-36
6
87
-51
-70
51
12
6
133
163
60
-40
-22
20
37
18
10
29
10
-28
-44
-36
-131
-167
-29
-20
-170
-103
106
143
80
-6
24
51
-3
223
122
-148
-139
-52
-46
-66
-7
7
-3
135
123
-64
-166
-36
148
81
-238
-384
-72
143
136
105
87
4
-48
58
-67
-18
175
-20
-116
35
-25
-33
163
184
39
-57
-58
-18
81
86
29
27
27
-4
-26
-9
-110
-181
-49
-3
-47
9
12
-47
16
71
66
70
31
98
204
16
-129
-88
3
-11
-39
-13
-23
-21
63
49
-95
-34
85
40
-72
-253
-241
-46
77
59
115
143
-25
-21
-31
39
198
36
-89
-21
-19
-5
82
48
0
20
-117
-117
107
137
2
-27
46
42
35
32
-90
-114
-46
-73
25
146
-50
-235
-68
107
59
16
34
6
160
105
-99
-89
73
95
-11
-75
-59
-73
1
73
-5
-11
3
-25
14
-23
-92
-99
-77
-59
59
146
16
-46
0
88
123
7
-15
-11
0
19
-9
-131
-108
129
-54
-168
59
103
-61
-109
27
55
81
112
-45
-63
-26
-134
-2
185
-6
-232
-127
28
35
2
3
-15
34
65
-37
-53
56
118
13
-96
-33
-25
-26
41
24
-19
-26
-36
-32
28
78
8
-70
-98
-24
42
48
31
2
33
27
-41
7
24
-20
8
41
-119
-161
148
35
-137
28
74
-71
-134
-13
33
57
108
-10
-56
-31
-97
-4
123
58
-94
-132
-84
-30
5
-13
-8
-6
15
4
0
27
57
6
-58
-25
6
10
27
3
-39
-12
-5
-59
-18
72
58
2
-78
-70
-23
64
115
27
-37
-4
-3
-28
-10
-40
-20
83
30
-50
63
-17
-79
60
59
-26
-60
-18
9
19
42
-14
-66
-40
1
44
47
38
-35
-95
-105
-104
-34
32
-10
23
27
15
10
30
38
14
-13
-40
0
43
0
-15
-8
7
20
-42
-54
34
52
-30
-81
-38
-4
66
114
43
-40
16
66
-33
-43
-5
-49
-8
92
64
-9
-103
-60
68
23
2
13
6
14
23
26
-21
-72
-15
57
60
36
-19
-121
-154
-90
-28
25
77
-17
-8
8
39
40
45
54
29
-2
-13
14
22
-48
-33
42
54
32
-14
-51
-26
-5
-123
-109
48
79
66
53
43
13
28
79
35
2
16
-56
-51
53
55
-12
-96
-74
10
-3
-15
-6
35
80
56
25
-3
-36
0
21
30
70
-10
-202
-274
-108
86
149
83
-26
-71
-45
84
135
23
-22
44
32
34
41
-20
-74
-59
64
153
86
5
-65
-95
-31
-144
-122
91
100
12
-12
58
82
9
51
148
87
-16
-66
-3
27
13
3
-51
-81
-43
7
-26
-43
51
145
82
-9
5
11
-17
-21
18
57
18
-136
-215
-91
60
134
48
-32
-45
-19
97
167
-3
-124
-35
41
102
67
-77
-88
-27
66
183
156
36
-111
-83
108
-47
-138
49
41
-43
-44
25
77
3
48
200
132
-17
-65
-13
8
33
23
-75
-101
-14
45
-14
-33
62
138
80
-19
-44
-42
-37
-20
22
28
8
-10
-11
-12
2
31
4
-7
23
42
45
83
31
-110
-161
-19
126
67
-118
-116
2
24
76
114
66
-67
20
298
55
-228
-72
-10
-8
2
-8
28
34
72
146
84
11
-23
-105
-43
91
57
-120
-120
64
95
-42
-66
84
123
63
-1
-127
-157
-34
6
14
27
28
102
104
19
17
9
-3
36
26
27
-10
-10
44
-4
-131
-67
67
39
-84
-114
-51
-53
-31
11
36
25
94
299
105
-237
-192
-71
17
32
8
38
62
51
73
42
3
-30
-173
-68
106
40
-109
-37
155
98
-112
-124
72
98
47
12
-124
-151
4
79
12
-49
33
166
108
29
22
7
53
31
-6
-23
-3
-11
4
65
-27
-95
13
43
-4
-58
-75
-69
-37
-9
14
65
44
99
130
-53
-178
-117
-28
-34
-6
67
48
-27
26
71
6
-58
-171
-73
76
-24
-137
59
257
74
-155
-115
14
30
50
22
-61
-34
88
162
24
-153
-69
69
63
82
-11
-51
131
4
-17
-23
5
24
23
60
-19
-115
-32
57
72
7
-61
-45
-3
7
53
93
-6
-47
87
73
-51
-92
-62
-53
-51
-1
7
-47
-20
49
53
11
-163
-146
91
54
-184
-25
239
74
-128
-70
14
12
52
29
-70
24
178
167
47
-115
-131
-51
1
45
-27
-35
132
22
10
28
-36
-9
93
63
-68
-110
-27
69
93
17
-73
-64
-32
-25
73
106
46
4
29
24
-8
-87
-58
57
-42
-126
-18
22
-71
-71
67
101
-174
-239
174
303
-95
-170
72
44
-122
-81
97
65
20
36
-71
21
174
86
70
66
-25
-69
-20
-10
-23
18
32
42
59
59
-55
-55
89
90
-77
-82
71
106
42
-26
-41
-58
-104
-58
42
36
82
142
76
-54
-104
-112
-67
163
65
-183
-14
75
-99
-154
33
122
-132
-214
188
395
32
-195
-37
35
-162
-162
91
66
-3
26
0
33
94
42
71
189
95
-64
0
43
-2
-25
-57
38
58
10
-43
-55
10
75
-19
-16
119
89
-11
-30
42
9
-128
-58
33
-42
24
194
145
-79
-189
-88
-64
173
147
-197
-11
67
-57
-75
30
94
-43
-97
78
230
17
-183
-7
113
-111
-182
-23
-9
-4
1
32
18
18
70
60
163
135
-43
-33
32
-15
-99
-14
23
29
-21
-60
-51
-20
17
1
32
91
23
-42
1
69
35
-83
-56
32
-27
-22
131
152
-18
-187
-98
-41
138
133
-175
-51
1
40
102
48
23
1
-17
-15
68
-36
-161
13
162
18
-120
-72
-25
-37
-31
40
4
-79
-16
31
141
209
17
-150
-112
-93
-117
96
-40
28
38
-81
-45
62
7
-95
-30
105
28
-78
-7
37
-6
-18
-31
-2
26
24
64
116
52
-121
-126
-87
51
103
-86
-69
-35
98
184
20
-62
-6
11
-21
2
-15
-73
-12
138
79
-85
-52
16
-74
-59
83
52
-165
-201
-24
146
257
69
-177
-174
-128
-79
109
-110
-37
33
-29
15
146
55
-179
-152
99
97
-62
-15
42
-25
3
17
-9
39
77
40
36
13
-42
-70
-145
-60
69
-2
-30
10
98
120
-17
-68
-20
1
-2
0
-2
-26
2
96
55
-49
-43
4
-43
-33
83
76
-147
-261
-55
106
142
30
-62
-80
-74
-5
34
-93
-152
-98
31
98
164
111
-145
-251
-21
162
41
-7
51
-8
-7
35
13
8
59
44
-4
-44
-35
-41
-114
-88
31
52
-26
5
77
42
-3
6
-18
-22
28
57
-1
-37
-3
17
26
19
-29
-19
27
26
30
27
-65
-154
-46
31
-9
-45
-4
-17
-12
78
2
0
-122
-177
-52
80
170
161
-41
-269
-147
181
106
-82
-48
-20
8
36
50
26
32
59
34
-27
-70
-80
-62
-82
-32
42
-42
-35
50
35
29
45
5
6
74
103
40
3
-33
-50
8
37
-8
5
71
46
-2
-13
-14
-35
-25
-41
-59
-43
-49
-42
31
113
20
