29953
32767
17313
13889
3923
18769
18843
2107
9771
30932
28302
4563
-15871
10790
-796
28980
32767
22517
-12725
27706
32767
9535
23612
15894
5332
4855
182
18342
30261
18992
30867
32767
25110
26811
32090
16199
4676
11608
-4539
18473
32767
31412
18821
32767
30424
15609
32767
23830
2645
-12355
10427
16321
10993
6522
32203
32767
6859
-7490
32767
8341
26405
17749
25918
18200
23734
23136
25666
32767
8594
-12871
8660
-7547
-2669
16175
28094
26392
32767
19793
32211
16272
2590
32767
12202
22726
25212
32767
32767
3968
21491
28729
4796
3709
25580
6301
7330
20878
21235
32767
24048
-6087
29906
11899
16832
19493
-1725
21618
23496
23321
11904
-12454
10660
32767
-7503
25453
10376
-5998
13045
9806
-8625
5997
-758
26929
30127
32767
1550
4117
32767
27256
32068
321
10620
20531
11351
32767
31070
12895
204
26018
32606
32248
25100
28796
17689
9680
22185
22285
1252
25379
26189
32767
7888
-6860
655
26849
29256
19241
21945
4386
1486
25856
17287
15048
5220
32767
32767
8681
31621
8553
13826
32767
27061
30590
20952
-8548
-6217
20185
30964
-178
11402
6441
25529
15506
17271
-1749
32767
32767
32450
32767
-9750
16511
32767
32767
1311
31557
10915
-16239
22895
16914
12123
21108
32767
12037
15996
32767
2353
-23506
32767
9685
20418
1763
15044
18697
2818
27942
16405
787
12834
32767
24700
-9471
-19089
32767
22646
30563
32767
15974
12462
14075
-11070
11104
28302
7843
11312
32767
10436
7107
32767
25321
26278
32361
28295
32767
5235
30098
12293
15525
-8514
25511
28223
20495
-11908
10670
22833
-15367
19577
32767
32767
32767
4389
23827
24609
11499
11927
16375
6070
28973
17830
13577
15391
12033
14685
30792
31717
14682
10681
11029
9720
32767
21220
6107
8936
32444
32767
28353
-2429
20535
25735
20499
-4256
6964
12445
13273
11454
-15982
17645
16531
4738
30505
8145
13283
17025
22289
32767
28456
32428
27830
14969
-811
14060
3852
5960
5429
23487
22696
-3546
6579
26252
32767
31046
23497
32767
16971
11241
-900
19871
-2921
12703
32767
6043
10738
-7286
1908
-4998
-1029
-15551
7931
16479
21540
32767
15288
2628
18335
25067
13145
8933
9563
18039
24115
1468
19758
32767
31406
17914
32767
28847
8936
294
30298
18470
13491
6290
3127
31645
32767
28221
6382
2112
5368
32767
32767
19378
473
20048
32767
23665
28617
28370
1888
5976
27368
-2863
2905
21406
32767
27842
22956
-11317
14826
31211
-3036
11460
313
-6419
32767
8583
19004
16718
-2317
11210
32767
26511
18145
19774
20824
-524
-2991
27799
32767
13847
32767
25442
-3341
4098
30719
18870
-246
32767
17152
10311
-20773
12497
32470
2245
16456
2736
12598
32767
5695
6953
21696
3286
19189
27867
13725
30397
21400
-2025
17143
24234
21018
31424
10946
24918
27711
18421
17237
21835
8182
22011
16084
29823
32767
9762
-131
-2440
2487
27538
24565
32767
13191
21696
24027
30546
24632
21240
18652
19486
3491
24243
5348
13943
18430
32767
18234
24451
32767
23717
26845
-661
18074
32767
32767
20768
-425
7170
27128
-2724
-6553
18659
6492
551
6486
-8830
22264
32767
11052
1859
19883
32767
32767
-3859
10093
26797
-2341
12752
17203
15584
9692
20281
30431
10801
26246
32767
14745
16233
20634
32767
2212
23311
28974
23410
30946
4109
18017
22732
25629
19530
21004
12235
11546
8347
8044
20727
18543
24936
20934
32767
2797
-4207
-15921
15618
18685
7576
19497
2913
21912
32767
17445
21862
32767
14409
9534
16607
32767
20294
-200
32767
32767
32767
21888
32767
22714
4256
32767
26293
-18012
9190
32767
32767
15093
18272
3573
7372
17959
-3145
1489
31071
15383
3928
25289
-988
9551
21311
22524
16804
22261
32767
8277
-6903
-20230
26845
17374
-5773
24058
-1106
24321
20707
25395
-1379
-12944
8019
-37
14074
18386
40
-13620
1429
18473
32767
11910
13003
18366
32767
8013
12417
1923
28520
32767
29621
24462
24523
23794
5551
21878
17539
21274
14106
27004
32767
17250
29784
32767
27160
3783
32767
32767
26896
19097
6779
23041
15486
-3282
32767
20822
32767
21003
-2812
21959
2080
28665
31498
20170
2595
13381
25448
15381
-1761
9791
21493
11059
-986
24854
10617
9532
6318
-16742
11290
12837
1595
32767
20757
7812
12321
30927
2888
4746
4494
30337
23688
32767
29104
-6557
702
-3481
30759
14784
-11615
19014
32767
21462
23734
15653
-4711
12138
32767
8456
24375
21338
2640
10240
32767
10931
32767
27719
19603
818
26630
210
8979
16325
16624
19322
32767
32767
25520
32767
7100
-6093
-1242
13458
32767
8783
23088
2162
32767
22766
10299
22736
22924
17086
10818
-4276
26893
4514
7271
13642
11166
7476
32767
32767
14861
-13505
-24315
20151
23852
22294
32767
17502
-10764
32767
4853
-8722
18157
15985
15213
19676
1314
5400
32767
25253
25345
25167
3077
12632
327
29585
30952
11713
3118
32767
32767
32767
6357
-13719
17529
-19640
23122
32767
32767
21295
10793
17103
19142
937
31923
26710
4351
724
27306
27864
32767
17773
6293
26134
-2259
2621
17256
-4059
-4833
-3840
10196
15334
32767
32767
19193
-3370
-2460
-1760
16169
1956
-14932
17574
32767
28504
29455
9026
19527
16915
14603
17645
1131
4174
26519
31526
32472
24544
11759
26592
14872
23585
24497
-9565
27120
28622
32767
30576
26915
30043
24615
26744
16329
-10816
-14528
-1735
26716
27253
26888
21144
32767
26634
5343
-5662
7686
10742
32767
13262
14948
30419
21412
19681
15469
8058
9
-4963
3464
-4264
-13500
18333
27795
17559
32767
32767
32767
32767
14316
-4915
7807
-2892
17146
21357
32767
13480
22728
10171
4219
-948
-3065
6643
22436
15717
32767
24639
4497
26265
32767
32358
-611
18893
32767
5923
