196
151
123
168
202
80
108
248
49
81
36
116
142
55
43
10
8
147
192
195
112
143
97
233
113
63
36
173
81
58
250
59
216
225
238
66
213
140
201
169
123
248
130
43
62
84
184
128
218
12
113
139
217
25
0
245
0
45
225
242
117
71
186
18
236
241
172
121
125
86
161
131
103
135
156
102
13
37
173
74
189
173
94
27
251
255
30
156
58
169
52
71
172
184
92
238
130
244
187
127
189
170
52
47
78
55
244
249
125
203
246
175
198
233
18
118
30
101
99
106
122
167
122
72
78
253
63
80
139
214
101
247
95
134
131
197
210
46
49
114
21
144
194
221
233
244
83
144
47
132
244
66
247
172
252
190
67
176
115
183
56
52
149
109
50
171
221
185
174
1
18
208
32
209
117
70
242
104
155
11
26
248
107
63
241
47
52
87
44
16
155
81
57
90
195
169
220
18
162
246
74
189
22
147
164
73
244
157
13
113
151
227
248
82
206
76
37
112
94
13
200
189
166
114
101
82
23
160
115
222
136
92
97
27
242
99
80
193
233
72
139
246
125
240
172
227
108
14
4
54
178
242
6
159
48
198
216
43
171
73
165
247
174
207
111
66
181
227
222
6
244
7
69
205
108
136
246
158
6
164
175
3
50
199
11
140
16
43
128
152
74
125
249
58
114
141
249
57
28
35
252
145
208
248
45
116
38
43
129
127
127
170
135
7
186
207
130
166
150
195
57
251
241
38
174
23
144
32
206
38
85
17
211
87
54
185
216
195
129
29
251
122
90
99
106
155
236
101
143
160
122
87
169
190
136
183
24
127
33
187
236
49
67
163
242
241
125
106
221
138
76
65
81
71
79
62
11
234
4
145
191
10
172
255
22
199
199
174
224
147
247
40
25
125
93
127
147
160
71
40
121
200
243
93
187
166
36
56
78
47
65
200
169
66
221
76
11
51
51
69
4
40
27
112
231
200
25
74
153
101
43
102
169
201
112
102
239
181
175
148
244
126
90
77
244
65
47
57
4
36
53
202
196
51
124
125
132
245
214
68
41
213
245
157
211
74
48
169
170
12
179
255
219
114
82
17
156
75
17
242
188
19
136
75
248
20
201
37
131
212
223
94
252
171
108
7
35
253
212
75
247
98
74
111
200
27
43
254
6
64
11
218
164
106
177
33
123
54
126
226
4
179
120
136
138
114
39
218
182
41
164
222
121
149
50
251
62
157
202
10
109
132
104
23
129
240
87
12
36
26
192
103
227
192
76
171
151
196
242
125
47
184
75
146
52
158
242
229
151
250
114
216
123
2
91
50
164
235
97
69
8
179
103
63
20
150
29
80
109
68
188
166
84
27
238
231
175
55
169
174
14
161
176
54
54
212
198
241
214
48
251
138
158
75
157
130
29
203
121
166
120
61
213
106
150
238
141
99
22
103
72
111
148
200
52
243
14
74
23
165
183
169
131
95
103
102
243
215
145
238
252
18
138
182
210
123
151
251
189
212
147
241
72
162
234
17
30
122
233
100
159
244
112
64
28
93
134
46
169
233
80
133
62
55
199
148
165
139
251
240
2
39
17
242
42
67
80
6
253
185
111
25
72
233
12
39
50
147
32
5
5
62
160
183
52
198
131
250
2
218
2
202
146
157
197
94
98
22
222
188
147
59
206
170
179
245
203
187
217
51
58
254
179
208
103
72
247
12
143
163
191
158
123
73
225
55
220
163
74
151
168
100
56
103
172
163
80
75
64
116
118
85
202
29
1
121
57
199
208
87
98
205
127
27
44
172
171
215
226
69
4
47
15
218
12
31
248
173
83
244
40
183
47
59
46
187
17
234
122
50
168
199
110
237
41
132
77
209
26
143
45
105
130
234
253
90
245
6
40
59
235
92
218
116
37
155
113
250
141
95
123
181
132
47
72
156
27
115
111
13
137
214
236
38
22
32
194
232
65
212
8
119
210
68
73
10
74
203
130
139
47
80
178
251
40
206
77
16
124
38
210
212
101
185
235
187
124
22
36
66
16
238
224
233
90
224
96
109
177
86
26
245
77
100
115
194
245
149
24
147
105
60
144
44
6
69
77
127
108
251
88
90
40
133
39
124
119
202
61
3
209
237
219
135
57
174
122
197
24
28
166
187
192
158
59
64
160
47
213
101
99
244
153
233
124
143
193
178
204
190
197
73
16
27
48
247
177
189
167
216
47
121
11
189
107
229
42
247
139
211
70
119
74
48
62
52
0
93
224
199
132
240
141
182
254
252
246
48
27
124
25
191
147
172
96
150
76
23
116
3
198
61
184
180
27
72
193
249
113
89
238
207
20
94
