207
202
179
178
177
188
180
183
184
185
233
192
56
56
58
52
68
67
64
60
58
60
61
61
60
46
166
163
159
129
98
199
181
134
175
165
114
186
157
169
143
149
172
200
157
170
168
151
160
115
128
188
190
199
203
201
176
180
168
172
167
174
182
211
207
203
187
178
183
181
180
190
184
180
205
231
86
64
53
67
61
65
65
60
59
61
59
55
64
71
170
152
162
180
106
179
181
179
162
145
146
206
181
165
185
179
155
172
148
188
197
198
145
87
135
197
203
204
200
202
183
160
166
164
158
171
162
207
206
200
188
180
179
178
181
190
183
178
197
230
139
59
61
70
67
65
61
56
56
60
62
62
60
90
182
155
157
187
130
167
140
134
128
125
126
148
126
139
126
169
160
164
162
181
210
167
129
132
183
206
196
186
180
205
188
175
156
157
155
162
183
205
203
197
193
189
181
179
183
185
185
178
186
218
199
56
65
71
67
65
64
67
69
67
65
64
77
76
223
154
187
118
130
154
138
143
145
143
158
153
141
184
115
171
176
156
172
175
183
108
115
170
202
184
189
192
168
174
195
185
170
167
167
170
188
189
196
192
200
202
188
183
185
181
189
185
183
197
233
68
63
68
56
52
54
62
65
59
55
55
56
92
224
139
141
171
211
226
194
138
153
159
153
171
190
164
191
163
148
149
175
170
137
111
145
190
196
173
190
187
141
129
200
178
188
177
177
184
178
181
189
187
198
203
192
187
190
186
188
192
189
185
241
95
62
64
69
62
60
64
66
64
65
69
56
109
213
131
99
221
232
226
195
179
182
163
163
162
182
189
162
189
197
195
158
156
117
117
168
185
192
192
196
174
142
144
198
181
183
177
174
178
176
190
187
187
192
195
189
187
192
194
186
192
194
186
235
116
65
64
57
55
55
57
57
56
56
58
60
72
218
150
154
206
225
220
214
180
167
165
182
178
179
168
151
190
161
169
147
187
172
139
161
183
198
198
194
188
179
172
186
200
175
187
175
164
180
192
191
193
191
190
189
186
187
194
190
188
188
188
223
112
68
66
56
61
65
65
62
61
60
58
55
65
202
151
145
164
177
164
176
184
167
164
190
173
160
177
188
172
156
184
163
145
139
138
168
195
202
191
192
201
193
169
163
206
180
195
176
169
178
199
196
201
196
191
193
185
179
188
197
184
177
186
210
94
68
67
61
67
66
58
54
58
63
64
59
65
189
168
164
149
143
109
99
113
131
146
149
160
178
176
176
143
170
161
148
136
143
162
173
186
186
195
205
198
189
186
144
193
184
185
164
184
176
218
195
202
204
200
193
182
182
193
194
196
190
172
224
146
72
65
67
66
59
58
64
64
59
58
60
63
160
179
158
148
174
162
129
115
114
127
130
163
152
176
155
111
159
199
136
129
162
170
177
187
187
197
207
206
196
175
192
181
184
177
165
181
180
226
204
206
200
194
193
189
185
189
198
202
203
195
229
111
58
69
65
66
61
59
64
62
59
61
62
41
144
219
153
183
164
190
189
186
190
147
132
126
170
146
149
148
194
211
130
140
167
174
158
191
186
188
205
191
178
188
185
184
158
180
199
198
211
156
206
208
200
191
193
194
191
190
195
199
210
206
218
73
57
66
62
65
62
59
61
60
57
61
53
52
77
215
180
198
209
174
194
203
190
166
172
218
172
157
113
138
174
181
109
136
156
166
159
193
192
196
209
193
185
200
193
166
170
178
165
178
229
76
200
208
205
197
199
201
198
195
196
196
211
213
181
56
69
57
60
63
59
57
60
57
54
56
58
65
50
180
196
216
210
183
209
207
191
157
177
210
135
144
134
142
157
163
124
143
149
158
173
185
196
209
208
206
207
190
173
169
168
167
182
226
167
47
202
209
208
205
212
214
203
193
201
202
209
237
127
58
70
57
63
63
57
55
60
59
53
52
54
54
62
115
217
177
191
204
191
187
164
170
181
195
170
152
144
135
141
140
138
142
139
139
163
172
184
198
203
212
212
183
171
177
163
175
197
221
82
48
209
209
205
209
223
224
205
188
197
202
205
241
81
63
60
68
65
64
57
57
63
61
54
52
51
51
52
59
195
189
193
202
205
198
169
171
202
213
173
148
145
143
154
143
154
156
154
149
143
166
166
177
205
213
208
200
191
170
178
183
210
128
45
44
205
205
203
208
220
217
202
193
200
200
215
189
61
59
59
68
62
63
59
58
63
61
56
56
62
56
45
53
105
228
178
201
211
201
200
146
200
170
155
158
151
156
166
155
154
160
163
169
167
169
157
171
198
204
202
200
179
177
179
193
224
83
39
45
193
200
203
207
209
202
198
203
216
207
236
124
62
52
66
55
58
61
60
58
62
59
56
59
49
57
48
42
57
122
185
181
189
198
178
195
189
153
163
146
150
152
159
167
161
176
187
215
214
173
156
175
181
184
190
170
176
183
184
235
122
45
43
49
192
193
187
193
202
189
188
214
208
225
206
62
50
59
57
52
54
56
58
59
58
57
56
57
51
47
55
43
45
55
143
174
186
185
155
195
174
189
165
154
158
150
157
160
169
200
200
222
213
175
155
169
171
171
174
155
176
167
207
131
43
51
47
53
216
199
199
196
176
183
202
199
228
237
96
57
49
65
58
54
58
57
56
57
58
59
57
55
59
48
42
58
40
49
70
165
190
187
193
168
154
152
166
170
174
209
171
163
215
230
198
217
217
167
195
182
156
176
177
195
187
225
111
40
49
37
46
39
215
215
205
187
182
203
221
218
231
143
42
51
54
62
55
63
59
56
53
54
57
58
56
52
51
45
47
54
47
36
21
65
154
206
178
168
148
102
91
108
150
184
203
198
184
180
179
227
212
202
202
191
182
194
201
194
208
127
40
45
48
31
50
43
219
225
219
198
184
195
222
243
154
50
55
47
57
56
55
66
56
54
53
54
56
55
53
50
50
52
53
51
46
40
58
31
79
122
208
201
182
175
175
146
93
105
164
212
210
218
211
223
209
195
198
197
195
198
202
217
116
41
36
41
40
49
37
43
221
223
225
199
186
228
229
160
54
55
51
49
52
52
59
57
52
54
56
56
55
53
51
50
49
59
57
70
45
43
57
47
52
69
108
219
227
212
208
182
189
162
77
121
201
221
226
226
201
208
187
199
198
207
194
69
36
43
40
32
42
48
41
45
221
224
229
227
229
221
149
51
43
53
42
53
48
44
61
51
52
54
57
57
55
53
52
52
46
51
64
46
53
41
24
37
36
50
74
70
189
222
233
231
221
196
209
148
100
192
235
229
205
202
213
216
233
179
63
37
42
37
38
47
47
42
48
53
233
234
234
233
192
96
31
36
61
34
48
49
51
47
55
53
54
53
52
52
52
53
53
53
54
50
58
25
51
47
43
50
41
45
31
38
61
106
191
221
227
250
203
221
203
165
198
218
230
226
237
207
106
41
43
34
34
42
42
31
46
53
38
49
231
244
219
135
55
34
43
41
34
61
48
41
54
66
47
56
55
51
46
46
49
52
52
51
55
59
49
75
42
42
47
45
38
31
33
51
37
35
57
86
115
179
209
214
210
208
196
213
199
172
87
50
44
33
41
31
44
41
41
52
44
41
57
49
130
89
48
36
40
41
41
42
39
56
54
48
55
53
49
61
57
57
51
52
57
47
43
56
49
46
52
45
53
44
47
41
48
52
48
38
36
41
38
30
39
42
57
84
104
102
81
61
43
35
31
35
38
37
37
40
43
43
44
46
47
47
45
43
47
37
31
34
37
37
41
48
42
55
51
48
54
48
42
53
51
49
45
48
53
50
48
53
52
51
52
47
48
44
46
45
41
46
46
41
38
40
38
34
37
36
38
41
40
35
30
28
33
31
31
35
38
37
35
35
41
42
44
46
47
47
48
48
32
35
40
41
37
36
42
51
44
51
49
52
59
51
45
55
54
48
47
50
52
56
57
52
47
49
47
49
45
50
51
56
40
43
46
45
42
38
37
38
29
31
33
33
29
26
30
36
29
31
33
33
34
37
37
35
39
41
43
44
44
44
46
48
37
36
34
33
33
37
41
44
47
48
49
56
63
55
49
57
59
52
54
55
50
56
59
49
55
58
51
54
41
47
44
50
48
45
46
48
45
39
37
39
35
34
35
38
39
37
35
35
32
36
35
30
30
37
41
40
39
43
46
47
44
42
43
45
47
44
41
42
46
48
46
42
51
48
48
55
58
50
45
50
56
51
54
52
44
48
53
45
50
55
50
55
44
49
45
51
54
46
42
46
46
41
38
39
40
35
31
32
34
33
32
32
35
38
36
31
31
37
41
40
41
46
51
52
50
47
46
47
44
41
39
39
38
36
35
37
49
45
46
51
53
50
50
52
50
48
50
49
45
45
49
48
45
49
49
52
48
50
49
52
53
44
39
42
46
44
41
40
37
36
36
37
35
34
36
39
33
35
35
34
35
38
38
37
39
43
48
50
50
49
48
48
46
42
42
47
47
45
50
59
46
44
47
49
49
52
57
57
50
49
46
49
53
50
49
55
57
55
55
49
48
42
41
39
48
45
42
44
46
45
43
41
43
42
41
40
37
31
29
30
35
32
32
35
38
38
38
39
39
40
43
44
46
46
46
46
48
40
41
50
51
42
39
43
48
47
49
47
43
49
56
54
53
51
44
49
59
54
49
59
47
44
48
42
51
46
52
49
46
47
48
47
47
46
44
40
49
39
31
32
38
41
41
41
41
32
28
32
37
38
41
46
44
43
42
42
43
45
45
45
46
45
41
39
45
52
47
37
48
48
49
49
47
46
51
57
67
54
47
49
51
48
48
52
47
50
55
58
56
53
50
48
46
44
44
47
51
51
47
42
46
45
43
43
43
43
41
38
36
38
40
40
38
39
44
48
49
43
40
44
48
47
45
45
40
47
49
45
44
49
50
48
49
48
49
50
50
49
52
57
60
53
48
49
49
47
47
51
52
53
53
52
50
50
51
52
47
44
41
40
42
42
40
37
39
38
37
37
39
39
38
36
39
39
38
38
38
39
41
42
44
40
39
42
43
41
41
43
39
46
49
45
43
47
49
49
44
45
48
53
55
53
52
53
59
59
58
56
54
52
54
55
54
53
51
49
47
48
50
52
52
51
49
48
48
47
45
43
41
41
40
41
43
44
43
43
39
37
36
37
40
43
45
45
44
43
43
43
42
40
42
45
44
44
42
41
43
47
45
41
38
40
46
54
57
55
51
49
50
56
58
54
49
48
49
49
49
50
51
51
49
47
46
46
42
44
47
49
49
47
44
41
39
39
38
38
39
39
39
39
37
37
37
38
40
43
45
46
46
45
44
44
42
42
43
45
46
45
42
41
44
46
44
41
40
40
43
49
53
53
53
54
49
56
60
57
51
49
48
47
46
48
50
50
49
46
44
44
40
42
45
48
49
47
45
43
42
42
40
39
37
36
36
36
41
42
42
39
36
36
38
41
44
42
40
39
39
41
41
41
45
47
49
47
44
44
47
51
48
45
43
45
47
50
56
62
55
58
61
62
59
55
52
51
49
49
48
46
45
45
46
47
52
50
49
49
50
51
51
50
47
47
45
43
40
38
39
39
42
44
45
42
39
38
41
45
42
41
39
36
38
41
41
39
49
49
49
48
46
45
47
50
50
48
46
46
46
47
53
59
51
48
51
57
58
52
48
47
51
50
48
45
44
45
48
51
49
46
42
41
44
46
45
44
43
43
42
40
37
37
38
39
41
42
43
42
41
42
45
48
41
43
41
37
37
40
43
43
56
48
41
42
47
48
43
39
45
47
50
52
49
45
46
50
53
47
49
59
63
56
50
50
50
50
49
48
47
48
49
51
44
41
39
42
46
47
44
40
47
48
48
46
44
44
47
49
42
40
38
37
38
39
39
39
37
42
43
38
34
37
42
44
42
41
45
46
42
44
49
49
46
44
45
49
50
47
47
50
54
55
44
49
48
65
59
55
52
49
46
45
47
47
45
43
40
52
54
43
38
44
46
40
45
46
45
41
40
42
42
39
48
42
38
39
40
39
37
37
38
37
37
39
41
43
42
40
48
44
46
47
43
44
46
43
50
47
47
49
49
46
46
48
51
47
41
45
46
53
54
58
56
54
50
47
45
46
49
51
46
43
43
46
45
41
41
45
39
41
41
38
38
40
40
38
42
42
40
39
38
39
40
40
39
38
37
38
39
40
39
38
51
46
47
47
43
44
45
41
47
45
45
48
49
49
51
53
58
51
52
53
55
48
51
57
44
46
47
46
43
42
44
46
54
45
42
49
52
45
43
46
40
42
42
40
39
39
37
34
35
40
41
36
33
36
39
38
43
41
39
38
39
39
38
38
48
45
47
48
43
45
48
45
47
46
46
47
49
51
53
55
52
47
54
49
55
42
45
44
47
49
49
48
46
47
51
54
55
52
48
47
48
49
45
40
41
42
44
44
43
42
40
38
34
41
42
34
32
37
39
35
42
41
38
37
36
37
37
37
44
43
48
49
43
44
49
49
52
51
50
48
47
48
49
50
46
46
52
43
51
48
52
45
57
53
47
43
43
48
53
57
48
47
46
43
42
41
40
37
37
38
41
44
45
44
43
43
35
40
40
35
35
41
42
36
37
36
35
34
34
34
36
37
44
43
47
48
43
44
49
48
50
51
50
48
48
50
50
49
53
54
53
42
46
51
56
52
51
51
50
49
48
46
44
42
45
39
40
45
43
35
36
44
40
39
40
42
41
38
36
36
31
34
35
33
35
40
40
37
35
36
36
36
35
36
38
40
46
41
43
45
44
47
50
46
44
47
48
47
48
52
53
52
49
51
47
45
39
43
44
48
48
54
60
62
59
51
44
41
45
42
43
45
44
40
40
45
43
40
40
41
39
34
31
32
31
33
35
35
34
33
34
36
34
36
37
38
37
38
39
41
46
38
37
42
46
52
52
45
45
49
50
48
48
51
51
48
45
49
49
60
47
47
44
56
47
51
54
52
46
43
45
49
43
51
50
40
39
47
46
36
39
37
37
41
41
38
37
39
38
40
43
42
36
30
32
38
30
32
34
35
34
34
35
37
45
44
43
41
37
37
43
51
50
44
45
53
53
45
44
50
52
49
47
49
49
48
47
48
46
43
50
61
54
37
37
50
46
44
41
40
42
45
47
47
45
39
44
36
34
41
39
26
27
36
25
40
26
33
29
33
37
28
40
29
29
31
38
30
44
42
41
41
40
40
45
51
44
41
43
49
50
47
47
51
51
48
46
47
47
45
45
45
53
47
45
52
58
56
50
47
47
46
45
45
46
46
44
40
44
40
33
34
24
29
25
34
31
29
33
30
37
32
43
31
39
33
26
17
38
38
7
38
44
41
40
41
42
41
44
47
40
41
42
43
45
46
47
48
54
50
48
49
49
47
47
48
52
49
44
43
53
63
57
44
51
48
46
47
47
45
41
37
28
42
27
24
45
47
41
60
60
95
107
121
92
113
138
122
119
66
118
74
53
19
34
36
46
42
40
41
42
40
40
40
44
47
47
43
43
47
48
45
54
51
49
50
51
50
50
51
45
52
52
46
47
54
56
50
56
50
45
44
43
40
37
35
32
39
42
29
48
73
111
112
168
94
134
179
116
150
150
178
158
155
147
131
72
113
69
29
45
41
39
41
43
41
39
39
47
51
51
45
45
49
49
45
49
46
44
46
48
48
49
51
45
53
58
55
50
50
56
61
57
50
45
42
39
35
33
34
49
41
68
110
112
157
186
142
181
196
190
174
167
146
138
192
192
161
175
162
169
103
103
91
42
39
38
41
44
43
42
43
42
45
45
43
43
47
47
44
48
44
43
45
48
49
50
53
49
50
52
54
53
52
56
61
55
49
45
44
40
37
41
47
73
121
128
191
174
168
124
115
222
202
173
182
161
158
138
148
206
207
184
166
177
149
149
133
39
37
37
40
41
41
41
43
38
40
41
42
43
44
44
44
52
48
47
49
51
52
54
57
54
51
48
46
47
49
51
52
56
49
45
44
45
51
67
83
103
191
169
193
192
160
128
189
216
198
192
128
95
203
127
142
158
213
184
172
175
167
149
193
38
36
36
37
37
36
37
39
42
42
44
47
48
47
46
47
54
50
48
50
52
53
55
57
58
58
52
43
40
44
47
47
59
50
43
42
48
64
94
120
170
183
134
132
174
162
152
156
180
190
159
125
147
222
187
144
147
155
198
179
189
193
192
150
36
30
31
33
29
33
43
50
42
40
38
39
45
52
53
50
58
50
50
54
53
42
44
53
49
54
59
47
55
48
50
47
50
59
44
51
64
137
153
161
166
109
123
86
152
128
103
78
64
74
143
194
199
182
157
164
187
184
144
117
121
189
143
126
38
27
55
28
35
42
28
33
37
40
41
41
42
47
50
51
45
41
44
52
54
51
55
64
59
52
52
46
55
50
54
52
45
43
57
84
105
147
158
162
155
104
142
100
80
96
90
116
132
159
176
162
153
97
80
76
159
101
84
111
159
204
142
124
33
33
26
26
36
25
40
43
41
48
52
48
42
41
45
49
51
51
51
54
50
49
48
51
57
47
51
52
54
45
47
43
39
46
94
129
148
150
157
131
88
82
166
193
178
121
159
182
183
122
174
159
153
114
88
97
87
75
148
225
200
192
199
146
29
50
25
48
48
28
41
33
41
49
54
50
42
40
43
47
45
50
48
53
49
55
52
53
49
45
51
53
47
40
42
39
30
64
124
152
168
154
188
132
74
73
144
195
152
161
180
181
141
166
159
129
144
92
93
125
107
100
146
199
219
185
137
170
129
71
31
21
36
35
33
45
32
40
45
44
42
43
47
49
44
51
47
54
49
60
55
55
50
48
46
47
42
42
42
41
72
108
144
150
145
116
175
112
109
94
128
210
143
139
195
205
195
208
156
146
158
139
148
163
174
189
195
202
151
162
186
148
229
198
156
72
41
26
46
30
34
38
41
42
44
47
49
48
56
60
51
58
47
56
46
47
49
51
44
48
48
45
36
43
111
128
154
165
150
121
174
136
173
102
141
192
193
157
117
184
210
190
161
162
145
151
135
161
157
176
209
200
176
211
201
215
177
174
195
218
141
42
35
49
39
42
43
43
45
48
49
48
51
54
43
56
45
56
46
51
43
52
45
54
51
41
44
86
145
129
153
156
135
122
136
125
157
145
80
121
138
163
112
110
169
157
164
190
137
177
192
130
133
198
210
171
178
209
206
211
