57
58
58
59
58
57
56
53
51
49
47
53
81
129
168
184
184
179
180
176
170
164
159
160
163
162
166
180
194
203
57
56
57
58
58
57
55
53
49
48
49
47
53
85
135
173
186
181
172
160
151
148
153
167
179
178
178
193
202
205
56
55
55
57
57
55
53
51
49
49
50
46
42
52
87
138
174
184
175
156
139
132
135
147
167
183
192
198
199
202
55
54
55
55
55
53
51
51
52
53
53
47
44
45
57
89
132
170
189
183
170
159
146
137
140
157
181
199
207
212
54
55
56
55
54
52
50
51
54
58
56
49
45
45
46
57
84
126
171
199
206
201
187
172
154
143
153
180
207
222
54
55
55
54
53
52
51
51
54
55
51
48
43
40
41
45
55
74
109
156
191
210
216
212
198
177
161
164
190
216
53
52
52
52
53
53
52
52
54
52
48
46
44
42
42
42
42
44
57
85
122
161
186
201
210
208
197
185
188
204
53
50
50
51
51
51
52
53
53
53
52
48
45
45
44
42
39
39
42
46
59
83
105
129
155
171
179
179
173
171
53
50
50
52
50
49
51
52
51
52
52
49
46
45
44
44
45
44
41
39
40
42
48
59
74
90
104
112
109
99
50
49
50
52
51
51
52
51
50
49
48
47
47
47
46
45
46
45
42
40
39
37
35
35
37
42
49
51
49
43
50
49
50
52
54
54
52
51
51
50
48
47
47
49
48
45
44
45
44
42
39
38
36
34
33
35
35
34
32
32
53
52
52
51
54
54
52
52
53
52
50
47
46
48
49
48
46
45
46
44
40
38
37
35
34
34
35
35
34
33
52
52
51
48
49
51
49
50
52
52
51
48
47
48
50
50
46
44
45
45
42
39
39
38
35
34
35
35
34
34
50
50
49
48
48
49
49
50
51
51
50
48
47
47
49
49
46
42
43
45
43
41
40
39
37
36
36
35
34
34
49
48
49
51
50
51
52
52
51
51
49
48
46
45
46
47
46
44
44
45
45
43
42
42
40
38
37
36
35
34
51
48
50
53
52
51
53
51
49
50
50
49
48
48
47
46
46
46
46
47
47
44
43
44
41
38
37
38
39
38
54
49
49
51
50
50
51
50
50
52
53
52
51
50
49
47
45
45
46
47
47
44
43
43
42
39
39
40
41
40
55
52
51
50
49
50
51
52
52
53
52
51
50
51
50
48
46
44
44
45
45
43
41
41
40
40
40
41
41
40
57
55
54
52
51
51
52
52
52
51
50
49
49
49
50
49
47
47
46
46
45
43
41
40
40
39
40
41
41
41
56
57
55
52
50
50
50
50
50
51
50
49
47
47
46
45
45
47
48
48
47
45
42
41
40
39
39
39
39
39
56
58
57
53
51
49
48
48
49
49
49
48
46
45
45
44
45
47
48
49
48
46
44
43
42
41
40
38
38
37
55
58
59
56
53
50
49
49
49
48
47
46
46
46
47
48
47
47
47
48
48
48
47
45
44
43
41
39
38
38
52
54
58
58
54
50
49
50
50
48
46
45
46
48
49
48
46
44
44
46
47
46
45
45
45
44
42
40
40
40
50
50
55
57
56
53
51
50
50
48
47
47
47
48
48
46
44
44
43
44
45
44
43
45
46
45
43
42
42
43
50
48
49
53
57
56
54
53
50
48
47
47
47
47
46
45
46
46
44
43
44
43
43
44
45
44
42
41
42
42
50
47
47
50
53
55
55
53
50
48
46
45
46
47
47
47
46
46
46
45
43
43
43
42
42
42
40
39
40
39
51
50
51
51
50
51
52
50
48
48
47
45
45
47
49
50
47
45
47
48
46
44
43
42
41
42
41
40
40
38
50
51
51
50
48
47
48
49
49
48
46
45
47
50
52
52
49
47
47
47
46
43
41
40
41
42
43
42
42
40
50
50
48
48
49
49
49
51
51
48
46
46
47
50
51
49
47
45
44
43
42
40
40
39
40
41
43
43
42
41
51
49
46
46
49
50
51
51
52
52
51
49
48
46
46
45
43
43
44
42
39
39
41
40
40
40
42
41
39
37
