35
35
30
30
32
29
25
20
19
23
26
25
23
23
26
11
20
33
45
69
98
130
127
131
118
104
79
38
16
22
28
20
33
33
29
29
30
25
27
27
28
26
19
13
16
25
22
53
117
179
222
233
216
210
215
207
204
201
204
180
129
107
64
40
32
33
30
31
30
23
24
26
26
20
14
26
63
99
161
200
229
222
219
217
199
195
198
188
212
198
186
203
186
173
157
148
32
34
32
33
31
23
30
22
16
21
45
96
167
223
211
220
213
193
196
201
194
208
199
156
195
190
157
170
163
157
131
119
34
30
38
26
33
21
27
15
29
56
142
209
214
193
196
191
177
191
208
170
198
189
187
186
142
110
138
124
173
114
51
133
31
23
27
30
12
29
21
31
112
209
219
203
199
192
196
176
191
163
176
158
127
133
130
126
75
74
77
98
132
132
92
132
38
30
28
35
22
26
22
117
207
216
207
194
173
186
191
194
176
124
79
67
52
82
130
124
68
107
89
134
129
169
130
126
35
32
27
26
37
18
109
189
209
179
186
160
176
213
203
169
91
83
61
102
101
101
103
134
105
143
101
133
130
192
159
141
32
34
27
27
27
70
186
192
172
199
186
165
215
186
117
83
70
78
63
109
144
158
127
153
127
144
145
169
173
190
186
152
33
35
28
37
21
159
186
176
182
179
161
215
198
116
85
78
95
108
109
89
171
159
141
169
169
149
159
162
182
178
129
128
31
27
27
31
68
197
181
172
190
149
177
194
127
105
96
123
121
131
136
77
175
157
171
172
185
152
165
168
168
154
149
136
40
30
39
26
146
193
170
180
171
148
214
117
98
110
130
153
150
139
138
108
154
170
174
169
202
161
148
158
160
178
166
178
39
31
39
19
199
193
175
167
125
190
143
53
102
136
120
96
159
185
147
144
130
170
179
180
204
145
137
158
181
197
187
172
27
16
27
59
202
169
179
149
129
189
53
102
150
195
193
160
188
154
142
138
132
128
157
163
174
138
167
186
184
177
159
156
41
28
23
82
204
156
150
114
140
180
84
108
138
195
180
186
137
150
177
168
169
172
155
144
172
182
186
170
168
147
143
158
31
26
35
120
200
137
144
129
149
126
125
108
159
177
176
159
166
175
140
141
131
148
138
164
175
183
193
152
148
156
148
169
23
18
37
171
174
135
123
82
125
165
164
159
200
201
153
158
154
142
167
166
169
135
155
172
180
170
153
155
181
151
159
171
37
31
67
205
139
131
127
95
139
117
104
190
210
192
171
143
198
161
118
163
168
150
155
185
173
160
167
166
175
175
177
177
28
36
135
172
117
100
106
65
121
55
102
183
195
204
174
166
170
161
105
114
114
125
152
145
155
176
173
170
186
194
186
192
26
34
169
70
102
92
107
74
131
41
109
177
187
166
158
146
190
170
128
114
132
149
161
146
139
152
166
170
171
183
180
203
32
75
174
102
100
144
149
85
143
15
137
206
181
142
130
134
149
118
117
149
160
125
138
182
140
155
165
162
165
189
186
201
33
168
134
123
163
152
171
98
167
61
126
195
193
168
134
110
127
114
106
168
163
142
123
172
132
134
147
170
183
194
192
199
56
197
71
174
191
167
163
148
169
107
133
161
194
169
142
117
94
95
150
182
157
139
122
157
125
132
140
160
178
186
204
201
26
191
115
178
163
181
193
142
144
84
91
155
171
163
169
177
142
96
125
165
138
126
68
83
81
135
165
174
181
187
188
183
52
181
98
213
214
179
171
159
131
178
45
134
154
171
171
121
125
143
124
144
122
150
114
98
62
74
91
108
123
129
142
146
39
142
84
201
174
200
197
200
108
179
96
99
150
154
143
138
124
127
151
129
149
117
122
138
112
80
73
93
112
111
118
135
45
167
98
185
203
169
174
168
181
122
180
77
85
105
105
138
115
119
167
105
139
151
108
129
118
96
97
107
119
125
123
155
38
169
106
166
188
169
157
177
177
138
171
118
56
78
72
82
103
136
132
130
53
101
134
124
118
145
175
150
116
108
127
172
33
91
115
117
139
157
176
176
169
181
167
176
54
50
81
95
111
84
98
92
91
109
85
160
175
196
192
180
131
112
150
164
30
45
96
134
176
133
165
171
178
196
186
214
134
45
37
61
98
144
118
108
131
149
130
149
152
182
176
181
123
122
158
168
23
45
66
168
206
146
150
171
196
196
188
196
140
64
43
113
157
222
153
110
106
170
175
103
119
122
149
119
104
129
163
167
20
33
69
124
145
76
98
111
177
190
199
208
138
85
49
114
159
228
169
145
109
148
200
130
119
131
118
113
114
152
165
165
