98
98
98
98
98
98
99
99
100
101
106
124
149
161
153
137
121
101
85
85
96
101
102
101
101
100
100
102
103
104
97
97
97
97
98
98
98
99
99
100
105
123
148
160
151
135
119
100
84
84
96
101
102
101
100
100
100
102
103
104
97
97
97
97
97
97
98
99
99
100
104
123
148
158
149
134
119
99
82
83
96
101
101
101
100
100
100
101
103
104
96
96
96
97
97
97
98
99
99
99
104
123
149
157
148
134
119
99
81
83
95
101
101
100
100
100
100
101
103
104
96
96
97
97
97
98
98
99
99
99
103
123
149
157
147
135
120
99
81
82
95
101
101
101
100
100
100
101
103
105
96
97
97
97
97
98
99
99
99
98
103
121
148
157
149
137
122
101
82
82
95
101
101
101
100
100
101
102
103
105
97
97
97
97
97
97
98
99
99
98
102
120
147
158
150
139
124
102
83
82
94
100
100
101
101
101
101
102
103
104
96
96
96
96
96
97
98
99
99
98
103
121
147
159
152
140
125
104
84
82
94
100
100
101
100
100
101
102
103
103
96
96
96
97
97
97
98
99
99
98
103
121
147
160
154
141
126
106
85
81
93
100
101
101
100
100
101
102
103
103
96
96
97
97
97
97
98
98
98
99
104
121
147
161
156
142
127
107
86
81
93
100
101
101
100
100
102
103
104
104
96
96
96
97
96
97
98
98
98
99
104
121
147
163
157
144
129
108
86
82
93
100
101
101
100
100
101
103
105
105
95
96
96
96
96
97
98
98
98
99
104
121
149
164
158
146
130
107
85
82
93
100
102
102
100
100
101
103
105
106
95
95
95
95
96
97
98
98
98
99
103
120
150
164
159
147
131
107
85
83
93
100
101
101
100
100
102
103
105
105
96
95
94
95
97
97
97
98
98
99
102
120
150
166
160
147
132
108
86
82
93
99
100
100
101
101
102
103
104
105
96
96
95
96
97
97
97
98
99
100
103
120
150
167
161
149
134
111
88
82
91
98
99
100
101
102
102
103
104
104
96
96
97
98
98
98
99
100
101
103
107
121
148
164
160
149
136
115
92
83
88
96
99
100
101
101
102
103
104
104
99
100
102
103
101
101
102
104
106
109
113
126
148
162
159
150
137
117
97
85
85
93
99
100
100
101
102
103
104
104
108
111
114
115
112
111
111
112
115
120
125
135
153
165
161
151
137
117
98
87
85
92
99
99
100
101
102
103
104
104
128
130
134
136
134
132
129
128
132
138
143
150
163
170
164
152
136
115
94
85
87
94
99
100
100
101
102
104
105
104
149
152
156
159
159
156
153
152
154
158
164
170
176
174
164
152
135
112
90
82
89
97
100
100
100
101
102
103
104
104
162
165
168
173
173
170
167
169
170
171
176
181
182
175
164
151
134
111
87
80
90
98
100
100
100
101
102
103
104
105
164
166
169
173
173
168
168
172
173
172
176
181
180
173
163
150
134
110
86
79
90
98
100
100
100
101
102
104
105
105
156
160
162
163
162
159
160
163
164
164
168
172
173
169
161
148
132
109
85
78
89
98
99
99
100
101
103
104
105
105
141
145
146
146
145
144
144
145
147
149
152
157
160
161
156
145
130
109
85
77
88
97
99
99
100
101
102
104
105
105
121
123
123
122
122
123
122
123
125
127
130
136
145
152
150
142
129
109
85
76
87
97
99
99
99
100
101
103
104
104
104
105
105
105
105
106
106
106
107
109
112
120
135
146
146
138
128
110
85
76
87
97
99
99
99
100
100
102
104
104
99
99
99
100
100
101
101
101
101
102
104
114
133
145
143
136
126
109
86
76
86
97
99
99
99
99
100
102
103
103
98
98
98
99
99
99
99
99
100
100
102
112
133
145
142
135
125
109
86
76
85
96
99
99
99
99
100
102
103
103
98
97
97
98
98
98
98
98
99
99
101
112
133
147
143
134
125
109
87
76
84
95
99
100
99
99
100
102
103
103
97
97
97
97
97
97
97
98
98
99
101
111
133
148
144
133
124
109
87
76
84
95
99
100
100
100
101
103
104
104
