81
73
68
62
55
48
39
35
36
33
29
27
28
32
38
45
51
57
64
71
79
85
90
92
93
97
104
106
102
100
99
96
93
88
82
78
77
72
63
62
68
74
78
75
66
65
72
78
84
89
94
98
100
100
98
100
104
106
103
102
102
102
82
72
64
56
48
40
33
29
29
27
25
23
22
24
28
34
42
51
59
69
80
87
91
92
90
93
102
105
101
100
100
98
96
91
83
80
80
76
69
66
69
72
75
73
66
66
72
77
81
85
89
94
99
100
98
100
104
104
101
100
101
101
84
73
63
52
40
32
26
22
17
16
19
18
16
14
13
18
30
42
54
67
82
90
93
93
90
92
100
102
100
99
99
98
97
94
88
85
85
81
74
71
70
71
73
74
73
73
73
74
76
78
82
88
97
101
101
101
103
102
99
98
100
101
84
73
61
49
37
29
25
19
13
11
14
15
13
10
7
10
21
31
40
55
75
88
92
93
91
92
98
100
99
98
98
97
97
95
90
88
86
82
75
71
71
72
73
74
74
74
72
72
73
75
79
85
95
101
102
103
102
100
96
96
99
101
83
71
59
48
39
32
28
22
16
12
12
12
13
12
10
11
18
20
19
32
60
79
89
93
92
93
96
98
100
99
97
95
95
93
92
89
85
79
70
67
72
74
74
73
71
69
69
70
72
76
80
86
94
100
103
104
101
97
93
94
98
101
82
71
57
46
38
32
28
22
15
11
9
9
11
12
12
13
15
15
11
23
50
71
84
91
92
93
94
96
98
98
95
93
91
91
91
89
84
78
69
67
72
74
73
72
70
69
68
69
72
75
79
86
94
99
103
103
99
95
92
92
97
100
83
71
56
44
36
29
25
19
12
7
4
4
7
10
13
14
13
14
17
27
46
63
78
86
89
91
92
94
96
95
93
90
87
86
88
87
84
79
72
69
71
72
71
71
72
72
71
70
71
74
78
85
93
98
100
100
97
94
91
92
95
98
78
67
53
41
32
25
20
14
8
3
1
1
4
9
14
16
13
13
18
27
42
56
71
80
84
88
90
92
92
92
90
88
85
84
85
83
80
76
71
69
70
69
67
67
69
70
71
72
73
75
79
84
92
96
98
98
96
94
92
92
95
98
69
59
48
38
29
20
13
8
4
1
0
1
4
9
16
18
13
12
14
22
36
49
64
73
78
83
88
89
88
87
86
86
86
85
82
78
72
69
67
66
67
66
61
59
60
64
70
74
76
78
80
84
90
94
96
97
96
95
94
95
96
98
67
56
44
35
27
20
11
5
2
0
0
1
3
7
14
16
15
15
15
21
33
45
58
67
73
79
83
84
82
81
81
82
83
82
79
74
69
66
65
65
64
62
56
54
56
59
64
69
72
76
79
83
88
92
95
96
95
95
95
96
98
100
71
58
41
31
29
23
14
7
2
0
0
0
1
3
7
12
18
21
20
25
34
44
54
62
69
74
77
77
77
76
75
75
77
77
76
74
71
69
67
64
61
57
53
52
56
57
56
57
62
68
75
81
86
90
93
94
93
94
95
97
100
101
73
60
42
31
28
22
13
6
2
0
0
0
0
1
3
9
19
23
22
25
32
41
50
58
65
69
71
72
72
71
68
67
68
69
69
69
69
68
65
62
58
54
50
49
52
52
49
50
55
62
72
78
82
86
90
92
92
93
95
97
100
101
74
62
46
34
25
17
8
3
1
0
0
0
0
0
1
7
19
23
20
22
27
36
47
55
59
63
66
67
67
65
61
59
58
58
59
60
63
63
60
58
58
55
49
46
45
45
44
46
51
58
68
74
77
81
87
90
92
93
95
96
98
99
76
64
49
35
22
12
5
2
2
2
1
0
0
0
0
6
17
21
17
18
22
30
41
49
53
59
66
69
69
65
59
55
52
51
53
55
57
57
54
53
55
52
45
41
39
38
39
42
47
54
63
69
72
77
83
87
90
92
94
95
96
98
77
66
51
36
19
8
4
3
6
6
2
0
1
1
0
5
14
16
12
13
18
24
33
40
48
58
71
77
76
71
62
56
51
49
51
52
52
51
48
48
49
46
39
34
33
33
36
40
44
50
58
63
67
72
79
84
87
90
92
94
95
97
80
67
50
33
18
8
4
3
6
6
2
0
1
1
0
3
10
12
10
10
13
18
24
32
42
57
76
85
83
76
63
53
46
45
48
49
49
48
45
43
43
40
35
31
29
29
33
37
42
48
55
60
63
67
74
79
84
88
91
93
95
97
85
68
45
29
20
12
4
1
2
2
1
0
0
0
0
2
6
9
10
10
9
11
14
23
36
55
80
92
92
81
60
46
39
38
44
47
48
47
44
40
37
35
33
30
27
27
29
34
40
47
55
59
58
61
68
74
79
84
88
92
97
100
88
70
43
27
21
14
5
0
0
0
0
0
0
0
0
1
3
6
9
9
6
6
8
16
29
51
81
97
97
85
59
42
33
33
42
48
53
53
47
41
35
31
31
29
27
26
27
31
36
42
48
51
51
55
61
68
73
79
84
90
96
98
90
72
45
29
22
14
5
0
0
0
0
0
0
0
0
0
1
3
7
7
3
2
4
10
21
45
81
99
101
87
58
38
29
30
41
52
63
64
56
46
35
29
29
28
28
28
27
28
31
33
34
37
42
47
53
59
65
71
78
85
91
94
89
73
49
32
23
14
5
0
0
1
2
3
5
4
1
0
1
3
6
6
2
0
1
7
18
42
80
99
100
84
52
31
22
23
36
51
69
73
65
53
38
29
27
26
27
26
23
23
25
26
24
26
32
38
43
49
55
63
74
81
85
89
85
71
53
38
25
14
6
1
0
2
6
10
14
12
4
1
3
5
6
5
2
0
0
7
19
43
78
95
94
77
42
21
13
15
26
45
71
82
76
63
43
31
25
23
24
21
16
16
20
20
17
17
22
26
30
36
43
55
70
79
80
84
82
69
55
40
25
14
8
4
2
4
9
15
23
21
10
5
6
8
10
8
4
1
0
6
19
40
70
84
82
66
34
15
7
9
18
39
70
84
80
66
43
29
24
21
20
17
11
11
16
16
11
10
13
17
22
29
38
51
69
78
77
82
80
67
55
40
22
13
13
10
6
6
11
19
31
31
19
12
10
12
17
16
8
3
1
6
17
34
56
66
63
51
28
13
5
5
12
32
65
80
76
62
38
25
24
21
16
12
8
9
15
15
8
6
7
12
21
30
39
53
70
78
78
82
83
70
56
40
22
13
14
13
11
10
11
19
32
36
30
23
16
16
21
21
14
9
7
11
22
35
51
55
49
39
23
11
4
3
9
27
57
71
69
58
37
25
24
19
12
9
8
13
21
21
12
7
7
12
20
30
40
54
69
78
80
84
93
80
60
42
24
14
11
12
17
16
11
14
26
35
41
37
25
19
22
22
19
18
18
23
34
44
52
51
41
30
18
9
3
3
10
24
45
56
58
53
40
30
22
15
8
7
12
21
35
35
21
14
12
15
20
29
41
54
69
78
83
88
98
85
64
44
26
15
12
15
25
25
17
17
26
34
43
42
29
23
24
23
23
24
26
32
44
50
53
48
36
26
17
11
7
7
12
21
34
43
49
50
44
35
21
12
6
7
15
28
44
44
28
18
14
13
18
26
39
51
62
72
81
87
98
86
67
48
28
18
16
22
35
37
29
27
30
34
37
36
31
28
27
26
24
26
30
39
51
56
52
45
34
27
21
17
15
15
15
19
25
33
43
49
48
39
21
9
5
7
17
31
48
49
33
20
11
8
13
22
33
43
50
61
74
83
97
86
70
52
33
23
22
29
44
47
37
33
35
35
34
33
31
30
29
28
29
30
32
38
48
50
45
38
30
26
24
23
22
20
17
19
24
32
43
51
55
47
28
16
12
15
23
34
47
46
32
19
8
5
9
16
26
35
43
54
68
78
96
86
73
58
40
31
30
37
53
54
40
35
39
39
34
31
31
30
27
29
36
37
33
31
33
33
32
28
24
23
26
28
27
24
19
21
31
40
49
57
64
60
42
32
28
29
33
37
40
36
26
15
6
2
5
9
16
26
39
51
62
73
96
87
78
65
50
41
40
45
57
56
44
39
43
42
38
36
38
37
34
37
47
47
38
32
30
28
27
24
20
22
28
31
30
26
20
22
31
40
48
57
67
66
55
49
47
45
42
38
31
25
20
14
5
1
2
5
9
18
32
43
54
66
97
91
84
75
62
55
53
54
57
55
49
46
46
46
46
48
51
51
48
51
60
58
48
41
37
34
30
25
20
21
30
32
29
26
22
22
25
31
40
51
61
66
66
67
69
64
51
36
19
12
16
14
6
1
1
2
6
12
20
31
43
58
99
94
89
82
73
67
65
64
62
59
56
53
50
50
55
59
64
65
63
64
68
65
54
47
42
38
34
28
20
20
26
27
23
20
19
19
19
25
37
48
59
68
75
79
82
73
54
35
14
6
12
11
5
1
0
1
3
6
11
20
32
48
103
98
93
88
83
79
77
74
71
68
65
60
54
55
62
70
78
80
78
75
72
66
58
51
44
40
39
33
23
17
17
15
10
9
11
13
16
24
37
49
59
70
81
86
85
73
52
32
15
7
8
6
2
0
0
0
1
2
5
11
22
38
105
100
96
92
89
86
84
81
78
74
68
63
57
59
67
76
85
88
87
83
76
69
60
53
47
44
44
37
23
14
10
8
7
9
12
15
17
24
38
50
61
72
84
88
83
68
43
25
13
6
5
3
1
0
0
2
5
7
8
12
18
31
105
102
98
95
91
88
86
84
82
76
68
62
60
63
70
77
85
89
89
87
82
73
62
54
49
48
48
40
22
10
5
6
13
19
24
25
22
27
39
51
65
76
86
86
77
58
29
12
8
5
2
1
0
0
0
5
14
19
20
21
22
29
106
102
99
96
92
90
90
89
86
80
69
63
63
66
73
80
87
91
92
90
85
76
63
54
49
48
51
43
24
10
3
5
16
27
36
36
27
28
39
52
67
78
86
85
75
56
28
12
8
5
2
0
0
0
0
7
20
28
31
30
24
27
105
102
98
95
91
91
95
95
91
83
72
66
64
68
76
83
89
93
94
92
86
77
64
54
47
46
53
47
29
14
5
6
17
32
50
50
32
29
40
52
67
77
83
83
77
63
40
24
14
7
2
0
0
0
0
8
23
34
40
38
27
24
104
101
98
95
92
92
97
98
94
87
78
72
69
72
79
86
91
94
94
92
86
77
66
57
51
50
54
47
29
14
5
7
20
34
51
50
30
27
40
53
65
72
73
74
75
67
49
34
22
13
5
1
0
0
0
8
24
35
39
35
23
19
103
100
98
96
93
93
96
97
95
92
86
81
78
78
83
88
92
94
93
89
83
76
69
64
64
61
55
43
24
10
3
8
23
34
41
37
21
23
41
54
62
63
56
58
69
68
55
43
34
23
10
3
1
0
0
8
23
30
28
22
12
12
103
100
99
97
96
96
97
97
96
95
92
88
85
84
87
90
93
94
93
90
85
78
71
68
70
65
56
42
24
13
8
14
31
40
40
33
19
21
39
51
58
57
48
50
62
64
56
46
36
24
10
3
1
0
1
7
18
22
17
12
6
10
103
100
99
98
99
99
100
99
97
96
95
93
90
89
89
91
93
94
94
93
90
83
73
68
69
64
55
44
31
23
19
26
46
53
46
36
24
23
33
42
51
53
50
50
53
54
51
42
27
15
6
1
0
1
3
6
10
11
8
6
5
11
103
100
99
99
101
102
101
100
98
98
98
97
95
93
92
93
94
95
96
95
93
88
78
73
71
65
55
45
35
29
26
36
57
61
49
39
31
30
36
42
48
53
56
57
55
53
50
41
24
13
6
2
1
1
4
6
7
7
7
7
9
17
104
101
99
99
102
103
101
100
100
100
99
98
97
96
96
96
97
97
98
98
96
92
87
82
76
66
53
43
35
31
32
42
63
65
48
40
41
43
47
49
49
55
66
71
68
62
53
41
27
17
11
6
2
2
5
8
9
11
14
16
18
26
104
101
100
100
102
102
101
101
101
101
100
99
99
99
99
98
98
98
98
98
97
95
92
88
81
71
58
49
42
39
40
50
70
72
56
50
52
54
57
56
51
56
71
78
78
72
60
45
29
19
13
9
6
5
7
9
12
16
21
25
30
37
102
100
100
100
100
101
101
101
101
101
101
101
101
101
100
98
97
96
96
97
97
96
94
91
86
79
70
62
54
51
52
60
76
81
73
68
65
64
64
60
53
56
70
80
86
83
70
53
32
19
12
10
12
12
9
10
15
21
28
36
43
51
102
100
100
99
97
97
101
103
103
103
102
101
102
102
101
99
97
95
95
95
96
95
93
90
86
82
78
71
63
61
63
69
79
82
79
76
72
70
70
66
60
62
72
82
91
90
79
62
40
24
16
14
18
18
14
15
21
28
36
44
53
59
104
102
100
97
91
92
100
105
107
107
103
101
102
102
102
100
97
95
93
93
93
91
88
85
83
81
80
76
69
69
74
77
78
77
75
74
73
73
74
74
74
75
78
83
91
92
85
71
51
36
26
21
22
22
20
22
30
37
44
51
57
61
106
104
100
95
88
89
100
107
109
107
103
101
101
101
101
100
97
94
92
90
90
89
86
83
82
82
83
80
73
73
80
81
77
73
70
70
74
77
78
78
78
79
80
85
92
93
89
78
60
44
30
24
25
26
26
30
37
45
52
58
60
62
107
104
100
94
87
90
101
107
107
105
102
101
101
100
100
99
98
95
90
88
88
88
87
85
84
84
85
81
74
74
81
82
76
70
62
64
75
81
81
78
72
73
80
86
93
95
91
81
64
47
29
23
28
31
33
37
43
51
60
64
61
62
107
104
99
94
88
90
102
107
106
104
102
101
101
101
99
99
98
96
91
89
90
89
87
86
87
87
87
83
77
77
83
81
69
59
51
57
75
86
89
86
78
75
77
82
90
93
89
81
67
52
35
29
32
35
39
44
50
57
66
69
65
65
107
103
98
93
88
91
103
108
106
104
101
101
103
103
100
98
98
97
94
93
95
92
85
85
90
92
89
86
83
83
85
76
55
42
36
47
74
91
100
101
95
85
72
72
84
87
83
77
69
60
49
41
38
39
45
51
58
64
70
73
72
71
107
104
99
93
87
90
103
109
107
104
99
99
104
104
100
98
98
98
96
96
97
92
83
84
93
96
91
89
88
88
88
74
46
29
25
39
70
92
105
109
104
93
75
71
82
85
80
75
70
63
56
50
45
46
52
58
64
69
71
73
74
74
106
104
101
94
84
87
101
109
109
105
97
97
104
105
100
98
99
98
97
96
95
90
81
83
96
99
94
91
92
92
90
73
41
22
17
31
65
89
104
110
106
98
84
79
84
85
81
75
68
63
58
55
54
55
59
64
70
72
69
69
71
72
106
104
102
95
84
86
100
108
109
106
96
95
102
103
101
99
99
98
97
96
95
91
83
85
96
99
94
93
95
95
93
76
46
26
17
28
60
85
101
108
104
97
87
84
87
86
81
76
68
63
59
60
64
67
69
72
76
75
70
69
70
72
106
104
102
96
87
88
99
105
108
105
97
95
97
99
101
101
99
98
96
95
95
93
90
91
95
96
93
93
96
97
95
84
62
43
25
30
58
80
97
102
97
91
86
85
88
87
82
76
69
63
59
63
75
81
80
80
81
79
76
74
73
73
103
100
100
97
93
95
101
105
106
104
98
94
92
94
99
101
99
97
95
94
94
94
94
94
94
94
92
92
94
95
95
89
78
62
41
40
60
77
93
98
93
89
87
87
90
87
81
74
67
61
57
63
80
87
86
86
85
83
81
78
76
76
98
95
96
99
103
106
107
107
106
103
98
93
88
89
96
99
97
95
93
92
93
94
95
95
94
93
91
90
89
89
91
92
94
84
64
58
66
77
90
95
92
91
92
92
91
86
76
69
63
58
55
61
77
86
87
88
87
86
85
83
81
81
92
88
93
100
109
113
111
108
105
102
97
92
88
88
94
96
95
94
92
91
91
92
96
96
94
92
91
87
81
79
82
89
100
98
82
75
74
79
90
94
93
92
93
92
89
83
74
67
63
60
57
62
75
83
85
87
89
90
88
87
86
86
84
81
91
101
111
115
113
110
105
101
95
92
92
92
93
93
92
91
91
89
87
90
96
98
95
92
91
84
71
66
68
78
97
103
97
91
83
83
91
94
94
93
90
87
83
78
73
69
68
66
63
65
73
78
79
84
91
94
92
91
91
90
82
80
90
101
111
115
113
109
105
99
91
90
95
97
96
94
91
90
92
91
86
88
96
98
94
90
88
79
65
60
63
74
93
102
102
97
88
86
90
94
95
94
90
86
81
76
72
71
72
71
67
68
73
76
78
83
92
96
94
94
94
93
87
84
90
98
108
112
110
107
103
96
86
86
96
102
103
99
92
91
96
95
88
87
93
95
91
87
81
74
64
62
67
76
89
95
96
93
88
87
89
92
96
96
93
89
83
77
72
72
75
74
70
70
74
78
81
86
92
95
95
95
97
97
94
91
93
98
106
109
107
104
100
91
78
79
94
102
104
101
93
92
98
97
90
88
92
93
90
86
80
74
67
67
75
82
89
93
93
91
88
87
88
91
95
96
93
89
83
78
74
73
76
76
73
72
75
79
84
89
93
95
96
97
98
98
