102
67
195
143
182
160
218
186
184
211
117
5
130
164
131
177
110
147
5
112
92
188
33
241
139
124
5
8
127
91
69
15
187
223
6
120
122
251
197
176
240
239
195
18
106
62
34
236
8
55
191
181
106
95
198
121
185
226
101
14
183
197
160
86
68
65
19
169
212
253
20
154
32
149
104
195
188
107
10
187
1
218
32
203
203
61
189
28
111
225
120
251
28
16
207
27
119
188
86
92
70
142
35
163
70
110
170
48
26
14
214
10
122
143
136
136
198
241
54
12
150
61
123
215
3
207
187
81
182
149
245
165
124
144
17
54
133
52
146
47
70
12
184
198
11
65
137
44
232
1
24
204
70
228
251
33
188
81
250
43
4
238
93
219
215
238
214
35
115
84
59
126
39
38
187
94
228
248
102
115
100
152
150
135
8
168
105
123
73
111
216
138
61
26
10
225
3
207
79
97
68
49
246
207
203
17
129
110
6
243
233
192
238
83
84
92
142
55
177
189
145
193
70
70
134
164
79
16
13
185
229
158
82
91
30
87
245
11
241
68
153
175
92
185
231
124
42
107
224
118
136
252
10
201
57
131
148
146
238
210
53
152
206
77
148
181
175
196
231
36
145
85
229
187
163
204
237
116
32
62
224
129
48
46
152
104
157
67
86
212
83
194
141
205
46
58
194
39
1
107
23
21
213
74
50
116
153
155
34
243
103
180
200
114
190
13
32
172
255
36
23
126
174
252
23
5
120
158
17
147
222
148
114
44
161
127
193
30
62
208
37
45
169
48
12
197
133
103
167
243
215
83
229
136
15
90
188
209
200
84
123
42
1
197
207
132
183
78
243
67
86
231
85
196
178
28
232
46
136
53
97
115
236
143
213
194
72
158
228
26
165
156
38
61
65
120
89
159
179
41
179
254
158
72
149
161
180
13
53
179
20
162
189
89
245
122
7
194
46
178
98
176
137
99
63
226
53
9
116
56
130
34
1
179
29
124
159
83
12
26
175
94
232
70
219
190
60
251
129
41
89
133
92
226
246
204
53
230
211
65
225
86
187
156
100
160
223
172
95
127
246
108
102
72
124
149
69
161
18
239
135
222
127
144
11
247
67
146
243
213
71
50
69
240
246
152
154
218
205
201
241
24
123
70
249
3
250
48
98
22
228
144
132
243
204
75
233
205
154
168
206
33
90
107
51
250
154
192
172
63
18
46
195
245
209
178
183
210
192
230
18
191
237
225
187
5
243
218
172
68
209
21
71
33
146
109
6
216
235
236
88
176
69
139
188
177
220
149
181
141
122
74
241
163
122
80
88
250
224
115
73
24
49
196
133
69
17
52
211
126
120
31
213
236
55
23
210
243
7
36
167
207
232
89
98
138
239
254
165
61
2
72
20
116
1
210
248
205
239
179
50
106
95
242
190
8
108
15
219
49
159
67
226
123
228
71
0
177
126
109
60
125
204
205
138
179
245
80
6
224
146
248
78
28
83
241
136
156
214
142
95
146
16
242
209
196
204
241
152
103
44
200
46
49
147
79
38
126
13
8
150
208
39
251
76
46
119
59
125
192
43
106
137
25
63
178
96
191
162
155
230
36
2
100
222
170
200
174
0
46
110
25
83
85
169
167
163
2
233
248
45
25
144
139
183
254
163
36
152
138
74
72
251
148
99
24
113
222
103
172
192
199
27
144
13
146
234
172
67
212
216
58
15
241
13
87
124
83
212
80
123
13
53
235
73
138
145
84
18
115
55
233
147
239
111
113
16
14
11
106
103
59
10
155
21
239
144
163
207
226
115
213
172
7
155
38
118
46
162
119
26
131
199
222
51
140
230
173
237
148
146
166
107
106
195
186
142
114
5
50
148
47
34
116
216
84
145
205
26
165
218
30
152
198
45
206
31
111
195
226
55
147
40
240
166
67
41
97
121
197
22
106
45
5
127
232
225
206
215
246
146
84
179
121
216
161
236
26
177
155
147
169
128
14
37
77
68
183
79
193
105
2
129
4
175
71
49
115
91
7
8
219
132
249
220
62
71
75
140
172
226
87
125
203
28
61
21
219
43
127
164
220
201
193
143
108
7
101
163
64
171
18
2
183
149
144
135
75
49
111
12
95
133
48
135
55
145
208
228
49
100
67
36
10
26
209
124
198
255
124
61
88
101
202
136
210
81
245
26
96
154
23
238
105
197
216
171
226
55
13
113
186
16
137
249
85
209
59
253
99
5
252
218
180
128
97
157
123
60
202
133
132
222
65
211
182
204
141
215
194
254
188
55
149
234
156
49
52
127
224
58
114
179
196
58
61
110
146
140
19
51
40
4
31
