15048
26344
16179
25346
6553
28433
15884
14664
32767
32767
32767
0
13424
6686
8063
32767
7052
17232
32199
20568
23457
5614
11051
31862
32767
32767
1560
0
32767
32767
32767
17859
0
4654
20865
32767
4430
12832
16165
32767
11364
12781
32767
0
12328
32767
0
17474
18314
32767
16872
3495
28757
0
22894
32767
11336
30353
13698
21624
32767
31068
4075
8950
26738
20432
10061
21386
4479
12538
16864
13500
21613
16110
26512
0
15039
16762
8226
18596
21739
32767
16776
1201
32767
1137
32767
32767
0
29084
23227
32767
32767
32767
32767
23097
1078
17535
4620
19780
32767
12743
0
1411
32767
32767
8305
18066
7383
8814
32767
25217
0
20195
7749
23718
32767
10265
11255
32767
0
30407
12649
30035
32767
32767
17187
4074
31707
28790
32767
25201
0
0
25973
28416
32767
32767
25132
22529
31806
1502
27017
12014
0
32767
32359
24865
687
13736
9665
0
0
26063
17688
32767
26747
14425
2550
0
32767
32767
25779
1799
26203
2348
7627
32767
32767
32059
25779
14633
32767
22248
12883
24264
23043
29611
9280
28184
32767
28226
20891
7288
1237
32767
32767
32767
13169
12896
17010
32767
32767
0
32767
8806
10648
32767
21255
32767
32767
13234
6163
25797
23401
0
29717
29992
19268
32767
20385
32767
32767
24588
0
19085
32767
12268
11746
17946
0
27281
32767
4683
16968
0
32767
26076
0
32767
32767
32012
0
12472
32767
6244
8633
17801
31185
25562
13247
32767
25730
15836
7601
32767
4129
6238
32767
15924
6344
31815
12290
7776
32767
0
6002
20022
16333
14241
29696
32374
0
22909
32767
32767
30276
12129
13573
32767
0
7030
30423
32767
28114
18017
13021
18022
5797
18686
32767
32767
7954
3433
32767
22744
19818
8642
29036
32767
8190
14529
30955
8975
5408
32767
30032
0
8344
32767
25206
14289
26791
29469
16929
23524
32767
14289
1886
2804
5576
32767
29825
11250
19805
32767
32767
0
20431
32767
7864
27220
26376
2730
14437
23930
28185
0
14559
32767
32767
32767
0
22835
32000
15425
31716
32767
23874
0
0
15820
12368
25897
4382
2204
31637
21839
25641
12403
0
32767
28802
731
32767
24551
15563
31456
5618
21733
16634
28983
0
32767
32767
29129
32767
29103
27465
32767
19346
7741
16295
32767
29770
0
21847
32767
7894
14347
32767
32767
15595
0
21502
24125
8625
16856
21824
24025
24657
14741
3967
23027
3088
32767
32767
25940
5394
32767
13228
20057
32767
24093
32767
20860
20244
32767
32767
25803
20633
22722
32767
9242
20884
11189
20639
0
32767
18300
32767
22982
32767
18950
691
32767
32058
9673
16455
32767
9423
11036
15828
32767
32767
14316
0
12901
32767
32767
32767
21319
32767
32767
32767
15861
32767
20311
28939
13735
22452
32767
32767
0
31940
30303
0
12558
32767
25283
11551
0
4411
32767
29946
29935
24322
18675
5171
25442
32767
32767
22484
30834
24167
14905
32767
32767
0
6046
27287
17315
24387
11194
16561
25680
32640
21646
13157
0
32767
4357
0
19703
32767
32767
32767
18712
0
13337
13147
17802
29972
26990
32767
24008
25348
15595
25207
32767
0
5803
28843
32767
4516
11912
32767
32767
32767
22474
12007
0
6083
32767
32767
0
31406
32767
1284
0
32767
32767
14612
7839
32767
32767
12407
6490
21658
20152
26956
32767
31273
31062
32767
1343
0
32767
32767
32767
22845
11993
14084
29129
9717
26454
32767
32767
0
0
32767
32767
17317
7690
29833
32767
32767
7612
0
19738
22700
12353
19542
21263
6603
7187
17343
16407
0
32767
32767
32767
11356
0
1821
32767
20010
19166
24339
9707
20512
17460
0
29563
30470
30149
32767
23963
4030
12806
6495
13556
25008
6022
1519
26701
21166
0
17766
25739
22966
32767
22534
11139
12594
4331
15426
32439
26747
32767
32767
0
0
27682
9642
14506
31046
32767
32767
0
21160
24486
32767
32767
4432
28767
1495
0
32767
17846
16524
32767
28112
0
26506
32767
11124
9377
9331
17761
32767
27853
20009
0
9872
32767
0
22045
32767
23382
13610
32767
32767
32767
29311
31371
9196
4024
0
5252
32767
29580
0
9733
32767
32767
11501
32767
12718
19896
19017
32767
32767
4716
31803
35
0
17734
26923
32767
18841
29380
0
22386
32767
32767
32767
32767
0
10303
23074
17288
17004
32767
32767
2550
0
32767
7276
12619
11917
22849
31950
32767
32767
327
17148
24816
21243
11228
0
9673
18512
26451
12600
32767
32767
32767
28322
22045
24307
29055
14636
990
25679
28248
11768
26195
0
0
32322
22423
11096
32767
32767
23435
32767
26677
3105
25888
25204
11071
30783
32767
0
13071
32767
23348
12972
6571
2780
32767
21265
12960
15404
7593
32767
27468
1954
23590
14768
0
0
18188
18097
14853
32767
32767
15929
25817
32767
32767
32767
16602
10274
17099
28778
31798
16912
7438
0
24667
31893
32767
20293
32767
32442
22301
6656
13241
28336
0
5640
19458
9309
0
13747
32767
13916
31535
0
16125
20892
9418
32767
3106
27020
32767
32767
1186
6613
17140
0
0
3558
32767
30317
32767
32767
20473
11397
12959
15932
32767
32767
0
0
32767
8453
32767
20168
14722
4675
32767
32767
16770
27380
8736
12847
26335
25538
21884
24300
13492
19304
136
22389
32767
13906
32767
32767
32767
17439
14020
32767
12328
5038
31762
25153
32767
28684
19966
30022
21677
32767
32767
32767
32767
1707
16881
32767
32767
1533
21632
31070
11538
11715
11177
32767
24147
13800
28569
24741
20176
17633
6918
22575
1645
1563
30546
