23386
12230
20531
0
9728
0
0
0
0
0
14179
0
15456
23397
0
26522
0
6398
12379
18119
16945
0
7595
13446
0
24531
0
21887
0
18040
25840
6940
20028
3953
12732
29737
5244
12626
0
0
0
0
23478
12066
967
18371
10441
6144
2181
9356
2621
7024
0
13136
0
8957
4125
29676
12974
5006
3018
0
14673
9042
14278
32767
15888
2060
32767
0
26047
7870
11567
23630
0
0
13895
9027
0
15295
23551
7588
26752
9420
23740
17400
0
5930
32767
8921
0
0
12356
0
32767
0
13865
0
17337
11627
0
31666
12418
9096
6647
7589
0
32767
0
0
32767
0
32767
0
0
32767
0
7713
31788
3212
5991
13339
0
0
32767
1113
495
23360
3899
15003
0
12891
2691
0
9781
24948
0
29963
2855
0
25443
0
0
4876
0
19570
6962
0
14924
0
7673
8359
23988
4869
1939
12686
0
11552
32182
0
290
32767
0
19261
4782
20189
11078
7865
23817
16220
0
11669
0
6689
5281
5440
32767
0
32767
3246
0
0
28862
0
22904
0
0
17163
9128
26636
0
32767
13943
22414
32767
23816
17540
0
21301
26497
0
23820
3103
9255
5751
31073
24112
0
25336
20081
5752
2038
32767
0
32767
1086
13663
20557
0
32767
0
19664
14207
0
25027
23871
15065
18347
11460
8011
0
32767
18868
2952
19483
27134
26310
12960
1318
32767
3779
0
32767
0
32767
354
32767
0
13564
1560
6201
4820
25432
0
26262
0
443
0
2811
20064
0
20725
32767
0
32767
0
31973
8936
4844
22169
5534
0
32767
0
0
4742
15317
0
0
0
28332
21212
32767
0
18919
0
0
4125
11040
4832
0
6330
16938
0
21948
0
1139
19059
1580
32767
21033
0
0
10671
0
7382
1105
31317
1842
2344
11056
16918
21831
0
0
19452
0
32767
0
23681
2211
10019
8150
19656
16211
3879
22584
1309
5169
32767
10757
32767
10583
4903
18488
0
32767
23781
19660
15938
0
26198
833
0
0
32581
9977
13263
0
32767
8838
0
27812
0
18349
10362
32767
0
29291
0
2649
918
22131
1253
547
3929
7940
23930
16803
0
0
8172
24539
0
0
14449
32767
0
0
20858
32767
0
14013
11069
0
15291
0
8020
17898
17357
3959
0
6206
7904
0
32767
0
31823
22334
0
6568
0
32767
2424
0
368
32767
4643
0
0
32767
23273
0
13451
0
22923
0
0
0
0
0
0
25672
14647
0
32767
0
9725
5455
23406
0
18886
6387
32767
1842
0
27996
2831
4825
7185
0
15966
0
0
8177
24583
3755
11581
6854
0
0
20937
27933
22424
0
12074
11799
21065
0
32767
0
27448
13949
32767
14156
22196
0
319
8265
22008
3612
0
13774
0
8532
32001
11089
32767
0
32767
32767
0
27110
32767
0
11124
13414
23898
0
18012
12187
0
32767
0
21878
32767
0
6383
0
13824
9306
0
9128
14936
5498
17575
10569
24722
0
17294
13756
8677
302
32767
7754
0
31392
0
27577
0
32028
0
32767
8188
0
32767
0
20925
0
31030
17322
27428
3413
0
32767
1494
25907
7637
0
15006
16406
19296
4812
20895
15440
0
32767
0
32767
0
25695
0
2676
20508
0
0
21619
2241
23051
10789
5733
16668
23564
0
21604
23609
0
32767
0
26632
24164
8116
17311
29972
0
7906
6574
13621
0
32767
0
11357
0
0
0
0
22633
0
11195
0
0
1022
28846
17484
0
27017
0
32219
7701
5247
0
3842
6056
22079
17821
0
26243
10039
275
24224
0
0
26019
2607
13532
0
4603
7609
7017
5675
23854
5610
32767
22530
2627
0
8810
0
32249
0
0
0
26264
0
32767
0
32767
0
19146
18475
32767
0
27417
32767
17126
13967
22872
0
32767
15324
32767
7604
6065
15744
7084
0
22115
0
32214
0
0
32767
28695
0
21433
0
0
28288
0
12329
14978
16130
136
28600
0
11576
31321
0
0
0
23579
2350
0
29979
2236
0
32767
8385
32767
5569
4566
21233
32767
0
3631
0
0
23279
26251
4726
0
506
0
30641
0
0
32767
26672
4977
0
0
3975
0
24997
16994
0
24154
161
32767
0
26642
0
18500
28414
8435
0
24741
7837
30350
31160
0
3749
0
32767
0
0
15453
30693
5964
20013
7181
7952
698
32767
17421
0
10637
15011
1017
14706
16107
16092
0
32767
32749
3653
9056
21212
8157
4380
4919
15939
2100
31300
20185
0
0
28524
0
0
7397
14400
0
18094
32074
0
19858
19822
0
32767
32767
23004
0
14872
0
23568
0
19529
29383
0
24590
1069
18903
32767
1486
6469
2087
8188
21508
0
4688
9119
8537
13050
32767
0
13594
11435
0
32767
32087
25446
0
0
0
21523
1330
17206
13140
15231
17235
5866
4416
14759
0
2615
3389
0
32767
0
32767
2354
26669
25505
6419
20628
0
32767
3792
4348
12846
26688
8014
0
19837
9502
9583
28094
0
18153
9379
0
0
27377
0
11276
16447
0
30297
15111
15399
29884
0
19828
15233
21292
0
4082
23659
3489
0
2591
3776
17324
16883
12673
16946
0
20732
2816
24188
0
16602
16747
0
4292
0
0
20277
13807
14941
13549
0
0
7628
24096
25011
0
1201
7919
