23386
12230
20531
-24563
9728
-22399
-592
-19485
-11439
-10621
14179
-3469
15456
23397
-18358
26522
-8918
6398
12379
18119
16945
-6955
7595
13446
-9227
24531
-14195
21887
-6386
18040
25840
6940
20028
3953
12732
29737
5244
12626
-3422
-3488
-8571
-1224
23478
12066
967
18371
10441
6144
2181
9356
2621
7024
-9798
13136
-3643
8957
4125
29676
12974
5006
3018
-2501
14673
9042
14278
32767
15888
2060
32767
-8811
26047
7870
11567
23630
-9173
-2511
13895
9027
-25506
15295
23551
7588
26752
9420
23740
17400
-20610
5930
32767
8921
-641
-7306
12356
-4377
32767
-13964
13865
-14586
17337
11627
-6870
31666
12418
9096
6647
7589
-18079
32767
-32768
-9678
32767
-31592
32767
-1431
-8872
32767
-18541
7713
31788
3212
5991
13339
-497
-1700
32767
1113
495
23360
3899
15003
-6100
12891
2691
-6207
9781
24948
-3875
29963
2855
-15681
25443
-13685
-9809
4876
-26226
19570
6962
-1111
14924
-7303
7673
8359
23988
4869
1939
12686
-3668
11552
32182
-6493
290
32767
-3914
19261
4782
20189
11078
7865
23817
16220
-12493
11669
-17767
6689
5281
5440
32767
-32768
32767
3246
-9421
-8873
28862
-2138
22904
-9185
-7767
17163
9128
26636
-28605
32767
13943
22414
32767
23816
17540
-519
21301
26497
-18501
23820
3103
9255
5751
31073
24112
-13635
25336
20081
5752
2038
32767
-10840
32767
1086
13663
20557
-7519
32767
-32768
19664
14207
-11058
25027
23871
15065
18347
11460
8011
-9614
32767
18868
2952
19483
27134
26310
12960
1318
32767
3779
-9219
32767
-17812
32767
354
32767
-29632
13564
1560
6201
4820
25432
-7085
26262
-5866
443
-8566
2811
20064
-24005
20725
32767
-28224
32767
-21899
31973
8936
4844
22169
5534
-17516
32767
-11625
-4704
4742
15317
-5641
-3951
-12380
28332
21212
32767
-25872
18919
-2320
-331
4125
11040
4832
-4648
6330
16938
-2635
21948
-3855
1139
19059
1580
32767
21033
-14287
-9670
10671
-16932
7382
1105
31317
1842
2344
11056
16918
21831
-25969
-1122
19452
-10156
32767
-1527
23681
2211
10019
8150
19656
16211
3879
22584
1309
5169
32767
10757
32767
10583
4903
18488
-2306
32767
23781
19660
15938
-5977
26198
833
-12744
-18096
32581
9977
13263
-21614
32767
8838
-7478
27812
-7753
18349
10362
32767
-9066
29291
-12599
2649
918
22131
1253
547
3929
7940
23930
16803
-21413
-9626
8172
24539
-19140
-17270
14449
32767
-6731
-5419
20858
32767
-8906
14013
11069
-815
15291
-13527
8020
17898
17357
3959
-19617
6206
7904
-27012
32767
-32768
31823
22334
-19195
6568
-19056
32767
2424
-10831
368
32767
4643
-9184
-6078
32767
23273
-14886
13451
-3521
22923
-21876
-3250
-5478
-1785
-6952
-9632
25672
14647
-29735
32767
-15359
9725
5455
23406
-9617
18886
6387
32767
1842
-10959
27996
2831
4825
7185
-2006
15966
-11628
-30180
8177
24583
3755
11581
6854
-11017
-3794
20937
27933
22424
-22923
12074
11799
21065
-13009
32767
-16174
27448
13949
32767
14156
22196
-12765
319
8265
22008
3612
-6045
13774
-19354
8532
32001
11089
32767
-13676
32767
32767
-1261
27110
32767
-17234
11124
13414
23898
-7341
18012
12187
-1871
32767
-5142
21878
32767
-13835
6383
-10138
13824
9306
-3766
9128
14936
5498
17575
10569
24722
-4670
17294
13756
8677
302
32767
7754
-2909
31392
-15320
27577
-23539
32028
-14298
32767
8188
-16536
32767
-6052
20925
-7018
31030
17322
27428
3413
-5815
32767
1494
25907
7637
-6424
15006
16406
19296
4812
20895
15440
-12958
32767
-32768
32767
-8189
25695
-14452
2676
20508
-22734
-2712
21619
2241
23051
10789
5733
16668
23564
-28077
21604
23609
-6403
32767
-14518
26632
24164
8116
17311
29972
-20284
7906
6574
13621
-461
32767
-4274
11357
-15976
-5112
-3263
-5716
22633
-2498
11195
-8931
-10038
1022
28846
17484
-8978
27017
-14209
32219
7701
5247
-309
3842
6056
22079
17821
-4450
26243
10039
275
24224
-563
-16727
26019
2607
13532
-1061
4603
7609
7017
5675
23854
5610
32767
22530
2627
-20815
8810
-32768
32249
-14429
-1337
-6873
26264
-11388
32767
-20196
32767
-1672
19146
18475
32767
-6571
27417
32767
17126
13967
22872
-16741
32767
15324
32767
7604
6065
15744
7084
-20556
22115
-10840
32214
-5275
-13315
32767
28695
-30054
21433
-25577
-15017
28288
-19129
12329
14978
16130
136
28600
-11652
11576
31321
-10153
-8504
-3119
23579
2350
-16960
29979
2236
-22539
32767
8385
32767
5569
4566
21233
32767
-6290
3631
-11699
-8075
23279
26251
4726
-4607
506
-7003
30641
-29412
-12631
32767
26672
4977
-6104
-1484
3975
-11394
24997
16994
-32768
24154
161
32767
-10036
26642
-21116
18500
28414
8435
-1172
24741
7837
30350
31160
-7028
3749
-6312
32767
-670
-16431
15453
30693
5964
20013
7181
7952
698
32767
17421
-6480
10637
15011
1017
14706
16107
16092
-4416
32767
32749
3653
9056
21212
8157
4380
4919
15939
2100
31300
20185
-3569
-10784
28524
-27246
-598
7397
14400
-7010
18094
32074
-13249
19858
19822
-12810
32767
32767
23004
-13988
14872
-1827
23568
-16190
19529
29383
-14136
24590
1069
18903
32767
1486
6469
2087
8188
21508
-14512
4688
9119
8537
13050
32767
-4727
13594
11435
-32768
32767
32087
25446
-29702
-18319
-6867
21523
1330
17206
13140
15231
17235
5866
4416
14759
-3927
2615
3389
-25796
32767
-15
32767
2354
26669
25505
6419
20628
-21136
32767
3792
4348
12846
26688
8014
-12734
19837
9502
9583
28094
-24428
18153
9379
-1882
-17365
27377
-16107
11276
16447
-7426
30297
15111
15399
29884
-11766
19828
15233
21292
-19625
4082
23659
3489
-8475
2591
3776
17324
16883
12673
16946
-4622
20732
2816
24188
-8905
16602
16747
-1412
4292
-723
-987
20277
13807
14941
13549
-13685
-18966
7628
24096
25011
-8757
1201
7919
