-4646
11090
485
12139
15178
27248
13263
32767
32767
32767
17958
21557
10455
7014
31638
-2509
17222
18783
14649
15046
-2376
-2291
20821
10743
23655
6899
21619
4074
13385
12289
-1546
17582
-4021
3493
7150
-7526
-5386
8784
6054
13821
23643
32767
26230
7473
11118
1943
17908
2705
1150
13629
19384
22024
12262
3244
30184
17334
16360
-966
-7826
13766
8047
26618
755
20545
13391
466
-7983
4736
-18031
-6557
-1882
7535
16172
8551
19526
10808
28407
-8391
9845
32767
-4158
7682
1529
5548
19362
-15035
8354
32767
15706
15068
16579
7151
6031
32767
-683
14329
8295
20980
23173
-109
16245
7576
359
12439
10274
-2611
32767
-14487
10507
31273
-5811
31503
8169
6964
14659
-7601
7839
15615
17147
15812
10303
15059
11703
22460
15207
4046
15248
19877
5448
-3569
26112
8518
20639
7333
13700
16287
4847
-8531
12806
7544
4371
17575
27141
10893
23875
32767
9264
18284
5214
3638
-9830
11384
-8232
13614
11397
8096
26831
7002
3120
-3798
29058
457
2032
13982
27053
11178
999
7537
16782
-15655
3543
8232
8669
2180
25191
18712
-18835
29882
8818
10832
17114
32767
9594
27421
-12810
14160
28635
7956
32767
-3868
22761
9865
7038
3020
-1068
-6219
-334
26848
20300
-17415
11446
2733
-3359
5241
17727
3757
3758
13144
13885
757
-11078
29154
-10852
22041
-162
21333
-13384
11170
25996
-16376
24160
23040
10440
32767
24153
15227
10688
2884
5979
-7647
29078
15504
-27032
11632
-2685
9870
8198
-7548
22265
-3418
198
32767
-6897
22471
4465
23202
-8266
20753
-5504
20602
19406
26744
-1194
26774
20275
21667
21431
31010
15574
-165
32767
10758
-11827
32767
-7359
29417
13416
9242
24604
-6547
12364
17371
5117
15296
16665
19684
16550
2416
5702
27678
10190
10806
-16075
30061
11763
-1579
32068
15319
19111
27989
3343
3009
30263
26121
-9650
19178
16975
19354
32767
-9522
-1478
15045
26055
16601
17926
27129
25794
9475
12331
-3323
19764
30870
7905
4072
13812
22648
32767
-13287
13587
-9414
889
27339
14136
-421
8649
30325
-5024
17484
19399
7392
21848
-6637
-7008
-1362
8751
9294
-1984
16390
-5459
-10687
13464
4720
1562
12746
23140
15128
3921
-3080
32767
19287
4867
12435
-966
11775
26458
10660
-7818
22727
267
26498
-2693
23930
19608
-16661
14906
728
32767
24696
-10432
23896
17508
27018
6902
-644
7800
32767
7889
5060
11692
26006
3814
6363
12323
10238
28836
6620
24123
23867
13970
1194
-7415
18560
23295
8776
32767
-15399
32767
10182
18344
9889
-965
24840
10602
-6879
-6208
32767
543
-274
8407
27096
15006
5671
522
4588
22414
-17357
22111
26681
20561
29218
13777
31001
6657
-14454
19927
-242
21056
7331
32767
-4385
7777
4874
23945
-8311
9279
13618
6114
17822
11384
10045
28489
24328
2500
22532
30533
12268
24636
-13327
58
17435
16406
-3891
10462
-6514
1614
8667
17835
-5459
14442
272
18535
9913
1453
-7674
22599
-22097
5855
14875
28173
14689
-8628
8417
9275
18421
14066
1546
16613
-17444
13183
-1988
6124
22033
19413
-15524
-5078
14543
1824
10506
9378
16977
1875
20488
14758
26129
22476
-10365
10060
-7027
23113
9564
15002
20827
1761
3808
2244
15807
29816
2938
12287
10459
11792
4248
25917
17609
-1384
24402
-15622
18536
-7108
26858
-1987
29262
9531
-205
27691
22267
10301
-8499
10968
3088
15982
5924
-12079
16414
9544
5435
10478
-2269
25536
21691
5321
7081
29353
4311
12978
19660
-15580
24989
11150
19553
144
24476
26185
13526
12192
26363
16650
29990
7635
1070
10191
6572
-11184
15330
20464
11419
27491
-1579
21318
10251
1727
16284
11459
129
10586
19269
23166
449
14650
-3425
3097
-734
3677
19145
24662
24707
10198
18899
1796
16688
15372
32767
25306
9353
2587
9060
11640
18874
14808
-522
-3894
32767
19401
22778
-584
17956
3225
10713
21377
13594
7290
15804
12552
8240
-4001
16858
5465
20768
14527
20593
12500
12558
4869
6614
-12916
21891
8286
32767
7974
23526
23970
32767
-13720
32767
5621
15481
3049
4175
7382
14584
-8940
279
17813
-4107
-13950
240
-6407
22475
-1643
15236
-1052
-4944
18111
20577
3180
25486
-13076
20022
5870
20979
32767
880
-4778
32767
-1393
19864
32767
15658
32767
16286
17810
6757
22231
-8558
15613
24964
-2033
-10776
12368
32767
22103
2979
27004
16461
-7076
14813
959
28215
-10092
-8774
12716
22399
14989
-6336
-11519
22112
19320
21399
8660
-1758
27047
18615
32316
2545
21088
30395
22358
7241
1261
4814
16942
14872
32767
25327
-9122
17625
22231
18159
589
10738
-2254
18378
23088
12438
5656
6048
-8788
13514
17779
4220
2248
-9416
32767
18658
-6003
3253
32767
10804
6827
-11679
-3617
7127
24911
5583
-16322
8808
19389
-3130
32767
4189
28561
5077
25220
19909
12652
-18088
3727
22411
-2444
17749
12942
251
29872
-2603
-7112
14394
17629
7777
24460
32357
25120
-8488
5480
22647
5736
27297
4515
-24663
32767
-12249
2544
-10234
8455
8370
29173
-635
32271
17561
-2068
22966
11780
23083
17023
-9611
12117
14934
-12196
16239
-1674
11257
10936
21348
22471
16182
8337
-2916
1324
11911
32767
1633
19944
642
8782
32049
21617
22474
32767
-6345
13774
20080
-3855
-3115
27354
12290
18761
10308
-2973
32767
2419
10658
-9433
4092
11170
11746
17111
-2493
28212
-773
-4212
6388
19031
-1270
-4125
-1326
3324
32040
6598
-1674
32767
22214
11318
20846
24474
-1684
32603
11620
-1679
20063
4796
11372
17675
-981
10301
16747
12893
6965
19070
22695
21112
-4428
22865
7385
32767
6680
-2869
8238
-15459
32767
9462
7840
8304
11597
3064
25722
6129
-7031
23403
14957
1251
19042
17166
14231
3356
25819
32767
25994
-8145
-2577
14058
17120
