0
11090
485
12139
15178
27248
13263
32767
32767
32767
17958
21557
10455
7014
31638
0
17222
18783
14649
15046
0
0
20821
10743
23655
6899
21619
4074
13385
12289
0
17582
0
3493
7150
0
0
8784
6054
13821
23643
32767
26230
7473
11118
1943
17908
2705
1150
13629
19384
22024
12262
3244
30184
17334
16360
0
0
13766
8047
26618
755
20545
13391
466
0
4736
0
0
0
7535
16172
8551
19526
10808
28407
0
9845
32767
0
7682
1529
5548
19362
0
8354
32767
15706
15068
16579
7151
6031
32767
0
14329
8295
20980
23173
0
16245
7576
359
12439
10274
0
32767
0
10507
31273
0
31503
8169
6964
14659
0
7839
15615
17147
15812
10303
15059
11703
22460
15207
4046
15248
19877
5448
0
26112
8518
20639
7333
13700
16287
4847
0
12806
7544
4371
17575
27141
10893
23875
32767
9264
18284
5214
3638
0
11384
0
13614
11397
8096
26831
7002
3120
0
29058
457
2032
13982
27053
11178
999
7537
16782
0
3543
8232
8669
2180
25191
18712
0
29882
8818
10832
17114
32767
9594
27421
0
14160
28635
7956
32767
0
22761
9865
7038
3020
0
0
0
26848
20300
0
11446
2733
0
5241
17727
3757
3758
13144
13885
757
0
29154
0
22041
0
21333
0
11170
25996
0
24160
23040
10440
32767
24153
15227
10688
2884
5979
0
29078
15504
0
11632
0
9870
8198
0
22265
0
198
32767
0
22471
4465
23202
0
20753
0
20602
19406
26744
0
26774
20275
21667
21431
31010
15574
0
32767
10758
0
32767
0
29417
13416
9242
24604
0
12364
17371
5117
15296
16665
19684
16550
2416
5702
27678
10190
10806
0
30061
11763
0
32068
15319
19111
27989
3343
3009
30263
26121
0
19178
16975
19354
32767
0
0
15045
26055
16601
17926
27129
25794
9475
12331
0
19764
30870
7905
4072
13812
22648
32767
0
13587
0
889
27339
14136
0
8649
30325
0
17484
19399
7392
21848
0
0
0
8751
9294
0
16390
0
0
13464
4720
1562
12746
23140
15128
3921
0
32767
19287
4867
12435
0
11775
26458
10660
0
22727
267
26498
0
23930
19608
0
14906
728
32767
24696
0
23896
17508
27018
6902
0
7800
32767
7889
5060
11692
26006
3814
6363
12323
10238
28836
6620
24123
23867
13970
1194
0
18560
23295
8776
32767
0
32767
10182
18344
9889
0
24840
10602
0
0
32767
543
0
8407
27096
15006
5671
522
4588
22414
0
22111
26681
20561
29218
13777
31001
6657
0
19927
0
21056
7331
32767
0
7777
4874
23945
0
9279
13618
6114
17822
11384
10045
28489
24328
2500
22532
30533
12268
24636
0
58
17435
16406
0
10462
0
1614
8667
17835
0
14442
272
18535
9913
1453
0
22599
0
5855
14875
28173
14689
0
8417
9275
18421
14066
1546
16613
0
13183
0
6124
22033
19413
0
0
14543
1824
10506
9378
16977
1875
20488
14758
26129
22476
0
10060
0
23113
9564
15002
20827
1761
3808
2244
15807
29816
2938
12287
10459
11792
4248
25917
17609
0
24402
0
18536
0
26858
0
29262
9531
0
27691
22267
10301
0
10968
3088
15982
5924
0
16414
9544
5435
10478
0
25536
21691
5321
7081
29353
4311
12978
19660
0
24989
11150
19553
144
24476
26185
13526
12192
26363
16650
29990
7635
1070
10191
6572
0
15330
20464
11419
27491
0
21318
10251
1727
16284
11459
129
10586
19269
23166
449
14650
0
3097
0
3677
19145
24662
24707
10198
18899
1796
16688
15372
32767
25306
9353
2587
9060
11640
18874
14808
0
0
32767
19401
22778
0
17956
3225
10713
21377
13594
7290
15804
12552
8240
0
16858
5465
20768
14527
20593
12500
12558
4869
6614
0
21891
8286
32767
7974
23526
23970
32767
0
32767
5621
15481
3049
4175
7382
14584
0
279
17813
0
0
240
0
22475
0
15236
0
0
18111
20577
3180
25486
0
20022
5870
20979
32767
880
0
32767
0
19864
32767
15658
32767
16286
17810
6757
22231
0
15613
24964
0
0
12368
32767
22103
2979
27004
16461
0
14813
959
28215
0
0
12716
22399
14989
0
0
22112
19320
21399
8660
0
27047
18615
32316
2545
21088
30395
22358
7241
1261
4814
16942
14872
32767
25327
0
17625
22231
18159
589
10738
0
18378
23088
12438
5656
6048
0
13514
17779
4220
2248
0
32767
18658
0
3253
32767
10804
6827
0
0
7127
24911
5583
0
8808
19389
0
32767
4189
28561
5077
25220
19909
12652
0
3727
22411
0
17749
12942
251
29872
0
0
14394
17629
7777
24460
32357
25120
0
5480
22647
5736
27297
4515
0
32767
0
2544
0
8455
8370
29173
0
32271
17561
0
22966
11780
23083
17023
0
12117
14934
0
16239
0
11257
10936
21348
22471
16182
8337
0
1324
11911
32767
1633
19944
642
8782
32049
21617
22474
32767
0
13774
20080
0
0
27354
12290
18761
10308
0
32767
2419
10658
0
4092
11170
11746
17111
0
28212
0
0
6388
19031
0
0
0
3324
32040
6598
0
32767
22214
11318
20846
24474
0
32603
11620
0
20063
4796
11372
17675
0
10301
16747
12893
6965
19070
22695
21112
0
22865
7385
32767
6680
0
8238
0
32767
9462
7840
8304
11597
3064
25722
6129
0
23403
14957
1251
19042
17166
14231
3356
25819
32767
25994
0
0
14058
17120
