6
10
147
174
114
192
53
243
221
239
192
247
23
185
224
118
223
135
60
141
191
39
2
150
179
226
201
42
166
130
132
25
38
157
77
179
48
10
55
70
72
81
162
178
207
133
172
81
199
42
66
102
165
253
109
57
240
133
183
39
73
73
77
100
121
175
161
159
117
60
114
46
0
27
9
25
22
187
170
190
118
117
139
186
124
38
107
124
96
55
67
184
207
152
52
164
223
103
92
210
58
140
189
196
119
225
53
84
72
78
224
61
157
101
227
10
21
248
78
151
67
80
223
20
54
187
136
166
143
180
154
83
69
254
119
191
87
61
221
17
199
180
65
208
71
5
243
8
9
212
77
205
184
183
248
85
37
130
235
251
71
66
59
62
92
166
231
18
114
147
108
110
93
141
219
55
144
141
100
85
35
91
112
19
192
21
4
175
96
214
157
17
242
238
131
211
68
146
148
134
167
228
131
11
235
68
8
61
127
213
131
87
204
20
77
91
14
30
94
223
13
151
56
47
81
60
7
143
126
222
12
39
176
21
231
53
165
234
189
217
225
112
35
185
231
75
59
36
20
2
174
83
118
66
219
128
132
132
34
234
86
174
98
183
29
173
237
78
125
186
98
238
231
225
239
165
204
25
131
228
17
197
98
227
149
90
174
77
235
76
24
224
108
166
130
213
87
202
35
82
16
204
98
140
187
203
146
255
129
0
218
238
20
185
92
206
204
125
233
147
30
169
135
202
179
124
209
163
224
14
56
146
224
183
46
246
213
19
131
11
80
221
93
37
168
195
120
85
147
126
226
1
201
98
30
15
131
47
1
101
97
77
53
32
99
242
179
26
49
45
250
150
225
49
44
140
187
118
39
221
57
198
211
229
42
133
223
95
25
104
105
181
118
233
199
94
229
140
69
40
120
203
129
69
137
180
89
223
98
127
236
188
129
153
50
142
145
139
75
236
241
16
155
17
250
244
31
136
43
192
33
2
0
203
119
89
87
214
132
57
146
25
189
127
177
183
252
108
201
227
65
38
106
27
182
5
216
160
133
51
64
135
172
5
0
243
189
61
101
243
245
167
138
191
227
5
30
134
82
197
234
1
4
158
127
9
109
65
29
72
220
47
62
12
190
31
48
158
156
138
69
40
214
197
4
41
80
61
163
45
40
28
94
129
151
64
167
57
18
81
179
61
157
73
136
236
156
118
252
32
92
55
189
243
63
89
3
56
191
145
220
29
131
85
7
163
49
239
249
88
31
112
73
131
63
195
47
143
122
243
243
97
72
48
155
88
80
71
110
65
41
130
197
177
113
227
143
60
247
53
221
173
14
237
86
204
42
181
99
215
221
63
252
216
180
36
92
77
122
155
29
184
149
178
191
52
160
119
60
214
44
140
159
171
187
195
9
69
86
82
55
111
237
175
30
186
25
213
142
202
249
215
28
52
185
66
233
56
145
226
119
157
214
169
252
101
120
89
225
54
250
132
189
97
28
56
92
92
209
172
169
84
19
96
144
104
161
221
115
245
187
121
236
206
29
200
138
238
3
188
26
148
82
178
5
102
16
58
12
158
44
105
8
85
97
208
224
248
3
101
0
246
97
125
254
11
98
243
77
221
203
171
244
123
205
179
109
9
251
152
127
57
49
193
148
203
208
107
181
121
65
125
28
35
79
81
103
95
220
111
15
234
91
74
136
58
175
202
182
159
242
167
122
253
141
0
80
235
233
120
183
209
45
110
20
250
148
120
21
113
98
243
240
84
7
0
81
217
104
41
150
131
213
12
77
140
165
76
40
88
127
2
109
182
2
46
209
208
160
75
161
187
107
159
194
84
22
143
45
125
248
138
126
13
119
214
22
67
248
237
245
64
1
87
230
217
50
7
138
41
178
43
11
24
149
4
165
228
249
61
158
219
132
220
99
18
224
150
55
38
166
68
51
166
223
80
91
154
11
236
232
26
222
51
47
229
188
200
173
165
250
46
139
220
52
72
83
219
229
118
130
221
37
180
1
62
49
105
108
191
249
90
54
11
237
201
123
118
254
27
25
135
58
105
253
130
197
216
200
67
224
163
149
85
1
150
132
138
69
113
184
170
246
87
230
140
8
71
176
214
246
230
12
6
27
219
183
37
143
181
75
151
176
15
146
130
10
128
161
132
246
111
211
241
114
74
45
213
243
113
174
142
198
13
206
119
158
197
4
227
104
166
134
100
3
192
119
34
174
179
119
177
139
231
23
114
225
249
129
46
89
49
56
252
31
99
190
95
179
152
44
166
153
120
143
83
234
202
3
59
56
2
145
187
239
78
5
97
26
212
143
140
120
94
