1
0
-2
0
-12
-19
-13
-4
8
-2
1
8
4
8
7
8
5
-3
0
5
4
-1
-40
-179
-294
-203
-22
114
246
174
39
-4
-58
-33
-21
-17
1
13
-6
-12
9
9
-7
-2
12
7
5
-2
13
19
-8
-19
-7
-6
14
-61
-237
-143
60
109
167
254
-3
1
-2
-2
-11
-18
-16
-4
10
-4
-1
11
6
7
10
10
3
-4
1
4
3
-1
-42
-195
-291
-185
-35
89
212
93
-35
-30
-77
-41
-26
-15
15
9
-14
-7
8
12
0
-6
4
8
10
7
19
23
-3
-8
-11
-12
38
-66
-167
-31
84
124
185
265
-7
2
-2
-4
-9
-19
-18
0
9
-3
1
12
6
6
12
8
3
-4
2
5
1
-3
-46
-204
-290
-173
-33
79
179
50
-80
-70
-86
-36
-20
-4
23
-1
-15
6
8
7
10
-9
-15
5
14
19
16
13
13
21
-5
-30
7
-76
-93
32
85
134
209
287
-6
1
-1
-3
-10
-22
-15
2
7
0
0
10
7
8
11
5
6
-3
0
5
-1
-5
-52
-218
-293
-154
-2
101
161
57
-86
-113
-71
-15
-23
-7
22
-1
-9
10
4
-2
21
-3
-30
-3
9
24
17
6
26
38
-7
-62
-62
-63
-37
18
68
136
235
319
-2
0
0
-1
-13
-25
-12
1
7
5
-2
5
8
11
10
4
6
-1
-1
3
-3
-8
-60
-251
-305
-106
58
137
175
104
-75
-130
-40
2
-28
-19
21
9
-8
4
2
-5
23
9
-22
-10
-1
15
14
9
24
26
-20
-80
-105
-67
-58
-36
58
135
243
333
1
0
-1
-2
-12
-21
-12
0
8
5
-1
3
7
10
9
5
2
0
2
1
-3
-10
-70
-287
-314
-45
108
165
234
142
-59
-86
-17
-2
-21
-16
19
17
-7
-3
1
-2
11
11
-3
-10
-5
3
2
9
10
2
-21
-66
-107
-107
-161
-105
57
126
226
320
2
1
-1
-5
-10
-13
-9
0
5
0
0
4
5
8
8
5
0
0
4
-1
-1
-10
-90
-306
-296
1
130
187
272
125
-44
-25
-1
-5
-8
-4
9
12
-2
-5
-3
0
2
5
3
-4
0
0
-4
5
-1
-9
-12
-39
-83
-147
-261
-163
49
117
207
285
1
3
2
-5
-12
-12
-4
2
2
-1
-1
3
5
8
8
3
0
-1
3
1
0
-13
-117
-309
-261
31
145
201
257
86
-32
1
6
1
-1
-2
2
4
-2
-2
-1
-2
-2
2
2
0
3
-2
-5
3
-3
-7
-5
-19
-48
-153
-309
-204
40
114
195
249
2
8
0
-9
-15
-12
1
3
2
1
-2
3
7
5
6
3
1
-1
1
5
0
-20
-139
-304
-229
47
155
208
235
60
-27
7
5
3
1
-4
0
2
-3
-1
2
-5
-3
3
1
-1
0
-4
-7
1
1
-2
1
-6
-28
-160
-320
-210
33
105
193
236
3
11
-6
-15
-14
-6
3
-2
3
3
-1
5
7
0
2
5
3
1
1
5
-1
-26
-158
-300
-196
49
149
223
227
42
-25
12
4
0
2
-4
-2
3
-1
-1
1
-7
-1
5
0
-2
-3
-6
-7
2
3
-2
5
2
-23
-177
-318
-189
27
95
203
237
-1
3
-5
-9
-11
-4
-1
-6
4
4
2
6
5
0
0
5
5
2
2
3
-2
-29
-184
-311
-162
58
144
247
223
23
-24
15
6
-1
1
-5
-1
3
-1
1
-1
-7
1
4
0
0
-4
-8
-4
5
0
-6
6
4
-23
-184
-312
-174
22
100
221
242
-4
-6
-1
0
-10
-9
-4
-5
0
2
5
7
7
5
-1
1
6
3
1
3
1
-37
-209
-324
-138
75
148
271
214
2
-20
15
8
1
-1
-5
0
0
-3
1
-3
-4
5
4
-3
-1
-2
-5
-1
5
-3
-8
6
5
-28
-189
-292
-168
5
116
243
256
-3
-7
-1
1
-8
-11
-3
-5
-7
0
6
9
11
7
-1
-1
4
3
0
5
4
-56
-235
-319
-109
92
156
280
195
-11
-13
11
7
2
-2
-1
-1
-4
-3
0
-3
0
7
5
-7
-5
3
1
0
1
-5
-7
5
6
-33
-188
-271
-172
-5
128
254
272
0
-4
-4
-1
-5
-8
-1
-6
-11
0
7
9
10
5
1
1
2
1
-1
6
2
-82
-276
-301
-59
110
171
274
177
-14
-17
7
5
2
-1
3
-3
-7
-1
0
-1
2
3
1
-5
-3
6
6
0
-4
-8
-7
5
7
-32
-182
-276
-176
11
129
249
275
3
1
-6
-3
-5
-5
0
-6
-10
-1
6
6
7
5
2
1
3
1
-1
5
-4
-100
-296
-282
-30
119
187
275
168
-24
-28
9
3
-1
1
4
-4
-8
0
1
0
1
0
-1
0
1
5
5
-2
-5
-10
-6
7
6
-29
-188
-295
-153
34
109
244
275
4
5
-3
-4
-9
-5
0
-5
-6
-1
3
2
5
6
3
0
3
3
2
2
-10
-91
-275
-291
-49
127
195
284
159
-41
-26
13
1
-5
4
4
-4
-7
-1
2
0
0
0
0
3
2
4
0
-8
-5
-7
0
6
1
-25
-184
-309
-142
44
87
242
280
3
5
0
-4
-12
-7
0
-2
-4
0
4
2
3
3
4
0
0
4
4
-1
-8
-69
-253
-316
-75
134
191
287
154
-46
-16
11
0
-3
6
2
-4
-3
-2
-1
0
1
0
0
3
1
5
-1
-14
-7
-2
3
3
-1
-19
-155
-318
-182
32
92
234
279
1
4
-1
-5
-9
-6
-1
-2
-5
0
8
6
1
-1
3
0
-2
4
5
-1
-4
-66
-250
-315
-79
126
185
293
150
-46
-9
6
1
2
4
-2
-3
1
-1
-4
0
1
0
1
0
0
5
0
-12
-7
-1
0
3
1
-18
-151
-322
-213
15
112
214
273
2
5
-1
-7
-5
-2
-3
-5
-5
4
10
3
-1
-1
1
1
1
4
6
1
-9
-81
-251
-303
-78
117
189
307
144
-50
-5
4
2
4
2
-4
-1
2
-1
-4
-1
0
2
3
-4
-1
3
0
-5
-5
-3
-3
3
3
-22
-181
-316
-204
12
129
186
273
5
5
0
-7
-3
0
-4
-4
-2
9
7
-6
-1
1
-1
3
4
3
7
1
-18
-98
-254
-294
-78
119
204
314
137
-52
-3
5
2
3
1
-4
0
2
-2
-5
-3
1
4
4
-4
-2
1
-1
-2
-3
-4
-6
1
7
-22
-195
-316
-200
21
143
176
277
4
3
0
-3
-1
-1
-2
1
1
6
1
-7
4
1
-4
4
2
1
8
2
-24
-117
-268
-270
-58
117
214
312
127
-53
-1
7
3
1
-1
-2
0
0
-3
-5
-3
1
2
4
1
-1
-2
-4
-1
0
-4
-10
0
12
-20
-189
-335
-206
44
152
196
276
1
2
0
2
-1
-1
1
3
6
5
1
1
9
2
0
6
1
4
10
3
-32
-134
-280
-231
-19
107
208
303
119
-53
-1
6
4
0
-1
2
-1
-5
-5
-2
-1
-1
0
5
3
-1
-3
-6
-1
2
-4
-11
2
11
-25
-190
-350
-196
68
158
229
271
8
0
-10
2
-5
0
4
1
15
12
8
7
7
15
16
9
0
16
24
12
-17
-121
-264
-189
10
96
201
293
113
-49
-1
3
3
-1
-1
5
-4
-12
-3
3
0
-2
-1
4
2
-2
-1
-3
-3
0
-3
-8
5
7
-31
-198
-349
-176
81
168
250
257
24
-6
-24
0
-13
-5
4
-3
19
21
13
8
7
28
23
10
1
26
27
14
21
-53
-183
-143
13
90
207
290
106
-44
3
3
-1
-4
-2
3
-9
-11
4
6
0
-2
-2
-1
2
0
0
1
-4
-2
-2
-6
6
7
-30
-202
-337
-164
82
179
255
236
27
-3
-9
5
-15
-13
-11
-17
8
32
20
-1
7
22
6
13
13
34
16
-35
2
25
-60
-91
10
99
221
290
100
-37
6
3
-5
-7
-2
-1
-8
0
5
2
0
-2
-1
-4
1
3
-1
1
-3
-2
-3
-6
8
7
-31
-206
-325
-155
78
183
259
224
22
11
19
9
-11
-19
-23
-20
-5
33
23
-18
-6
5
-9
19
21
43
24
-93
-66
40
-1
-60
19
120
234
292
102
-30
4
1
-4
-8
-3
2
1
3
-2
-4
-1
-1
0
-3
0
2
0
1
-4
-3
-3
-5
9
4
-38
-224
-330
-128
88
176
269
222
26
10
25
10
-14
-20
-16
-5
0
20
11
-15
-12
-3
2
24
16
34
16
-124
-111
7
-18
-54
17
125
244
295
109
-30
0
0
-1
-7
-4
5
5
-2
-5
-4
-1
0
-1
-1
0
-1
4
2
-7
-3
-2
-4
6
0
-43
-245
-336
-102
90
173
292
218
28
1
19
16
-12
-12
-10
-2
11
10
1
1
-1
4
14
21
10
14
-13
-142
-140
-52
-67
-43
15
103
238
290
108
-32
-2
-1
-1
-4
-3
2
3
-4
-5
0
2
-1
-2
0
0
-1
4
1
-5
-2
-3
-5
2
-1
-42
-246
-326
-102
70
183
318
205
22
3
11
15
-2
-5
-7
-3
11
6
0
5
4
6
8
9
6
3
-17
-113
-154
-144
-143
-36
39
89
221
274
93
-33
0
-2
-3
0
-1
-1
1
-3
-6
1
2
-2
0
0
0
0
0
-1
0
-1
-4
-8
0
2
-40
-233
-320
-113
65
189
322
195
14
5
3
7
3
-5
-6
-1
6
3
1
5
-1
0
2
2
4
-2
-6
-56
-152
-223
-183
-31
58
90
215
261
69
-36
3
-1
-3
1
-2
-2
1
-2
-5
-1
-2
-1
4
-1
-2
1
-2
-2
3
1
-4
-9
2
2
-44
-230
-330
-119
83
187
308
205
9
4
-2
3
4
-6
-8
-2
4
1
2
6
-2
-2
2
3
3
-4
-2
-23
-144
-251
-169
-32
49
102
223
248
40
-40
4
-1
-2
0
-3
-3
2
0
-4
-1
-4
-1
5
-3
-4
2
-2
-1
3
-1
-3
-4
3
-3
-53
-242
-332
-111
93
184
297
222
7
5
-3
1
2
-5
-5
-2
3
0
1
6
2
-2
1
3
1
-4
-2
-8
-113
-242
-164
-54
20
126
245
226
11
-44
2
-3
-2
2
0
-5
3
4
-4
-1
-5
-3
2
-3
-2
1
-2
0
0
-5
-1
0
2
-6
-65
-259
-314
-86
91
182
296
218
4
6
-1
1
1
-4
-3
-3
3
2
-1
5
4
0
1
0
-1
-5
-3
-1
-95
-236
-161
-66
-6
140
270
212
-6
-44
-1
-3
-1
3
0
-5
5
5
-3
-4
-5
-2
-2
-2
0
0
0
0
-3
-4
-1
-3
3
-5
-78
-278
-300
-59
94
192
308
189
1
5
-1
2
2
-4
-4
-3
4
4
-1
3
3
2
2
-2
-3
-6
-4
-9
-123
-240
-137
-67
-7
153
284
206
-13
-37
0
-3
-1
3
-1
-2
4
2
-2
-5
-1
1
-6
-4
0
1
3
-1
-4
0
-3
-8
4
-5
-83
-288
-300
-47
105
212
319
158
0
4
-3
1
1
-4
-2
-1
2
4
3
1
0
1
0
-2
-3
-4
-3
-32
-173
-244
-115
-60
18
171
290
199
-16
-29
3
-5
-3
5
2
2
0
-1
-2
-3
1
1
-7
-8
0
4
3
-3
-4
2
-2
-10
3
-6
-84
-291
-298
-39
118
226
315
138
2
4
-3
-1
0
-3
-1
0
0
2
5
1
-1
1
-2
-2
-1
-2
-1
-49
-216
-265
-113
-33
53
185
295
190
-16
-24
4
-4
-4
4
4
4
-3
-1
0
-3
-3
-1
-4
-8
0
5
1
-3
-4
1
1
-10
1
-5
-98
-304
-288
-34
135
249
307
119
4
4
0
-4
0
1
-3
-2
0
0
2
3
1
1
-1
0
1
-2
0
-57
-239
-282
-122
-17
83
204
302
175
-24
-20
3
-1
-1
2
3
4
-3
-1
1
-4
-7
-3
0
-3
0
2
0
-1
-4
0
0
-10
2
-5
-121
-316
-278
-40
156
284
303
97
2
4
1
-7
0
6
-3
-4
0
1
1
3
0
-2
0
3
3
-1
0
-70
-256
-267
-121
-25
109
222
304
158
-39
-17
2
-1
3
3
2
5
0
-3
-3
-5
-7
-3
2
0
0
1
0
-1
-3
0
-2
-7
5
-10
-141
-324
-262
-21
166
295
298
74
0
2
-2
-6
0
6
-1
-1
0
1
2
1
-2
-4
1
4
3
-1
-1
-82
-269
-238
-112
-33
128
228
299
141
-48
-15
2
-3
2
5
2
5
2
-3
-5
-6
-5
-2
1
1
1
2
-1
-4
-2
0
0
-1
4
-19
-155
-339
-241
22
163
286
292
57
0
-2
-4
-2
1
2
0
3
0
-1
1
1
-1
-3
3
3
0
-3
-2
-91
-266
-225
-113
-18
135
226
298
123
-53
-13
2
-4
0
7
1
2
1
-2
-3
-3
-3
-2
0
1
3
0
-3
-5
-2
0
1
2
2
-28
-168
-346
-227
43
156
277
295
63
0
-3
-3
0
2
0
0
3
-1
-2
2
3
-1
-1
3
0
-2
-2
-3
-100
-255
-238
-120
20
139
224
298
105
-59
-11
1
-2
2
5
0
1
-1
-3
-2
1
0
-1
0
0
4
-5
-6
0
0
0
-1
1
2
-36
-184
-342
-213
47
143
252
292
104
-1
-1
-1
0
1
0
0
1
-2
-1
5
3
-3
0
1
-3
-1
2
-6
-113
-254
-247
-112
54
151
229
286
84
-65
-9
-1
2
4
-1
0
3
-1
-4
-2
1
2
1
1
1
1
-8
-6
5
2
-2
-2
1
2
-43
-198
-338
-186
60
124
214
250
133
-2
0
0
0
-1
0
1
0
-1
0
4
1
-4
-1
1
-2
0
2
-10
-136
-261
-228
-99
65
171
244
267
62
-69
-7
1
3
1
-3
0
4
2
-3
-3
-1
1
2
2
2
-3
-6
0
4
0
-4
-3
1
2
-48
-220
-334
-140
82
111
195
182
107
-1
0
-1
0
-1
0
2
-1
0
1
2
0
-5
-2
4
1
-2
-1
-13
-161
-266
-202
-94
61
183
261
257
47
-69
-4
5
0
-2
0
0
4
4
-1
-4
-3
0
1
1
2
-2
-2
4
0
-3
-2
-4
-1
2
-52
-250
-337
-94
107
106
194
147
78
1
0
-3
0
1
0
1
-3
1
3
2
0
-5
0
6
0
-6
-1
-15
-177
-275
-188
-82
59
177
269
261
38
-66
0
3
-2
0
2
0
3
3
0
-4
-3
2
0
-1
2
0
1
3
-2
-3
-1
-5
-2
3
-51
-263
-344
-72
123
100
196
161
70
1
-1
-3
1
2
-1
-1
-3
3
4
1
0
-2
2
5
-2
-9
0
-18
-188
-279
-175
-68
60
165
268
265
32
-61
4
-1
-3
2
2
-1
0
2
1
-3
-1
4
0
-1
4
-1
-2
1
0
0
-2
-7
-4
3
-42
-256
-346
-69
126
102
205
191
58
-2
-3
-1
2
3
-2
-3
-1
4
4
0
0
-1
1
4
-2
-10
1
-27
-209
-262
-154
-70
69
163
262
258
28
-55
6
-1
-5
0
2
-1
-1
3
2
-2
1
3
0
1
5
-2
-7
0
2
2
-1
-8
-7
0
-36
-251
-346
-67
129
121
225
216
37
-4
-4
0
1
3
-2
-4
0
5
5
-1
1
-2
-2
3
-2
-7
2
-47
-233
-237
-140
-78
88
170
261
245
21
-47
4
-1
-4
-1
1
1
1
4
3
-2
1
2
-1
1
2
-1
-4
0
1
0
-2
-7
-6
-4
-45
-254
-338
-59
133
146
253
221
9
-4
-3
-1
0
2
-3
-4
1
7
6
-2
1
-2
-4
2
0
-2
0
-70
-243
-229
-140
-67
99
173
273
232
7
-42
1
-1
-1
2
2
2
0
2
5
1
0
0
-3
0
0
1
2
-1
0
-1
-5
-6
-6
-14
-69
-257
-312
-43
138
169
277
204
-18
-4
-2
-2
0
3
-4
-5
2
8
6
-1
-1
-2
-1
3
0
-1
-2
-94
-253
-233
-138
-38
97
163
284
221
-23
-57
-5
-7
-3
-2
3
7
1
-2
1
9
8
-1
-5
-1
3
7
9
-1
-5
1
-2
-7
-9
-33
-88
-233
-266
-13
152
182
283
183
-37
-3
-2
-1
-1
4
-3
-8
1
9
6
0
-1
0
3
2
-5
-2
-2
-120
-271
-229
-130
-22
87
147
279
196
-74
-90
-24
-30
-2
-7
-9
8
9
-4
-17
10
22
13
0
-10
6
18
22
0
-20
2
10
-6
3
-46
-97
-161
-178
32
160
181
278
169
-47
-1
-2
0
-2
3
-2
-10
0
10
5
1
1
3
4
-2
-7
-1
-4
-139
-285
-220
-119
-26
70
138
265
147
-129
-118
-47
-48
8
-3
-30
-5
13
-3
-45
-1
60
60
-8
-48
1
27
30
0
-28
-2
15
-3
23
-44
-105
-85
-57
84
152
184
278
155
-51
0
-4
0
0
1
-4
-10
1
10
3
3
5
4
3
-4
-6
0
-8
-156
-291
-214
-107
-20
62
138
252
102
-161
-129
-57
-42
3
-13
-32
-12
3
-4
-54
-9
113
112
-47
-89
1
29
26
-6
-22
-6
4
-5
21
-36
-95
-51
19
124
154
196
280
135
-55
1
-4
-2
2
0
-7
-9
3
10
2
5
10
2
-2
-4
-5
1
-12
-176
-300
-214
-91
12
88
149
236
87
-154
-114
-53
-35
-18
-32
-17
-14
-14
-7
-36
-9
100
92
-55
-66
6
25
15
-21
-11
3
-8
-16
2
-34
-90
-58
34
141
171
207
280
118
-62
3
2
-5
-1
-1
-5
-3
4
7
3
6
8
-7
-14
-5
4
9
-14
-192
-314
-209
-72
44
130
172
244
107
-114
-72
-37
-34
-26
-31
-13
-23
-22
-7
-22
-5
42
19
-21
-18
-4
16
-1
-27
2
10
-19
-34
-33
-68
-120
-78
35
141
179
221
282
104
-69
3
7
-4
-7
-2
3
3
2
3
5
5
-5
-22
-20
-4
13
20
-15
-202
-308
-190
-67
58
150
205
291
124
-77
-28
-17
-22
-20
-18
-13
-21
-17
-7
-14
1
15
-13
-7
-9
-11
7
-9
-17
3
1
-25
-46
-91
-148
-168
-97
34
138
171
231
287
91
-73
1
7
-1
-9
-1
9
2
-2
3
7
2
-23
-29
-5
1
7
19
-22
-208
-281
-175
-64
77
151
236
319
97
-71
-3
-2
-8
-13
-10
-8
-8
-7
-7
-2
6
7
-6
-8
-10
-2
4
-5
-6
-1
-8
-18
-35
-116
-214
-233
-129
34
132
155
232
289
85
-75
3
4
-1
-5
0
8
0
-4
4
7
-1
-31
-24
10
4
0
8
-38
-209
-264
-169
-44
95
150
257
310
58
-77
7
7
-3
-7
-7
-7
-2
-1
-4
3
5
-1
-2
-3
-4
2
2
-1
-1
1
-9
-8
-9
-80
-223
-290
-173
19
118
150
238
284
81
-77
9
1
-3
-2
1
5
-1
-3
4
5
-1
-23
-19
6
4
2
-1
-60
-215
-259
-159
-26
93
156
282
298
32
-78
11
9
-1
-1
-4
-6
-4
-1
-1
-2
0
-3
0
2
-2
-1
-1
2
1
0
-5
-1
5
-38
-185
-292
-232
-37
109
159
248
279
75
-75
11
1
-4
-3
2
2
-2
0
3
4
0
-16
-15
0
3
4
-5
-80
-230
-243
-149
-31
97
173
300
284
13
-73
13
5
-2
0
-1
-1
-7
-3
0
-5
-1
-1
4
4
-2
-3
-4
5
3
-3
-2
3
6
-15
-121
-255
-297
-106
100
158
258
284
67
-75
9
2
-4
-3
1
-1
-1
2
2
4
-1
-19
-10
4
0
4
-7
-94
-239
-231
-148
-32
123
191
294
262
3
-63
14
2
-5
-5
-2
1
-7
-3
0
-3
0
1
6
3
0
-6
-8
8
5
-3
-2
2
6
-2
-62
-228
-347
-145
91
154
273
290
51
-81
6
2
-4
-1
2
-1
0
2
2
4
-2
-22
-8
9
-2
3
-10
-108
-241
-230
-150
-21
140
203
294
244
-6
-57
13
4
-4
-8
-6
-2
-5
-1
0
-2
1
2
3
1
2
-8
-8
11
6
-1
-2
0
6
3
-24
-219
-381
-152
93
157
284
280
36
-79
