1
0
0
0
0
0
0
0
8
0
1
8
4
8
7
8
5
0
0
5
4
0
0
0
0
0
0
114
246
174
39
0
0
0
0
0
1
13
0
0
9
9
0
0
12
7
5
0
13
19
0
0
0
0
14
0
0
0
60
109
167
254
0
1
0
0
0
0
0
0
10
0
0
11
6
7
10
10
3
0
1
4
3
0
0
0
0
0
0
89
212
93
0
0
0
0
0
0
15
9
0
0
8
12
0
0
4
8
10
7
19
23
0
0
0
0
38
0
0
0
84
124
185
265
0
2
0
0
0
0
0
0
9
0
1
12
6
6
12
8
3
0
2
5
1
0
0
0
0
0
0
79
179
50
0
0
0
0
0
0
23
0
0
6
8
7
10
0
0
5
14
19
16
13
13
21
0
0
7
0
0
32
85
134
209
287
0
1
0
0
0
0
0
2
7
0
0
10
7
8
11
5
6
0
0
5
0
0
0
0
0
0
0
101
161
57
0
0
0
0
0
0
22
0
0
10
4
0
21
0
0
0
9
24
17
6
26
38
0
0
0
0
0
18
68
136
235
319
0
0
0
0
0
0
0
1
7
5
0
5
8
11
10
4
6
0
0
3
0
0
0
0
0
0
58
137
175
104
0
0
0
2
0
0
21
9
0
4
2
0
23
9
0
0
0
15
14
9
24
26
0
0
0
0
0
0
58
135
243
333
1
0
0
0
0
0
0
0
8
5
0
3
7
10
9
5
2
0
2
1
0
0
0
0
0
0
108
165
234
142
0
0
0
0
0
0
19
17
0
0
1
0
11
11
0
0
0
3
2
9
10
2
0
0
0
0
0
0
57
126
226
320
2
1
0
0
0
0
0
0
5
0
0
4
5
8
8
5
0
0
4
0
0
0
0
0
0
1
130
187
272
125
0
0
0
0
0
0
9
12
0
0
0
0
2
5
3
0
0
0
0
5
0
0
0
0
0
0
0
0
49
117
207
285
1
3
2
0
0
0
0
2
2
0
0
3
5
8
8
3
0
0
3
1
0
0
0
0
0
31
145
201
257
86
0
1
6
1
0
0
2
4
0
0
0
0
0
2
2
0
3
0
0
3
0
0
0
0
0
0
0
0
40
114
195
249
2
8
0
0
0
0
1
3
2
1
0
3
7
5
6
3
1
0
1
5
0
0
0
0
0
47
155
208
235
60
0
7
5
3
1
0
0
2
0
0
2
0
0
3
1
0
0
0
0
1
1
0
1
0
0
0
0
0
33
105
193
236
3
11
0
0
0
0
3
0
3
3
0
5
7
0
2
5
3
1
1
5
0
0
0
0
0
49
149
223
227
42
0
12
4
0
2
0
0
3
0
0
1
0
0
5
0
0
0
0
0
2
3
0
5
2
0
0
0
0
27
95
203
237
0
3
0
0
0
0
0
0
4
4
2
6
5
0
0
5
5
2
2
3
0
0
0
0
0
58
144
247
223
23
0
15
6
0
1
0
0
3
0
1
0
0
1
4
0
0
0
0
0
5
0
0
6
4
0
0
0
0
22
100
221
242
0
0
0
0
0
0
0
0
0
2
5
7
7
5
0
1
6
3
1
3
1
0
0
0
0
75
148
271
214
2
0
15
8
1
0
0
0
0
0
1
0
0
5
4
0
0
0
0
0
5
0
0
6
5
0
0
0
0
5
116
243
256
0
0
0
1
0
0
0
0
0
0
6
9
11
7
0
0
4
3
0
5
4
0
0
0
0
92
156
280
195
0
0
11
7
2
0
0
0
0
0
0
0
0
7
5
0
0
3
1
0
1
0
0
5
6
0
0
0
0
0
128
254
272
0
0
0
0
0
0
0
0
0
0
7
9
10
5
1
1
2
1
0
6
2
0
0
0
0
110
171
274
177
0
0
7
5
2
0
3
0
0
0
0
0
2
3
1
0
0
6
6
0
0
0
0
5
7
0
0
0
0
11
129
249
275
3
1
0
0
0
0
0
0
0
0
6
6
7
5
2
1
3
1
0
5
0
0
0
0
0
119
187
275
168
0
0
9
3
0
1
4
0
0
0
1
0
1
0
0
0
1
5
5
0
0
0
0
7
6
0
0
0
0
34
109
244
275
4
5
0
0
0
0
0
0
0
0
3
2
5
6
3
0
3
3
2
2
0
0
0
0
0
127
195
284
159
0
0
13
1
0
4
4
0
0
0
2
0
0
0
0
3
2
4
0
0
0
0
0
6
1
0
0
0
0
44
87
242
280
3
5
0
0
0
0
0
0
0
0
4
2
3
3
4
0
0
4
4
0
0
0
0
0
0
134
191
287
154
0
0
11
0
0
6
2
0
0
0
0
0
1
0
0
3
1
5
0
0
0
0
3
3
0
0
0
0
0
32
92
234
279
1
4
0
0
0
0
0
0
0
0
8
6
1
0
3
0
0
4
5
0
0
0
0
0
0
126
185
293
150
0
0
6
1
2
4
0
0
1
0
0
0
1
0
1
0
0
5
0
0
0
0
0
3
1
0
0
0
0
15
112
214
273
2
5
0
0
0
0
0
0
0
4
10
3
0
0
1
1
1
4
6
1
0
0
0
0
0
117
189
307
144
0
0
4
2
4
2
0
0
2
0
0
0
0
2
3
0
0
3
0
0
0
0
0
3
3
0
0
0
0
12
129
186
273
5
5
0
0
0
0
0
0
0
9
7
0
0
1
0
3
4
3
7
1
0
0
0
0
0
119
204
314
137
0
0
5
2
3
1
0
0
2
0
0
0
1
4
4
0
0
1
0
0
0
0
0
1
7
0
0
0
0
21
143
176
277
4
3
0
0
0
0
0
1
1
6
1
0
4
1
0
4
2
1
8
2
0
0
0
0
0
117
214
312
127
0
0
7
3
1
0
0
0
0
0
0
0
1
2
4
1
0
0
0
0
0
0
0
0
12
0
0
0
0
44
152
196
276
1
2
0
2
0
0
1
3
6
5
1
1
9
2
0
6
1
4
10
3
0
0
0
0
0
107
208
303
119
0
0
6
4
0
0
2
0
0
0
0
0
0
0
5
3
0
0
0
0
2
0
0
2
11
0
0
0
0
68
158
229
271
8
0
0
2
0
0
4
1
15
12
8
7
7
15
16
9
0
16
24
12
0
0
0
0
10
96
201
293
113
0
0
3
3
0
0
5
0
0
0
3
0
0
0
4
2
0
0
0
0
0
0
0
5
7
0
0
0
0
81
168
250
257
24
0
0
0
0
0
4
0
19
21
13
8
7
28
23
10
1
26
27
14
21
0
0
0
13
90
207
290
106
0
3
3
0
0
0
3
0
0
4
6
0
0
0
0
2
0
0
1
0
0
0
0
6
7
0
0
0
0
82
179
255
236
27
0
0
5
0
0
0
0
8
32
20
0
7
22
6
13
13
34
16
0
2
25
0
0
10
99
221
290
100
0
6
3
0
0
0
0
0
0
5
2
0
0
0
0
1
3
0
1
0
0
0
0
8
7
0
0
0
0
78
183
259
224
22
11
19
9
0
0
0
0
0
33
23
0
0
5
0
19
21
43
24
0
0
40
0
0
19
120
234
292
102
0
4
1
0
0
0
2
1
3
0
0
0
0
0
0
0
2
0
1
0
0
0
0
9
4
0
0
0
0
88
176
269
222
26
10
25
10
0
0
0
0
0
20
11
0
0
0
2
24
16
34
16
0
0
7
0
0
17
125
244
295
109
0
0
0
0
0
0
5
5
0
0
0
0
0
0
0
0
0
4
2
0
0
0
0
6
0
0
0
0
0
90
173
292
218
28
1
19
16
0
0
0
0
11
10
1
1
0
4
14
21
10
14
0
0
0
0
0
0
15
103
238
290
108
0
0
0
0
0
0
2
3
0
0
0
2
0
0
0
0
0
4
1
0
0
0
0
2
0
0
0
0
0
70
183
318
205
22
3
11
15
0
0
0
0
11
6
0
5
4
6
8
9
6
3
0
0
0
0
0
0
39
89
221
274
93
0
0
0
0
0
0
0
1
0
0
1
2
0
0
0
0
0
0
0
0
0
0
0
0
2
0
0
0
0
65
189
322
195
14
5
3
7
3
0
0
0
6
3
1
5
0
0
2
2
4
0
0
0
0
0
0
0
58
90
215
261
69
0
3
0
0
1
0
0
1
0
0
0
0
0
4
0
0
1
0
0
3
1
0
0
2
2
0
0
0
0
83
187
308
205
9
4
0
3
4
0
0
0
4
1
2
6
0
0
2
3
3
0
0
0
0
0
0
0
49
102
223
248
40
0
4
0
0
0
0
0
2
0
0
0
0
0
5
0
0
2
0
0
3
0
0
0
3
0
0
0
0
0
93
184
297
222
7
5
0
1
2
0
0
0
3
0
1
6
2
0
1
3
1
0
0
0
0
0
0
0
20
126
245
226
11
0
2
0
0
2
0
0
3
4
0
0
0
0
2
0
0
1
0
0
0
0
0
0
2
0
0
0
0
0
91
182
296
218
4
6
0
1
1
0
0
0
3
2
0
5
4
0
1
0
0
0
0
0
0
0
0
0
0
140
270
212
0
0
0
0
0
3
0
0
5
5
0
0
0
0
0
0
0
0
0
0
0
0
0
0
3
0
0
0
0
0
94
192
308
189
1
5
0
2
2
0
0
0
4
4
0
3
3
2
2
0
0
0
0
0
0
0
0
0
0
153
284
206
0
0
0
0
0
3
0
0
4
2
0
0
0
1
0
0
0
1
3
0
0
0
0
0
4
0
0
0
0
0
105
212
319
158
0
4
0
1
1
0
0
0
2
4
3
1
0
1
0
0
0
0
0
0
0
0
0
0
18
171
290
199
0
0
3
0
0
5
2
2
0
0
0
0
1
1
0
0
0
4
3
0
0
2
0
0
3
0
0
0
0
0
118
226
315
138
2
4
0
0
0
0
0
0
0
2
5
1
0
1
0
0
0
0
0
0
0
0
0
0
53
185
295
190
0
0
4
0
0
4
4
4
0
0
0
0
0
0
0
0
0
5
1
0
0
1
1
0
1
0
0
0
0
0
135
249
307
119
4
4
0
0
0
1
0
0
0
0
2
3
1
1
0
0
1
0
0
0
0
0
0
0
83
204
302
175
0
0
3
0
0
2
3
4
0
0
1
0
0
0
0
0
0
2
0
0
0
0
0
0
2
0
0
0
0
0
156
284
303
97
2
4
1
0
0
6
0
0
0
1
1
3
0
0
0
3
3
0
0
0
0
0
0
0
109
222
304
158
0
0
2
0
3
3
2
5
0
0
0
0
0
0
2
0
0
1
0
0
0
0
0
0
5
0
0
0
0
0
166
295
298
74
0
2
0
0
0
6
0
0
0
1
2
1
0
0
1
4
3
0
0
0
0
0
0
0
128
228
299
141
0
0
2
0
2
5
2
5
2
0
0
0
0
0
1
1
1
2
0
0
0
0
0
0
4
0
0
0
0
22
163
286
292
57
0
0
0
0
1
2
0
3
0
0
1
1
0
0
3
3
0
0
0
0
0
0
0
0
135
226
298
123
0
0
2
0
0
7
1
2
1
0
0
0
0
0
0
1
3
0
0
0
0
0
1
2
2
0
0
0
0
43
156
277
295
63
0
0
0
0
2
0
0
3
0
0
2
3
0
0
3
0
0
0
0
0
0
0
0
20
139
224
298
105
0
0
1
0
2
5
0
1
0
0
0
1
0
0
0
0
4
0
0
0
0
0
0
1
2
0
0
0
0
47
143
252
292
104
0
0
0
0
1
0
0
1
0
0
5
3
0
0
1
0
0
2
0
0
0
0
0
54
151
229
286
84
0
0
0
2
4
0
0
3
0
0
0
1
2
1
1
1
1
0
0
5
2
0
0
1
2
0
0
0
0
60
124
214
250
133
0
0
0
0
0
0
1
0
0
0
4
1
0
0
1
0
0
2
0
0
0
0
0
65
171
244
267
62
0
0
1
3
1
0
0
4
2
0
0
0
1
2
2
2
0
0
0
4
0
0
0
1
2
0
0
0
0
82
111
195
182
107
0
0
0
0
0
0
2
0
0
1
2
0
0
0
4
1
0
0
0
0
0
0
0
61
183
261
257
47
0
0
5
0
0
0
0
4
4
0
0
0
0
1
1
2
0
0
4
0
0
0
0
0
2
0
0
0
0
107
106
194
147
78
1
0
0
0
1
0
1
0
1
3
2
0
0
0
6
0
0
0
0
0
0
0
0
59
177
269
261
38
0
0
3
0
0
2
0
3
3
0
0
0
2
0
0
2
0
1
3
0
0
0
0
0
3
0
0
0
0
123
100
196
161
70
1
0
0
1
2
0
0
0
3
4
1
0
0
2
5
0
0
0
0
0
0
0
0
60
165
268
265
32
0
4
0
0
2
2
0
0
2
1
0
0
4
0
0
4
0
0
1
0
0
0
0
0
3
0
0
0
0
126
102
205
191
58
0
0
0
2
3
0
0
0
4
4
0
0
0
1
4
0
0
1
0
0
0
0
0
69
163
262
258
28
0
6
0
0
0
2
0
0
3
2
0
1
3
0
1
5
0
0
0
2
2
0
0
0
0
0
0
0
0
129
121
225
216
37
0
0
0
1
3
0
0
0
5
5
0
1
0
0
3
0
0
2
0
0
0
0
0
88
170
261
245
21
0
4
0
0
0
1
1
1
4
3
0
1
2
0
1
2
0
0
0
1
0
0
0
0
0
0
0
0
0
133
146
253
221
9
0
0
0
0
2
0
0
1
7
6
0
1
0
0
2
0
0
0
0
0
0
0
0
99
173
273
232
7
0
1
0
0
2
2
2
0
2
5
1
0
0
0
0
0
1
2
0
0
0
0
0
0
0
0
0
0
0
138
169
277
204
0
0
0
0
0
3
0
0
2
8
6
0
0
0
0
3
0
0
0
0
0
0
0
0
97
163
284
221
0
0
0
0
0
0
3
7
1
0
1
9
8
0
0
0
3
7
9
0
0
1
0
0
0
0
0
0
0
0
152
182
283
183
0
0
0
0
0
4
0
0
1
9
6
0
0
0
3
2
0
0
0
0
0
0
0
0
87
147
279
196
0
0
0
0
0
0
0
8
9
0
0
10
22
13
0
0
6
18
22
0
0
2
10
0
3
0
0
0
0
32
160
181
278
169
0
0
0
0
0
3
0
0
0
10
5
1
1
3
4
0
0
0
0
0
0
0
0
0
70
138
265
147
0
0
0
0
8
0
0
0
13
0
0
0
60
60
0
0
1
27
30
0
0
0
15
0
23
0
0
0
0
84
152
184
278
155
0
0
0
0
0
1
0
0
1
10
3
3
5
4
3
0
0
0
0
0
0
0
0
0
62
138
252
102
0
0
0
0
3
0
0
0
3
0
0
0
113
112
0
0
1
29
26
0
0
0
4
0
21
0
0
0
19
124
154
196
280
135
0
1
0
0
2
0
0
0
3
10
2
5
10
2
0
0
0
1
0
0
0
0
0
12
88
149
236
87
0
0
0
0
0
0
0
0
0
0
0
0
100
92
0
0
6
25
15
0
0
3
0
0
2
0
0
0
34
141
171
207
280
118
0
3
2
0
0
0
0
0
4
7
3
6
8
0
0
0
4
9
0
0
0
0
0
44
130
172
244
107
0
0
0
0
0
0
0
0
0
0
0
0
42
19
0
0
0
16
0
0
2
10
0
0
0
0
0
0
35
141
179
221
282
104
0
3
7
0
0
0
3
3
2
3
5
5
0
0
0
0
13
20
0
0
0
0
0
58
150
205
291
124
0
0
0
0
0
0
0
0
0
0
0
1
15
0
0
0
0
7
0
0
3
1
0
0
0
0
0
0
34
138
171
231
287
91
0
1
7
0
0
0
9
2
0
3
7
2
0
0
0
1
7
19
0
0
0
0
0
77
151
236
319
97
0
0
0
0
0
0
0
0
0
0
0
6
7
0
0
0
0
4
0
0
0
0
0
0
0
0
0
0
34
132
155
232
289
85
0
3
4
0
0
0
8
0
0
4
7
0
0
0
10
4
0
8
0
0
0
0
0
95
150
257
310
58
0
7
7
0
0
0
0
0
0
0
3
5
0
0
0
0
2
2
0
0
1
0
0
0
0
0
0
0
19
118
150
238
284
81
0
9
1
0
0
1
5
0
0
4
5
0
0
0
6
4
2
0
0
0
0
0
0
93
156
282
298
32
0
11
9
0
0
0
0
0
0
0
0
0
0
0
2
0
0
0
2
1
0
0
0
5
0
0
0
0
0
109
159
248
279
75
0
11
1
0
0
2
2
0
0
3
4
0
0
0
0
3
4
0
0
0
0
0
0
97
173
300
284
13
0
13
5
0
0
0
0
0
0
0
0
0
0
4
4
0
0
0
5
3
0
0
3
6
0
0
0
0
0
100
158
258
284
67
0
9
2
0
0
1
0
0
2
2
4
0
0
0
4
0
4
0
0
0
0
0
0
123
191
294
262
3
0
14
2
0
0
0
1
0
0
0
0
0
1
6
3
0
0
0
8
5
0
0
2
6
0
0
0
0
0
91
154
273
290
51
0
6
2
0
0
2
0
0
2
2
4
0
0
0
9
0
3
0
0
0
0
0
0
140
203
294
244
0
0
13
4
0
0
0
0
0
0
0
0
1
2
3
1
2
0
0
11
6
0
0
0
6
3
0
0
0
0
93
157
284
280
36
0
