15
15
-4
17
19
2
2
5
23
18
-40
-95
-113
-145
-252
-296
-225
-139
-21
7
-26
12
17
29
65
103
213
192
147
161
8
9
0
30
16
-7
9
14
4
-74
-217
-285
-246
-227
-233
-143
-68
-52
48
60
-2
69
-13
-48
90
31
69
146
155
155
-2
8
7
33
14
5
24
-33
-159
-309
-365
-311
-168
-93
-53
32
13
10
34
-11
2
114
39
-2
106
21
-47
66
215
82
-4
2
26
21
4
11
-81
-259
-362
-375
-246
-84
-5
23
41
40
-30
39
71
-20
14
65
149
170
44
-32
-131
-1
316
0
14
-15
41
16
-12
-89
-369
-496
-327
-119
2
46
6
26
44
96
96
88
135
16
-73
-25
217
197
-21
-89
-185
-93
201
24
32
-11
17
27
-81
-355
-561
-366
-84
69
98
-26
-60
44
147
239
239
100
63
-4
-161
-110
177
77
-40
-68
-164
-163
9
137
31
14
-14
-18
-303
-555
-371
-86
32
94
25
-119
26
183
286
247
164
-12
-134
-62
-65
-103
58
8
-31
-32
-126
-174
-72
183
23
18
-3
-200
-555
-432
-68
-7
16
51
-85
4
282
288
196
66
30
-62
-264
-167
62
-33
-30
29
-22
-53
-108
-117
-2
177
19
-1
-27
-453
-602
-131
13
10
41
-83
-53
266
355
161
2
-63
-36
61
-244
-269
81
-30
-70
69
22
-67
-77
-39
112
156
14
-6
-182
-621
-415
46
-15
75
4
-95
179
284
143
-41
-80
-32
-32
158
-156
-292
18
-39
-84
68
104
-42
-41
-8
85
86
6
16
-415
-674
-137
77
39
64
-91
154
323
20
-51
-64
-104
-69
21
157
-54
-230
-85
-23
-95
71
195
-23
-71
-65
1
43
1
-15
-602
-625
47
85
149
-54
-3
392
101
-252
-111
72
-93
-158
82
129
28
-104
-143
-54
-95
103
195
-71
-117
-89
7
71
18
-128
-691
-468
124
108
160
-169
190
383
-207
-356
-146
119
14
-41
64
55
45
-10
-85
-52
-76
47
67
-97
-60
2
69
56
32
-245
-702
-275
187
112
65
-169
212
249
-239
-336
-144
71
101
62
-8
14
35
-5
-4
5
-88
-70
-39
7
64
51
75
-14
-4
-395
-648
-72
217
111
-2
-143
65
114
-158
-267
-29
88
62
20
-1
26
24
13
14
-41
-116
-74
-23
89
80
19
47
-57
-62
-574
-511
129
170
150
-21
-185
-19
-43
-212
-155
116
153
-19
-2
80
-16
-45
68
34
-125
-105
10
42
55
-19
-5
42
-55
-181
-637
-263
256
86
160
-41
-117
50
-268
-341
-67
146
179
-51
-15
212
19
-111
46
2
-127
-64
21
21
9
-57
-38
18
-22
-387
-482
31
196
29
124
-66
31
95
-465
-370
-33
110
145
-51
-32
272
148
-72
-44
-92
-72
-2
-43
-57
-12
-39
-70
-11
-18
-535
-235
226
-14
-48
130
-57
146
69
-591
-293
65
130
86
-79
-27
221
128
-60
-57
-74
-71
39
-16
-97
-37
-23
-77
-39
-50
-528
-45
186
-135
-111
190
-8
210
75
-652
-233
166
190
94
-63
4
147
-60
-147
39
55
-141
9
86
-92
-68
-41
-91
-60
-49
-359
86
-104
-93
-37
186
8
185
124
-513
-239
110
221
176
43
30
18
-226
-164
119
137
-135
-23
128
-70
-107
-110
-101
-65
-37
-220
104
-317
-18
18
131
41
177
166
-313
-269
3
165
148
130
121
-74
-297
-84
151
180
-23
-28
36
-129
-131
-128
-89
-68
-31
-239
17
-332
35
11
117
132
138
228
-152
-330
-61
39
74
148
162
-21
-226
-31
115
183
120
23
-55
-212
-140
-102
-73
-59
-24
-226
-110
-370
66
33
79
218
41
237
97
-352
-137
-25
102
138
48
-8
-73
-7
39
113
126
101
54
-103
-120
-119
-73
-51
-54
-189
-168
-401
52
26
21
211
69
111
249
-122
-175
-23
49
74
19
-105
9
34
-28
93
32
62
173
70
-71
-132
-75
-35
-95
-219
-92
-382
30
66
-6
55
152
20
190
251
-71
-49
-54
-32
-5
-160
32
137
-51
8
0
6
103
24
-40
-24
-12
-25
-148
-271
-38
-293
-30
54
-34
-40
119
15
90
438
178
-79
-86
-102
-78
-97
18
193
-5
-125
-75
-68
-45
-110
-5
157
134
-45
-210
-298
-138
-210
-82
-32
-84
-19
4
2
12
393
461
27
-110
-152
-115
-23
26
80
-46
-68
-125
-186
-126
-115
28
234
237
-84
-214
-257
-327
-324
-16
41
-120
-65
-80
-6
-31
265
596
264
-126
-266
-264
-23
176
28
-159
-61
16
-78
-121
-95
21
212
176
-148
-182
-201
-426
-436
93
170
-123
-184
-154
-14
-36
209
556
380
-143
-399
-415
-22
343
141
-164
-228
152
171
-72
-83
25
147
0
-204
-135
