7
1
0
9
15
2
0
0
11
26
0
0
0
0
0
0
0
0
0
0
0
0
0
0
0
0
0
0
0
0
0
0
0
0
0
1
19
34
0
0
0
0
0
0
0
0
0
70
112
78
42
85
127
80
78
115
33
0
0
0
0
0
0
1
0
7
16
0
0
0
0
0
0
0
35
144
125
100
106
55
24
30
85
230
294
263
219
164
237
286
28
24
30
35
16
3
0
0
0
0
0
0
45
105
125
118
102
113
173
252
286
243
249
386
432
348
255
159
120
90
6
11
3
8
6
0
0
0
0
0
6
104
60
14
0
66
264
428
481
502
417
283
255
213
129
91
73
23
0
0
0
0
0
0
0
0
0
0
0
139
142
68
0
0
107
287
375
366
253
140
117
78
0
0
0
0
0
0
0
0
0
6
12
0
0
0
0
12
90
88
37
0
32
259
402
369
214
36
0
0
0
0
0
0
0
0
0
0
0
0
0
0
0
0
0
0
0
67
52
0
0
0
290
424
296
58
0
0
0
0
0
0
0
0
0
0
0
0
6
87
15
3
0
0
0
0
27
34
91
39
39
228
271
83
0
0
0
0
0
0
0
0
0
0
0
0
0
47
114
126
0
0
0
0
0
0
19
49
20
23
243
304
67
0
0
0
0
0
0
4
0
0
0
0
0
14
41
48
0
0
0
0
0
0
0
21
81
94
17
168
341
160
0
0
0
0
0
0
0
10
11
0
0
0
23
73
35
0
0
0
53
5
0
0
0
37
95
74
121
296
139
0
0
0
0
0
0
0
0
56
123
82
57
85
55
0
0
0
0
37
20
0
0
0
94
140
116
33
64
73
0
0
0
0
0
0
62
0
0
0
0
82
128
63
0
0
0
64
157
152
0
0
0
0
101
122
55
43
34
0
0
0
44
53
41
24
0
0
0
0
0
17
16
0
0
0
78
127
89
30
24
0
0
0
99
107
106
77
0
0
0
0
0
76
66
2
9
30
14
39
74
9
0
0
49
93
50
0
0
0
0
0
0
43
90
74
95
63
49
0
0
0
0
11
5
0
18
36
0
0
0
0
0
6
74
61
0
0
0
0
0
0
0
148
144
86
55
135
286
210
19
0
0
0
0
0
8
157
221
172
78
43
82
71
0
0
0
0
0
0
0
0
205
248
135
100
70
113
155
79
44
85
88
49
15
4
0
20
124
122
32
28
106
115
51
6
0
0
0
0
0
0
118
60
0
0
0
0
23
0
0
67
182
182
129
117
95
0
0
0
0
0
0
14
65
45
45
55
31
0
0
0
0
0
0
0
0
0
0
0
0
0
14
82
159
218
197
46
0
0
21
57
0
6
62
56
7
0
0
0
0
12
0
0
0
0
0
0
0
0
81
0
0
0
77
150
68
0
0
0
0
43
81
78
86
75
16
0
0
0
0
0
0
0
0
0
0
0
12
87
137
89
0
0
0
0
2
0
12
69
112
215
284
190
31
0
0
7
20
31
9
0
0
0
0
0
8
0
0
132
182
105
7
0
0
0
0
42
137
97
21
64
189
243
228
208
208
219
231
236
116
88
0
0
0
0
0
0
0
0
128
107
65
100
122
44
0
0
35
23
0
0
0
0
171
320
323
295
291
264
35
42
67
60
28
0
0
0
0
0
48
261
267
181
42
27
15
0
18
4
0
0
0
0
0
0
0
13
31
33
0
0
34
38
88
134
17
0
0
0
0
245
317
274
204
89
22
28
113
207
116
6
10
0
0
0
0
0
0
0
147
110
183
208
86
0
0
0
0
0
0
18
165
146
114
86
143
186
143
151
155
57
0
0
0
0
0
0
0
0
266
176
86
92
76
26
3
0
0
0
0
0
23
124
82
23
3
42
0
0
0
0
0
0
0
0
0
0
0
0
151
93
0
0
0
68
9
0
0
0
0
0
0
44
0
0
0
0
0
0
0
0
80
243
247
221
192
98
0
0
61
76
78
129
212
251
188
68
0
0
0
0
0
0
0
0
0
0
0
8
0
0
1
136
193
235
203
56
0
0
