7
1
0
9
15
2
-18
-17
11
26
-30
-157
-327
-535
-722
-796
-761
-685
-571
-415
-302
-264
-279
-339
-389
-473
-607
-656
-601
-537
-4
-11
-12
-4
0
1
19
34
-4
-130
-343
-583
-736
-743
-619
-373
-98
70
112
78
42
85
127
80
78
115
33
-108
-201
-263
-4
-8
-1
1
-2
7
16
-31
-203
-475
-645
-579
-374
-155
35
144
125
100
106
55
24
30
85
230
294
263
219
164
237
286
28
24
30
35
16
3
-105
-389
-646
-643
-420
-140
45
105
125
118
102
113
173
252
286
243
249
386
432
348
255
159
120
90
6
11
3
8
6
-97
-377
-618
-563
-275
6
104
60
14
0
66
264
428
481
502
417
283
255
213
129
91
73
23
-145
-206
-22
-5
-17
-35
-91
-323
-501
-322
-4
139
142
68
-26
-28
107
287
375
366
253
140
117
78
-19
-137
-192
-152
-92
-91
-185
-203
-1
6
12
-46
-257
-447
-279
12
90
88
37
-55
32
259
402
369
214
36
-160
-302
-241
-99
-114
-184
-189
-184
-170
-144
-142
-159
-5
-16
-7
-120
-343
-282
-24
67
52
-5
-107
-2
290
424
296
58
-102
-108
-92
-185
-224
-169
-172
-169
-134
-151
-168
-119
6
87
15
3
-49
-213
-290
-97
27
34
91
39
39
228
271
83
-110
-195
-230
-167
-40
-29
-73
-106
-140
-143
-94
-47
-13
47
114
126
-8
-6
-114
-273
-177
-6
19
49
20
23
243
304
67
-159
-250
-216
-146
-108
-50
4
-38
-77
-66
-78
-46
14
41
48
-15
-124
-28
-16
-119
-246
-117
21
81
94
17
168
341
160
-61
-52
-8
-103
-157
-143
-100
10
11
-37
-43
-39
23
73
35
-59
-137
-155
53
5
-110
-121
-17
37
95
74
121
296
139
-174
-285
-218
-115
-98
-72
-53
-42
56
123
82
57
85
55
-43
-99
-75
-15
37
20
-28
-115
-36
94
140
116
33
64
73
-87
-186
-214
-269
-218
-11
62
-49
-117
-104
-19
82
128
63
-91
-147
-60
64
157
152
-32
-87
-128
-25
101
122
55
43
34
-87
-93
-6
44
53
41
24
-18
-20
-3
-21
-20
17
16
-48
-117
-63
78
127
89
30
24
-107
-162
-8
99
107
106
77
-35
-196
-244
-181
-47
76
66
2
9
30
14
39
74
9
-64
-32
49
93
50
-15
-37
-49
-48
-154
-141
43
90
74
95
63
49
-31
-194
-199
-76
11
5
-34
18
36
-59
-98
-58
-57
-57
6
74
61
-29
-87
-94
-85
-139
-215
-43
148
144
86
55
135
286
210
19
-17
-22
-53
-53
-59
8
157
221
172
78
43
82
71
-7
-61
-55
-68
-118
-118
-97
-72
205
248
135
100
70
113
155
79
44
85
88
49
15
4
-20
20
124
122
32
28
106
115
51
6
-3
-4
-15
-40
-121
-47
118
60
-114
-150
-105
-24
23
-53
-67
67
182
182
129
117
95
-16
-128
-127
-32
-9
-45
14
65
45
45
55
31
-4
-240
-117
-132
-235
-245
-212
-148
-116
-93
-72
-59
-32
14
82
159
218
197
46
-117
-109
21
57
-7
6
62
56
7
-35
-46
-31
-165
12
-132
-277
-151
-114
-166
-207
-206
-39
81
-8
-79
-34
77
150
68
-76
-96
-41
-9
43
81
78
86
75
16
-21
-25
-33
-20
-40
-91
-84
-80
-117
-87
-21
12
87
137
89
-3
-132
-184
-79
2
-17
12
69
112
215
284
190
31
-41
-24
7
20
31
9
-77
-128
-97
-55
-39
8
-6
-16
132
182
105
7
-64
-68
-114
-101
42
137
97
21
64
189
243
228
208
208
219
231
236
116
88
-26
-64
-53
-85
-84
-81
-159
-49
128
107
65
100
122
44
-70
-47
35
23
-47
-154
-195
-62
171
320
323
295
291
264
35
42
67
60
28
-5
-71
-53
-73
-157
48
261
267
181
42
27
15
-23
18
4
-13
-20
-112
-165
-106
-33
0
13
31
33
-75
-36
34
38
88
134
17
-74
-62
-128
-19
245
317
274
204
89
22
28
113
207
116
6
10
-63
-238
-326
-220
-62
-7
-52
147
110
183
208
86
0
-6
-43
-93
-132
-154
18
165
146
114
86
143
186
143
151
155
57
-96
-245
-352
-363
-253
-84
-13
-50
266
176
86
92
76
26
3
-54
-132
-184
-285
-219
23
124
82
23
3
42
-20
-182
-170
-65
-80
-130
-109
-70
-70
-59
-66
-72
151
93
-120
-174
-19
68
9
-64
-78
-77
-147
-206
-76
44
-44
-248
-377
-266
-106
-109
-227
-184
80
243
247
221
192
98
-20
-46
61
76
78
129
212
251
188
68
0
-14
-5
-42
-96
-117
-179
-259
-280
-223
-103
8
-46
-120
1
136
193
235
203
56
-58
-41
