2083
3269
0
0
0
0
0
0
0
0
0
0
20553
1254
0
0
0
0
0
0
0
0
0
0
0
0
0
0
0
0
0
0
0
0
6793
0
0
0
0
0
0
0
0
0
0
0
0
0
0
0
3312
4077
2014
0
0
0
0
0
0
0
0
0
0
0
0
0
0
0
0
0
0
0
0
0
1241
0
0
0
0
0
0
0
0
0
0
20717
0
0
0
0
0
0
0
0
0
0
0
0
0
0
0
0
0
0
0
0
0
0
0
0
3401
0
0
8223
0
0
0
0
0
0
0
0
0
0
0
0
0
0
0
0
0
0
0
0
0
4103
0
0
0
0
0
0
0
0
0
0
0
0
0
0
0
0
0
0
0
0
0
0
0
0
0
0
0
0
0
0
0
3532
0
0
0
0
0
0
0
0
0
0
0
3293
0
0
0
0
1454
0
0
0
0
9695
6318
0
0
0
0
0
0
0
0
0
0
0
0
0
0
0
0
0
0
0
0
0
0
0
0
0
0
0
0
0
0
0
0
0
0
0
0
0
0
0
0
0
0
0
0
0
0
0
0
0
0
0
0
0
0
11075
0
1730
0
0
5131
0
0
0
0
0
0
0
0
0
0
0
0
0
0
0
0
0
0
0
0
0
0
0
0
0
0
0
0
0
0
0
0
0
1292
6668
0
0
0
0
0
0
0
0
0
0
0
0
0
0
8458
0
0
0
0
0
0
0
0
0
0
0
0
0
0
0
0
0
0
0
0
0
0
0
0
0
0
0
0
0
0
0
0
0
0
0
0
0
0
0
0
0
0
0
0
0
0
0
0
0
47
0
0
0
0
6370
0
0
0
0
0
0
0
0
0
0
0
0
0
0
0
0
0
0
0
0
0
0
0
0
0
0
0
0
0
2724
0
0
0
0
0
0
0
0
0
0
0
0
0
0
1913
0
0
0
0
0
0
0
0
0
0
1783
0
0
0
0
0
0
0
0
0
0
0
0
0
0
0
0
0
0
0
0
0
0
0
0
0
0
0
0
0
0
0
0
0
0
0
0
0
0
0
0
0
0
0
7002
0
0
0
0
0
0
0
0
0
0
0
0
0
0
0
0
0
0
0
0
0
0
0
0
0
0
0
0
0
0
0
0
0
17073
0
0
11089
0
0
0
0
0
0
6599
0
0
0
1397
0
0
0
0
0
0
0
0
0
0
0
0
0
0
0
0
0
0
0
0
0
0
0
0
0
0
0
0
0
0
0
0
0
0
0
0
0
0
0
0
0
0
0
0
0
440
0
0
0
0
0
0
0
0
0
0
0
0
0
0
0
0
0
0
0
0
0
0
0
0
0
0
0
6148
2313
0
0
0
0
1165
0
0
0
0
0
0
0
0
0
0
0
0
0
0
0
0
0
0
0
0
0
0
0
0
0
0
14409
0
0
0
0
0
0
0
0
6831
0
8171
0
0
0
0
0
5838
0
0
0
0
0
0
13952
0
0
0
0
0
0
0
0
0
0
0
0
0
0
0
0
0
0
0
0
0
0
0
0
0
0
0
0
0
0
0
0
0
0
0
0
0
10651
0
11229
0
0
0
0
0
0
0
0
0
0
0
0
0
0
0
0
7247
0
0
0
0
0
0
0
0
0
0
0
0
0
0
0
0
0
0
0
198
1127
6261
0
0
0
0
0
0
6185
0
0
0
0
0
0
0
0
0
0
0
0
893
0
0
0
0
0
0
0
0
0
0
0
0
0
0
0
0
0
0
0
0
0
0
0
0
0
0
0
0
0
0
0
0
0
0
0
0
0
0
0
0
0
5183
0
0
21691
0
0
0
0
0
0
0
0
0
0
0
0
0
392
0
0
0
0
0
0
0
0
0
0
0
0
0
0
0
0
0
0
0
0
0
0
0
0
0
0
0
0
0
0
0
0
0
0
0
0
0
0
0
0
0
0
0
0
0
0
0
0
0
0
0
0
0
0
0
0
0
0
0
3520
0
0
0
0
0
0
0
0
0
0
0
0
0
0
0
2268
0
0
0
0
0
0
0
0
0
0
0
0
0
0
0
0
0
6454
0
0
0
0
0
0
0
0
0
0
0
0
0
