18865
30961
22022
4139
0
0
3995
29640
11331
0
0
6557
32767
25151
0
0
7465
0
17449
7731
0
0
0
0
338
7960
0
456
0
8789
0
0
0
9684
14395
0
11129
3639
3485
0
0
3310
12647
0
0
3976
32767
0
0
1923
10798
32767
32767
22632
0
0
0
0
1402
0
0
0
3281
8320
0
0
0
0
21429
0
0
0
0
4454
4608
21968
6192
0
20779
7626
0
0
0
0
0
32767
32767
0
0
16109
0
12020
13464
0
0
0
30578
0
27578
31968
0
0
5648
0
0
0
31511
15656
0
7978
966
159
32767
19082
16465
1700
16437
0
0
6886
6479
0
24889
10772
11644
9139
4263
0
27318
29919
0
0
0
16184
13249
32767
17808
0
587
29754
0
0
0
0
0
0
0
14702
0
0
0
0
14663
2255
0
0
0
0
22060
5186
0
0
0
0
0
0
17021
32767
14373
28423
0
0
12372
0
0
0
21833
15824
3131
0
0
0
0
0
32767
30132
0
0
12611
32767
32767
12238
15156
0
0
5237
12642
0
0
10380
0
0
0
10921
28989
0
0
0
21991
0
0
25449
28783
2774
0
0
0
0
0
0
0
0
13820
0
0
12513
0
0
19554
21181
0
27169
32346
0
0
0
12382
342
0
0
27428
26673
0
0
12315
13462
15263
9120
0
23070
1716
0
22131
5548
0
9524
29696
0
23927
0
0
1489
0
0
20466
7994
0
0
0
32767
0
0
0
0
670
0
0
0
0
0
0
0
0
0
14207
32767
24766
0
0
1671
31068
32767
0
0
3192
0
0
7028
0
0
18664
32767
0
6920
32767
0
0
0
0
5476
0
0
19606
5799
0
0
0
2471
25
0
0
0
0
0
18421
21719
1091
0
0
23418
0
0
0
0
0
4571
4385
12688
21433
0
32767
2011
0
0
0
0
0
11174
0
0
32767
32767
0
0
3592
26095
0
0
24291
8735
0
20680
19178
0
25954
309
0
0
10740
10574
0
0
0
0
10441
32767
5561
10719
0
0
14487
27117
0
0
8897
10252
0
0
0
0
6448
0
0
0
1468
32767
10697
0
0
0
31910
0
0
0
21227
13226
0
0
0
0
15824
9805
14271
0
0
0
0
9589
13460
756
0
0
4601
0
0
0
0
0
0
32767
8285
0
12768
0
0
32200
0
0
23979
18934
12845
0
0
0
0
0
6832
20891
0
0
3045
26840
21873
4928
20913
32767
23997
0
0
0
0
0
0
0
0
18450
0
0
0
0
28143
0
5835
17308
0
0
4128
32767
22938
0
0
6605
0
0
8565
0
0
0
27724
32767
5062
0
29363
21176
0
32767
0
0
15552
15707
20985
0
11564
15769
21641
0
0
4714
0
0
0
4042
4269
0
0
5347
0
7279
0
0
0
0
0
0
0
4114
0
0
0
0
17135
0
25139
6612
0
0
0
24966
0
1224
0
0
0
0
0
32019
0
0
0
17273
32671
9906
0
0
0
9721
13683
0
1687
0
0
0
11940
0
15793
0
0
32767
5447
23179
0
0
0
5405
22212
11891
0
32767
17777
0
18410
0
11568
32767
0
0
17597
0
0
0
0
0
4853
0
14954
0
0
18003
0
0
8489
26608
1283
0
0
6475
607
0
0
0
32767
21653
0
0
0
0
3102
0
17255
14241
0
18298
18253
0
14178
10503
3862
32767
22365
0
0
11881
0
8846
26847
7282
0
0
0
0
0
0
0
0
0
0
0
9460
25702
0
0
0
17721
0
9118
0
0
2377
10855
0
0
18446
2533
0
0
0
24454
624
11753
14826
0
32767
22930
16024
32048
15549
4257
0
4096
0
0
2077
20095
0
0
27197
0
0
32767
8673
0
28922
10265
4392
0
4584
19757
0
0
0
0
20960
0
0
0
5837
0
0
13561
0
0
8381
24842
22067
17671
21942
0
0
32767
0
19014
18544
0
0
3968
0
15510
0
20463
11865
0
5670
17178
27601
0
8053
106
30621
3975
0
0
0
0
0
0
24096
0
0
4301
0
0
0
0
17451
9966
0
6933
4271
0
0
0
0
0
0
0
12023
8096
0
3325
0
17020
0
0
0
17376
29585
11409
16487
32767
30314
1381
10583
408
32767
8609
0
0
0
4816
0
0
15627
32767
6856
0
20100
12607
0
0
0
8963
18175
6426
0
0
6464
0
0
709
0
0
0
0
18745
9290
0
0
26320
0
0
1155
0
0
0
0
0
6630
11545
8586
3479
14596
0
4460
0
0
0
0
0
0
13758
0
0
0
18057
0
1403
0
7942
11984
25293
0
9866
25650
20449
0
0
18494
0
0
0
0
15251
16141
32767
21127
8608
0
15329
28349
0
6631
1294
0
10045
20766
0
2047
17498
0
21630
0
0
0
0
0
5251
29750
0
0
0
6675
0
5275
19701
0
0
0
0
0
0
