-54
-205
-274
-179
-7
130
168
254
269
29
-101
-26
-1
3
2
3
-1
-1
4
-3
-7
-3
-2
-1
-5
-3
3
-1
-3
1
-67
-237
-278
-146
28
143
160
253
259
15
-98
-20
-1
5
2
-3
-2
2
1
-6
-5
2
0
-2
-5
-4
4
0
-5
0
-83
-270
-268
-113
38
141
173
266
240
1
-95
-17
-1
6
0
-6
-1
1
-3
-4
0
3
0
-1
-1
-3
0
-1
-4
1
-102
-277
-242
-102
25
134
195
279
219
-12
-92
-15
1
6
-2
-6
0
0
-4
-1
1
1
2
0
-3
-1
0
-4
-2
3
-123
-260
-214
-110
24
133
196
285
209
-23
-87
-13
0
7
-1
-7
-1
0
-2
1
-2
0
5
-2
-6
1
2
-6
-3
3
-137
-248
-193
-107
26
132
196
288
202
-34
-85
-12
-1
7
-2
-8
-1
1
0
2
-3
1
5
-4
-5
1
1
-4
-5
0
-146
-244
-169
-86
14
128
211
286
185
-45
-84
-11
2
3
-7
-7
0
1
0
2
-1
2
3
-1
-3
-1
1
-2
-7
-2
-164
-234
-142
-73
8
125
226
283
165
-50
-78
-11
4
0
-11
-6
-2
-2
2
4
1
-1
0
3
0
1
1
-5
-9
1
-179
-227
-137
-81
26
139
231
280
152
-49
-73
-13
3
1
-10
-6
-5
-3
4
5
2
-5
-2
4
3
5
-3
-9
-10
8
-183
-237
-152
-84
54
162
224
276
150
-51
-71
-13
0
3
-5
-6
-6
-1
2
2
1
-6
0
5
3
4
-5
-7
-7
11
-192
-246
-161
-72
81
174
213
271
150
-59
-71
-11
-1
5
-2
-7
-5
-1
-1
1
0
-7
2
9
2
-1
-2
0
-2
7
-213
-242
-155
-50
114
167
205
267
136
-68
-69
-7
0
3
-2
-6
-4
-5
-1
4
0
-7
2
12
1
-4
3
4
-2
5
-235
-234
-140
-34
135
159
209
264
106
-75
-55
-2
-3
-2
-2
-2
-3
-10
-1
7
1
-5
3
11
-1
-2
7
1
-5
6
-245
-230
-133
-31
140
170
223
254
74
-79
-37
0
-6
-4
-4
0
-2
-13
-3
9
4
-2
4
9
-1
-1
6
-2
-6
5
-249
-229
-131
-23
144
188
235
236
51
-81
-28
0
-4
-4
-7
-1
-3
-11
-3
9
8
3
3
4
-1
-3
3
-1
-6
2
-261
-221
-111
-8
146
204
240
216
35
-82
-24
0
-2
-4
-7
-4
-3
-2
-1
5
10
6
0
-1
-2
-4
1
0
-5
-3
-269
-209
-89
5
144
213
237
200
27
-80
-21
0
-2
-4
-7
-7
0
6
0
1
8
4
-2
-1
-1
-3
-1
0
-2
-6
-266
-201
-91
9
139
210
242
199
25
-78
-19
0
-3
-5
-8
-7
1
7
2
0
3
1
-1
0
0
0
-2
-1
0
-4
-271
-196
-97
8
137
202
256
214
22
-77
-16
-1
-7
-6
-4
-5
-2
5
4
-1
0
0
0
0
-1
3
0
-2
-1
-1
-287
-186
-87
3
135
199
265
227
19
-78
-23
-7
-9
-4
0
-4
-3
4
5
2
4
-1
1
4
1
2
-2
-3
0
3
-290
-164
-77
-11
126
197
267
225
3
-113
-67
-22
-3
-3
-3
4
-5
-1
12
16
13
-9
3
18
8
-8
-15
-6
-1
3
-265
-143
-92
-27
115
193
264
198
-40
-173
-129
-38
5
-8
-10
17
-4
-11
12
21
15
-16
8
32
7
-20
-20
-4
-14
-9
-235
-137
-113
-24
109
198
259
139
-90
-194
-162
-50
3
-18
-21
17
10
-11
0
7
6
-3
16
23
0
-20
-8
6
-38
-9
-224
-142
-111
4
117
213
249
69
-137
-187
-168
-62
-2
-22
-24
10
14
-3
-3
0
3
14
16
2
2
-8
5
7
-55
23
-236
-148
-93
32
136
229
238
16
-183
-186
-148
-58
-5
-11
-5
6
-1
2
2
2
4
10
11
-3
9
8
8
-3
-42
56
-260
-141
-64
53
153
237
232
-13
-198
-164
-105
-39
-9
8
17
-2
-14
7
7
4
-3
-5
10
2
9
8
-2
-4
-13
62
-272
-116
-30
82
172
242
232
-9
-151
-110
-78
-32
-6
19
19
-8
-14
7
9
8
-6
-12
6
4
-3
-15
-16
3
6
47
-266
-91
0
116
196
258
225
11
-71
-56
-71
-36
-6
13
9
-5
-3
3
5
7
-2
-6
2
2
-11
-26
-20
7
13
21
-248
-72
21
137
222
281
191
-4
-28
-23
-56
-33
-9
5
2
-3
4
3
1
2
1
4
4
0
-6
-12
-9
7
9
2
-216
-50
32
151
249
286
143
-47
-34
-6
-31
-20
-4
3
-4
-3
5
5
-1
0
4
6
6
0
-3
-1
2
5
2
0
