97
110
148
179
192
181
163
139
98
71
91
96
97
96
96
96
95
96
95
94
96
97
97
97
97
99
98
98
98
98
99
113
157
183
195
175
155
136
95
71
91
96
96
96
95
95
96
96
95
96
97
97
96
97
97
99
98
97
98
99
98
118
168
187
194
173
160
133
92
72
92
95
96
96
94
96
96
96
96
97
97
97
96
97
96
96
97
97
97
98
97
121
169
181
192
179
159
125
89
72
92
96
96
95
95
96
96
96
96
97
96
96
96
96
96
97
96
97
97
97
99
127
162
180
192
173
158
126
87
74
93
95
96
95
94
95
96
95
96
96
96
97
96
95
96
97
96
96
98
97
101
133
163
181
190
173
158
125
85
73
93
94
96
95
94
95
96
96
96
95
95
96
95
95
97
96
96
96
97
97
102
131
163
175
186
172
152
119
81
73
93
95
96
94
95
96
97
95
96
96
96
96
95
95
95
96
96
96
96
98
105
140
165
173
178
173
150
116
79
75
92
94
94
93
95
96
96
97
97
96
96
96
96
96
95
96
95
95
96
97
107
145
160
177
184
172
149
113
79
76
91
94
95
93
94
96
96
97
97
96
95
95
97
96
96
95
94
96
97
99
109
145
170
185
190
169
149
113
80
76
92
94
95
94
95
95
96
97
96
96
96
96
97
96
96
95
95
97
97
99
109
146
171
186
191
169
146
116
78
77
93
94
96
95
94
95
96
96
96
97
96
97
98
96
96
96
96
96
96
96
112
152
173
193
185
162
142
111
76
76
93
95
95
94
94
95
96
96
97
96
96
96
98
96
94
95
96
95
94
95
114
159
172
192
178
157
142
107
75
80
94
94
94
95
95
95
95
96
98
96
96
96
97
95
95
96
95
93
95
95
115
161
172
194
182
160
138
102
74
85
94
93
94
95
95
96
95
96
98
97
96
96
97
95
94
95
94
94
95
95
116
159
174
193
179
156
133
99
74
86
94
93
94
94
95
96
95
97
99
98
96
96
95
95
94
95
95
94
95
96
120
165
176
195
179
159
127
96
73
88
94
94
94
94
95
96
96
97
96
97
95
94
93
94
94
95
95
95
95
96
129
172
180
189
177
152
123
95
74
89
94
94
94
95
95
96
97
96
95
96
95
94
94
95
94
95
95
95
95
96
127
165
178
190
176
156
123
96
75
89
94
94
94
94
95
97
97
96
95
96
95
95
95
95
95
95
95
96
95
95
132
169
180
193
178
159
128
94
74
89
94
93
94
95
96
96
97
97
96
95
96
96
96
96
96
96
95
96
96
97
136
173
185
197
183
162
134
96
76
91
94
94
95
97
96
96
97
97
96
97
97
96
97
96
97
97
96
96
96
96
144
181
184
196
187
165
136
97
79
93
101
106
106
107
106
108
107
108
106
105
102
102
103
101
99
98
100
102
102
101
145
173
180
196
187
167
141
102
88
112
139
150
150
148
152
150
145
154
149
148
140
142
147
141
137
138
144
146
146
149
151
168
184
199
194
173
144
107
109
131
158
171
169
169
173
174
169
170
173
173
174
173
175
168
167
170
172
170
170
179
157
168
193
196
190
168
138
106
122
138
167
182
184
185
192
194
190
188
189
188
189
188
183
183
186
182
189
182
185
199
160
174
197
198
189
163
130
104
128
153
176
193
193
191
195
192
193
194
194
194
193
191
190
190
190
188
187
183
190
195
160
181
198
198
185
160
126
102
130
155
175
179
182
185
181
179
181
182
178
180
178
182
180
178
180
174
175
176
176
177
171
190
199
196
180
154
120
97
127
140
153
157
161
156
153
150
157
156
155
153
152
155
156
154
154
155
159
158
158
157
179
194
201
195
170
145
107
85
98
97
111
117
120
119
118
118
118
117
118
116
116
116
118
116
118
121
128
129
126
124
178
193
197
185
162
131
90
83
90
87
94
101
104
104
103
103
104
102
103
102
103
102
101
101
101
101
102
102
100
100
179
187
191
181
155
117
81
82
94
90
96
98
100
99
99
100
100
99
99
99
99
98
97
96
97
97
97
96
96
96
