0
0
0
0
0
24
26
16
9
0
0
0
3
5
6
3
0
1
4
1
0
0
4
5
1
0
0
3
3
1
0
0
0
0
0
17
20
21
17
3
0
2
3
3
4
1
0
0
0
0
0
0
2
2
5
8
6
4
3
2
0
0
0
0
4
0
0
24
22
3
0
0
1
2
0
0
0
0
0
0
2
3
2
3
5
7
6
3
4
7
0
0
10
22
11
4
11
21
15
0
0
0
1
2
2
2
2
2
2
3
3
1
2
4
1
0
2
2
0
1
0
0
0
8
10
15
8
5
7
1
0
3
2
1
3
3
1
0
2
5
4
2
3
2
0
1
2
2
1
0
0
0
0
15
18
14
20
26
20
8
1
0
1
1
0
0
0
0
0
0
1
3
3
2
3
3
1
2
3
0
0
0
0
26
32
20
25
32
19
3
0
3
6
5
0
0
0
0
0
0
0
0
0
0
3
3
3
4
3
2
0
0
0
1
2
5
12
17
7
0
2
5
4
4
3
2
0
0
0
0
3
1
0
0
0
3
5
1
0
0
0
0
0
0
0
0
9
6
0
0
0
0
0
0
0
2
1
1
2
1
0
0
0
0
0
1
0
0
0
0
0
0
0
0
0
2
6
0
0
0
0
0
0
0
0
2
2
3
2
0
0
0
0
0
0
0
0
0
5
7
0
0
0
0
9
26
23
15
10
3
0
0
0
1
2
1
1
1
0
0
0
0
0
1
4
1
0
6
12
11
0
0
0
0
32
41
29
25
12
0
0
1
4
1
0
0
2
0
0
0
2
3
4
4
3
2
5
8
6
5
0
0
0
2
7
11
19
24
4
0
0
4
3
0
0
0
1
0
0
0
0
1
3
3
1
2
5
3
0
0
0
0
0
0
0
10
27
26
4
0
0
2
2
2
0
0
0
0
0
0
0
2
4
3
3
3
0
0
0
0
0
0
0
0
6
16
29
24
5
0
0
0
0
2
1
0
0
0
3
3
4
9
11
6
1
0
0
0
0
0
0
0
0
4
12
20
28
18
1
0
0
0
0
0
0
0
0
4
11
9
6
6
4
1
0
0
0
0
0
0
0
0
1
11
14
13
11
2
0
0
0
0
0
0
0
0
0
2
4
3
0
0
0
0
0
0
0
0
0
2
0
3
0
0
0
0
0
0
1
0
1
2
1
0
0
0
0
0
0
0
0
0
0
0
0
0
0
0
0
0
0
0
0
0
0
0
0
0
0
0
0
0
0
0
0
1
0
0
0
0
0
0
0
0
0
0
0
0
0
0
0
0
0
0
0
0
0
0
0
0
0
0
0
0
0
0
0
0
0
0
0
0
0
0
0
0
0
0
0
0
0
0
11
3
0
0
0
0
0
0
0
0
0
0
0
0
0
0
0
0
0
0
0
0
0
0
0
0
0
0
0
19
10
0
0
0
0
0
0
0
0
0
0
0
0
0
0
0
0
0
0
0
0
0
0
0
0
0
0
0
0
0
0
0
0
0
1
0
0
0
0
0
0
0
0
0
0
0
0
0
0
0
0
0
0
0
0
0
0
0
0
0
0
0
21
39
41
1
0
0
0
0
0
0
0
0
0
0
0
0
0
0
0
0
0
0
0
0
0
0
0
0
0
0
16
33
36
12
0
0
0
0
7
13
37
50
39
32
36
38
36
26
17
19
25
36
42
35
46
72
0
0
0
11
29
37
36
25
22
50
95
127
135
144
161
162
152
151
157
162
159
147
140
142
141
130
114
110
127
136
0
0
0
18
48
64
70
85
139
212
248
250
252
257
253
248
252
253
249
250
254
256
252
248
239
215
194
191
200
195
0
0
12
42
70
94
97
95
141
202
227
228
222
211
199
197
207
213
209
203
202
210
216
214
213
218
224
227
229
215
2
24
41
53
72
97
83
36
18
33
56
73
79
79
76
73
72
73
73
70
69
74
80
82
86
100
119
127
121
112
0
22
38
51
73
80
51
7
0
0
0
12
24
27
22
19
21
23
23
22
24
24
22
22
21
21
24
25
22
22
