0
0
0
0
0
130
168
254
269
29
0
0
0
3
2
3
0
0
4
0
0
0
0
0
0
0
3
0
0
1
0
0
0
0
28
143
160
253
259
15
0
0
0
5
2
0
0
2
1
0
0
2
0
0
0
0
4
0
0
0
0
0
0
0
38
141
173
266
240
1
0
0
0
6
0
0
0
1
0
0
0
3
0
0
0
0
0
0
0
1
0
0
0
0
25
134
195
279
219
0
0
0
1
6
0
0
0
0
0
0
1
1
2
0
0
0
0
0
0
3
0
0
0
0
24
133
196
285
209
0
0
0
0
7
0
0
0
0
0
1
0
0
5
0
0
1
2
0
0
3
0
0
0
0
26
132
196
288
202
0
0
0
0
7
0
0
0
1
0
2
0
1
5
0
0
1
1
0
0
0
0
0
0
0
14
128
211
286
185
0
0
0
2
3
0
0
0
1
0
2
0
2
3
0
0
0
1
0
0
0
0
0
0
0
8
125
226
283
165
0
0
0
4
0
0
0
0
0
2
4
1
0
0
3
0
1
1
0
0
1
0
0
0
0
26
139
231
280
152
0
0
0
3
1
0
0
0
0
4
5
2
0
0
4
3
5
0
0
0
8
0
0
0
0
54
162
224
276
150
0
0
0
0
3
0
0
0
0
2
2
1
0
0
5
3
4
0
0
0
11
0
0
0
0
81
174
213
271
150
0
0
0
0
5
0
0
0
0
0
1
0
0
2
9
2
0
0
0
0
7
0
0
0
0
114
167
205
267
136
0
0
0
0
3
0
0
0
0
0
4
0
0
2
12
1
0
3
4
0
5
0
0
0
0
135
159
209
264
106
0
0
0
0
0
0
0
0
0
0
7
1
0
3
11
0
0
7
1
0
6
0
0
0
0
140
170
223
254
74
0
0
0
0
0
0
0
0
0
0
9
4
0
4
9
0
0
6
0
0
5
0
0
0
0
144
188
235
236
51
0
0
0
0
0
0
0
0
0
0
9
8
3
3
4
0
0
3
0
0
2
0
0
0
0
146
204
240
216
35
0
0
0
0
0
0
0
0
0
0
5
10
6
0
0
0
0
1
0
0
0
0
0
0
5
144
213
237
200
27
0
0
0
0
0
0
0
0
6
0
1
8
4
0
0
0
0
0
0
0
0
0
0
0
9
139
210
242
199
25
0
0
0
0
0
0
0
1
7
2
0
3
1
0
0
0
0
0
0
0
0
0
0
0
8
137
202
256
214
22
0
0
0
0
0
0
0
0
5
4
0
0
0
0
0
0
3
0
0
0
0
0
0
0
3
135
199
265
227
19
0
0
0
0
0
0
0
0
4
5
2
4
0
1
4
1
2
0
0
0
3
0
0
0
0
126
197
267
225
3
0
0
0
0
0
0
4
0
0
12
16
13
0
3
18
8
0
0
0
0
3
0
0
0
0
115
193
264
198
0
0
0
0
5
0
0
17
0
0
12
21
15
0
8
32
7
0
0
0
0
0
0
0
0
0
109
198
259
139
0
0
0
0
3
0
0
17
10
0
0
7
6
0
16
23
0
0
0
6
0
0
0
0
0
4
117
213
249
69
0
0
0
0
0
0
0
10
14
0
0
0
3
14
16
2
2
0
5
7
0
23
0
0
0
32
136
229
238
16
0
0
0
0
0
0
0
6
0
2
2
2
4
10
11
0
9
8
8
0
0
56
0
0
0
53
153
237
232
0
0
0
0
0
0
8
17
0
0
7
7
4
0
0
10
2
9
8
0
0
0
62
0
0
0
82
172
242
232
0
0
0
0
0
0
19
19
0
0
7
9
8
0
0
6
4
0
0
0
3
6
47
0
0
0
116
196
258
225
11
0
0
0
0
0
13
9
0
0
3
5
7
0
0
2
2
0
0
0
7
13
21
0
0
21
137
222
281
191
0
0
0
0
0
0
5
2
0
4
3
1
2
1
4
4
0
0
0
0
7
9
2
0
0
32
151
249
286
143
0
0
0
0
0
0
3
0
0
5
5
0
0
4
6
6
0
0
0
2
5
2
0
