2645
21099
0
30225
4013
0
27640
32767
14737
16132
12827
1060
30683
23093
24436
6866
21394
2181
30642
11974
0
32767
0
32767
436
12376
26217
26780
3754
0
0
19720
9144
0
21440
1614
21298
21806
257
14792
29973
25756
28245
11885
10060
0
27946
738
21674
24971
10993
14640
5559
5305
30594
24358
0
32152
25975
12918
29943
0
17775
3865
10634
32767
0
23526
28650
32767
0
10227
27268
13454
11998
10572
23063
8112
17130
10850
22960
0
1111
19298
20909
0
22932
8737
13026
32767
23454
0
27507
31139
0
32767
2218
15081
17451
2653
5289
32767
0
7600
32767
18368
0
8223
32767
13435
25366
14114
20996
0
13628
9985
32767
0
32767
1927
10554
23372
0
17105
27342
10923
32767
0
26835
5593
28873
1829
4553
29942
28636
7164
7829
32767
0
19895
32767
20731
15583
0
13914
0
32767
11748
0
15100
17819
20797
0
16404
24418
8308
32767
6374
0
32767
7904
8231
32767
0
6077
31332
23573
8569
31586
0
20523
27087
2743
9216
22507
6065
12470
22896
14111
32767
17934
32767
0
32767
0
32767
4088
32767
3290
23575
0
21991
2431
23203
19810
24812
16102
0
32767
0
25320
5727
32326
16854
24838
0
0
32767
2885
6521
25747
8560
22138
0
17413
18530
31743
28501
11526
14591
12172
17358
32767
31844
4856
12082
0
12388
10231
4933
3747
32767
5695
5685
20404
17784
0
21838
15778
11900
0
19371
32767
0
32767
712
32767
0
20274
23113
0
32767
8774
0
28934
29803
9317
3583
0
4630
31971
31036
20522
0
26034
20374
7996
1499
28512
671
17391
22308
6907
4355
25206
14841
21423
0
26405
21124
8735
16421
27672
17271
30350
0
19100
0
32097
18066
0
27730
10032
13482
27773
24050
21346
2287
13510
29014
3930
17434
32767
28409
6278
15261
32767
0
14585
1333
29239
0
30412
24768
0
25467
26134
6130
4409
0
19524
25819
22638
5679
4743
32767
13007
15876
9751
32767
16791
21583
11800
17750
0
11937
30812
18431
5413
0
30058
7618
32767
17118
11201
32767
0
16786
23988
19287
8849
15174
12541
0
32767
31966
1577
32767
6213
0
21264
15641
15341
2671
32767
8145
0
28901
8413
32767
16295
19268
3441
10625
32767
0
17069
24659
2270
29620
21582
12076
24898
11563
1995
20236
1260
22271
0
19939
19679
0
23621
32767
0
4533
11444
32767
20409
22523
0
6610
10966
11345
19556
13721
32767
0
20004
31027
8190
32767
0
9663
6230
26846
29960
10888
32767
23727
2845
32767
0
8413
14685
13830
16437
4780
13585
8812
18531
13023
5422
12663
4586
29898
0
13280
32767
0
20343
26505
18182
21740
0
32767
21238
4455
26427
3587
23044
0
13074
17369
32767
0
14140
14305
4905
24437
21670
0
6592
17816
3847
13140
23331
21316
41
32767
24459
0
25214
0
32767
0
25658
12842
32767
0
32767
20174
22606
10722
11684
4590
8836
0
22185
14034
8548
32767
4446
5272
12893
14000
13453
21860
0
29664
0
12211
23236
29388
4656
25181
3013
27691
0
10515
20031
18641
20219
7137
17250
2256
24613
17250
31289
0
32767
0
11415
7564
23954
12435
0
32767
3217
28466
21468
21745
6383
6030
6670
32767
0
25665
9028
32767
22666
0
18289
4939
32767
27938
5171
27257
22395
7487
14010
25730
29084
12916
6319
0
25770
26685
6262
4465
30797
15429
24516
0
11061
8432
32767
2421
822
1664
19428
25948
1478
32767
1911
30629
15339
28474
1133
32767
0
32767
0
32767
5162
23882
20821
16166
19216
0
32767
0
8307
32767
6344
14281
9230
0
30576
18354
22139
26876
0
115
24417
27171
32767
5038
32767
4894
23873
13204
32767
6414
21794
16892
1651
15699
32767
9288
6406
27962
17028
32767
0
6113
26054
32767
11816
0
0
9490
32767
21303
18616
8214
15798
32767
8701
22416
24010
0
32767
0
32767
17661
10684
19359
17579
6212
27000
32767
0
1434
32767
17393
21397
2235
0
13519
26086
32767
0
0
32767
9970
10316
32767
0
32767
0
18538
15960
20177
24754
32767
16239
15202
0
32767
13944
0
17116
1220
32767
0
0
32767
12841
1416
25563
0
29794
32767
4125
21874
20295
4902
18211
15748
28181
5523
14117
30684
11118
20941
8491
22541
1672
8173
27809
22550
6163
19678
0
15806
9681
32767
13775
13187
0
32767
14731
11180
21390
30986
0
16624
32767
10252
18454
6172
14342
14780
3958
22403
25507
12042
6185
16207
23877
16535
1174
20859
0
32767
0
15200
17064
17142
31465
13367
11866
18011
1514
28269
32767
7881
32767
0
22919
12364
0
20506
32767
9775
22693
0
32767
5716
3782
20604
12419
18593
32767
0
14098
22821
10013
18339
0
2261
11597
15885
32210
16156
20742
7529
0
25031
0
25172
17269
32767
1215
13359
1482
11193
10001
6919
29447
19415
26573
5221
22490
0
32767
6607
32767
0
0
18844
32767
0
8150
18583
18808
32767
243
30801
0
32767
20954
0
0
32767
2001
12380
0
29630
11904
11131
0
32767
31103
14782
0
11042
32767
3655
4801
31468
0
6562
8234
12989
3908
32767
14185
0
32767
0
32767
10484
29786
0
5850
3415
0
26239
550
26067
16043
21760
8777
19205
2324
20755
19338
18084
29647
717
8245
25741
0
10696
8408
17057
22131
7916
14192
11488
32767
16270
29672
0
9173
14020
0
31593
16080
27601
2415
0
0
32767
9294
0
29251
26937
