2645
21099
-4526
30225
4013
-13928
27640
32767
14737
16132
12827
1060
30683
23093
24436
6866
21394
2181
30642
11974
-8284
32767
-4672
32767
436
12376
26217
26780
3754
-5153
-10447
19720
9144
-3280
21440
1614
21298
21806
257
14792
29973
25756
28245
11885
10060
-11685
27946
738
21674
24971
10993
14640
5559
5305
30594
24358
-22263
32152
25975
12918
29943
-4054
17775
3865
10634
32767
-14792
23526
28650
32767
-5898
10227
27268
13454
11998
10572
23063
8112
17130
10850
22960
-2050
1111
19298
20909
-3508
22932
8737
13026
32767
23454
-1937
27507
31139
-26465
32767
2218
15081
17451
2653
5289
32767
-9310
7600
32767
18368
-6292
8223
32767
13435
25366
14114
20996
-1641
13628
9985
32767
-20483
32767
1927
10554
23372
-7190
17105
27342
10923
32767
-9025
26835
5593
28873
1829
4553
29942
28636
7164
7829
32767
-3849
19895
32767
20731
15583
-1944
13914
-1928
32767
11748
-1006
15100
17819
20797
-4779
16404
24418
8308
32767
6374
-4242
32767
7904
8231
32767
-351
6077
31332
23573
8569
31586
-1521
20523
27087
2743
9216
22507
6065
12470
22896
14111
32767
17934
32767
-18809
32767
-3158
32767
4088
32767
3290
23575
-278
21991
2431
23203
19810
24812
16102
-2327
32767
-9606
25320
5727
32326
16854
24838
-5486
-1385
32767
2885
6521
25747
8560
22138
-5907
17413
18530
31743
28501
11526
14591
12172
17358
32767
31844
4856
12082
-1958
12388
10231
4933
3747
32767
5695
5685
20404
17784
-12575
21838
15778
11900
-994
19371
32767
-11254
32767
712
32767
-12676
20274
23113
-2043
32767
8774
-8008
28934
29803
9317
3583
-6886
4630
31971
31036
20522
-7652
26034
20374
7996
1499
28512
671
17391
22308
6907
4355
25206
14841
21423
-4652
26405
21124
8735
16421
27672
17271
30350
-16378
19100
-2702
32097
18066
-6876
27730
10032
13482
27773
24050
21346
2287
13510
29014
3930
17434
32767
28409
6278
15261
32767
-9011
14585
1333
29239
-1279
30412
24768
-12126
25467
26134
6130
4409
-4278
19524
25819
22638
5679
4743
32767
13007
15876
9751
32767
16791
21583
11800
17750
-1715
11937
30812
18431
5413
-9422
30058
7618
32767
17118
11201
32767
-16076
16786
23988
19287
8849
15174
12541
-13328
32767
31966
1577
32767
6213
-723
21264
15641
15341
2671
32767
8145
-1823
28901
8413
32767
16295
19268
3441
10625
32767
-13828
17069
24659
2270
29620
21582
12076
24898
11563
1995
20236
1260
22271
-3886
19939
19679
-12479
23621
32767
-21157
4533
11444
32767
20409
22523
-9475
6610
10966
11345
19556
13721
32767
-8468
20004
31027
8190
32767
-4339
9663
6230
26846
29960
10888
32767
23727
2845
32767
-9076
8413
14685
13830
16437
4780
13585
8812
18531
13023
5422
12663
4586
29898
-13187
13280
32767
-5358
20343
26505
18182
21740
-4313
32767
21238
4455
26427
3587
23044
-8249
13074
17369
32767
-6800
14140
14305
4905
24437
21670
-11349
6592
17816
3847
13140
23331
21316
41
32767
24459
-16267
25214
-12516
32767
-5834
25658
12842
32767
-588
32767
20174
22606
10722
11684
4590
8836
-1256
22185
14034
8548
32767
4446
5272
12893
14000
13453
21860
-2800
29664
-11820
12211
23236
29388
4656
25181
3013
27691
-8094
10515
20031
18641
20219
7137
17250
2256
24613
17250
31289
-2893
32767
-19117
11415
7564
23954
12435
-2430
32767
3217
28466
21468
21745
6383
6030
6670
32767
-18184
25665
9028
32767
22666
-6337
18289
4939
32767
27938
5171
27257
22395
7487
14010
25730
29084
12916
6319
-7000
25770
26685
6262
4465
30797
15429
24516
-1860
11061
8432
32767
2421
822
1664
19428
25948
1478
32767
1911
30629
15339
28474
1133
32767
-10489
32767
-11379
32767
5162
23882
20821
16166
19216
-2642
32767
-3956
8307
32767
6344
14281
9230
-17703
30576
18354
22139
26876
-14255
115
24417
27171
32767
5038
32767
4894
23873
13204
32767
6414
21794
16892
1651
15699
32767
9288
6406
27962
17028
32767
-20868
6113
26054
32767
11816
-4461
-9254
9490
32767
21303
18616
8214
15798
32767
8701
22416
24010
-27897
32767
-4400
32767
17661
10684
19359
17579
6212
27000
32767
-2981
1434
32767
17393
21397
2235
-10197
13519
26086
32767
-5305
-9045
32767
9970
10316
32767
-6368
32767
-15211
18538
15960
20177
24754
32767
16239
15202
-14554
32767
13944
-3774
17116
1220
32767
-14465
-850
32767
12841
1416
25563
-5630
29794
32767
4125
21874
20295
4902
18211
15748
28181
5523
14117
30684
11118
20941
8491
22541
1672
8173
27809
22550
6163
19678
-19318
15806
9681
32767
13775
13187
-5052
32767
14731
11180
21390
30986
-6663
16624
32767
10252
18454
6172
14342
14780
3958
22403
25507
12042
6185
16207
23877
16535
1174
20859
-9131
32767
-4811
15200
17064
17142
31465
13367
11866
18011
1514
28269
32767
7881
32767
-14243
22919
12364
-22703
20506
32767
9775
22693
-2052
32767
5716
3782
20604
12419
18593
32767
-5320
14098
22821
10013
18339
-5143
2261
11597
15885
32210
16156
20742
7529
-281
25031
-3595
25172
17269
32767
1215
13359
1482
11193
10001
6919
29447
19415
26573
5221
22490
-17045
32767
6607
32767
-11097
-8098
18844
32767
-16070
8150
18583
18808
32767
243
30801
-10546
32767
20954
-8929
-1600
32767
2001
12380
-6660
29630
11904
11131
-15356
32767
31103
14782
-3962
11042
32767
3655
4801
31468
-1688
6562
8234
12989
3908
32767
14185
-7264
32767
-4059
32767
10484
29786
-2074
5850
3415
-4676
26239
550
26067
16043
21760
8777
19205
2324
20755
19338
18084
29647
717
8245
25741
-9320
10696
8408
17057
22131
7916
14192
11488
32767
16270
29672
-15127
9173
14020
-1763
31593
16080
27601
2415
-766
-1696
32767
9294
-4210
29251
26937
