-32768
-31956
-32768
-15720
-32768
-29698
1444
-30416
-32768
-32768
-32768
-29142
-32768
-32768
-32768
-32768
-32768
-32768
-32768
-32768
-32768
-20585
-32768
-31002
-32768
-32768
-32768
-32768
-32768
-32768
-32768
-24884
-32768
-32768
-12576
-32768
-32768
-32768
-20058
-22355
-32768
-32768
-32768
-32768
-32768
-32768
-8812
-3252
-32768
-32768
-32768
-32768
-32768
-13393
-26376
-32768
-32768
-31195
-32768
-32768
-32768
-32768
840
-32768
-30045
-15116
-32768
-5012
-32768
-32768
-32768
-32117
-32768
-32768
-32768
-32768
-32768
-32768
-23027
-32768
-32768
-32768
-30449
-27188
-18033
-4348
-27295
-32768
-1633
-32768
-32768
-32768
-32768
-32768
-32768
-32475
-32768
-32768
-32768
-32768
-24600
-32768
-32768
-14458
-32768
-32768
-32768
-32768
-32768
-21149
-31775
-32768
-32768
-32768
-30495
-31813
-32768
-32768
-32768
-32768
-32768
-32768
-32768
-6509
-32100
-32768
-26673
-32768
-32768
-18670
-32768
-32768
-11871
-32768
-32768
-32768
-32768
-32768
-32768
-32768
-32768
-32497
-32768
-32768
-32768
-26594
-22392
-32768
-32768
-430
-15690
-32768
-32768
-24488
-25803
-32768
-32768
-32768
-32768
-31923
-32768
-31801
-32768
-32768
-32768
-30893
-32768
-32768
-32768
-32768
-32768
-32768
-32768
-28987
-32768
-32768
-18268
2578
-32768
-32768
-32768
-19544
-32768
-32768
-32768
-32768
-32768
-32768
-32768
-32768
-32768
-32768
-8073
-10512
-32768
-32768
-32768
-32768
-21034
-29659
-32768
-23551
-32768
-32768
-32768
-32768
-32768
-22190
-32768
-22428
-32768
-32768
-32028
-32768
79
-26192
-21614
-32768
-32768
-32768
-32768
-32768
-32768
-32768
-32768
-32768
-32768
-32768
-32768
-32768
-11954
-12939
-32768
-32768
-32768
-32768
-32768
-14300
-28383
-32768
-23298
-19836
-32768
-32768
-32768
-32768
-32768
-32768
-16126
-32537
-32768
-32768
-32768
-32768
-20398
-32768
-32768
-32768
928
4608
-31095
-21642
-32768
-32768
-30483
-32768
-32768
-32768
-12961
-32768
-32768
-32678
-27134
-32768
-31490
-18509
-32768
-32768
-32768
-14322
-32768
-32768
-27177
-32768
-32768
-32768
-2910
-29319
-32768
-32768
-29031
-21864
-32768
-32768
-32768
-32768
-32768
-32768
-32768
-32153
-11890
-32768
-32656
-32768
-32768
-32768
-32768
-32768
-32768
-32768
-32768
-32768
-26924
-32768
-32768
-32768
-32768
-32768
-25380
-27506
-31898
-14910
-32768
-32768
-5043
-15433
-32768
-27057
-32768
-32768
-32768
-31825
-32768
-32768
-20307
-32768
-29507
-32768
-32768
-15555
-14547
-13817
-28977
-32768
-32768
-32768
-32768
-32768
-32768
-32768
-32768
-32768
-28710
-25219
-23072
-32768
-32768
-32768
-32768
-32768
-32768
-32768
-14279
-32768
-32768
-32768
-32768
-7468
-32768
-32768
-32768
-32768
-32768
-30534
-32768
-32768
-9274
-32768
-32768
-32215
-32768
-32768
-32768
-32768
-32768
-27947
-32768
-32768
-10720
-24641
-32768
-20885
-32184
-32768
-32768
-11717
-1578
-23882
-32119
-32768
-32768
-16131
-16981
-20042
-3149
-28899
-32768
-27926
-12761
-32768
-32768
-32768
-32768
-32768
-23079
2946
-32768
-32768
-32768
-32768
-32768
-32768
-32768
-26091
-22709
-32768
-32768
-32768
-32768
-22124
-32768
-32768
-32768
-32768
-32768
-32768
-32768
-32768
-32768
-32516
-32768
-32768
-32768
-32768
-32768
-32768
-32768
-32768
-32768
-32768
-29192
-32768
-19391
-23395
-19224
-29132
-32768
-32768
-25670
-32768
-32768
-20760
-24506
-5941
-8325
-10764
-2761
-28701
-30125
-32768
-32768
-32768
-11160
-15878
-32393
-32768
-16669
-30607
-32768
-32768
-32768
-32768
-32768
-32768
-32768
-32768
-31892
-13604
-30570
-27063
-24675
-32768
-32768
-32768
-32768
-32768
-32768
-32768
-32768
-32768
-29015
-32768
-32768
-32768
-32768
-32768
-32768
-32768
-27740
-71
-32768
-32768
-32768
-32768
-32768
-32768
-32768
-32768
-32768
-32768
-32768
-32768
-11608
-20417
-28520
-32768
-16194
-21936
-32768
-32768
-32768
-32768
-32768
-32768
-32768
-25267
-32768
-32768
-32768
-32768
-32768
-32768
-32768
149
-23988
-32768
-32768
-32768
-32768
-32768
-32768
-32768
-32768
-32768
-32768
-27357
-25433
-32768
-32768
-32768
-17233
-32768
-32768
-32768
-32768
-10268
-32368
-32768
-23884
-13019
-19806
-25335
-32768
-32768
-32768
-32768
-32768
-32768
-32768
-32768
-32768
-11785
-28922
-28925
-32768
-32768
-32768
-32768
-32768
-32768
-32768
-32768
-16435
-32768
-32768
-32768
-32768
-10957
-11246
-32768
-32768
-32768
-32768
-2957
-17521
-28129
-31833
-32768
-32768
-32768
-32768
-32768
-32768
-32768
-32768
-32768
-32768
-19642
-32768
-32768
-32768
-28903
-32768
-32768
-26698
-10223
-17555
-32768
-32768
-26385
-21142
11959
-32768
-32768
-32768
-32768
-32768
-32768
-32768
-32768
-32768
-32768
-22266
-28124
-32768
-32768
-32768
-32768
-32768
-10219
-32768
-32768
-32768
-31024
-9174
-32768
-32768
-32768
-32768
-22041
-28311
-32768
-32768
-23413
-32768
-32768
-32768
-32768
-32768
-32768
-32768
-32768
-30969
-11915
-32768
-32768
-32768
-32768
-32768
-28406
-32768
-28768
-29327
-32768
-32768
-32768
-21750
-8260
-32768
-32768
-32768
-20599
-32768
-32768
-32768
-32768
-32768
-32768
-30143
-32768
-32768
-32768
-32238
-32768
-32768
-32768
-32768
-32768
-32768
-32768
-20431
-32768
-32768
-32768
-28972
1751
-32768
-27992
-18650
-32768
-21627
-15193
-23036
-32768
-32768
-32768
-32768
-22545
-28288
-32768
-26305
-32768
-32768
-32768
-32768
-32768
-32768
-32768
-20623
-32768
-32768
-32768
-32768
-31997
-23303
-32768
-32768
-32768
-32768
-23687
-32768
-32768
-32768
-19159
-17312
-32768
-32768
-32768
-32768
-32768
-32768
-32768
-26922
18189
-18320
-32768
-32768
-32768
-32768
-32768
-27716
-25854
-24139
-32768
-32768
-32768
-10256
-25301
-32768
-32768
-32768
-5093
-21040
-30915
-23694
-32768
-32768
-32768
-32768
-24257
-32768
5480
-32768
-32768
-32768
-29018
-32768
-28146
-29481
-8585
-28545
-32768
-32768
-32768
-32768
-32768
-32768
-32768
-32768
-32768
-29893
-4465
-32470
-32768
-29474
-16953
-7920
-32768
-32768
-32768
-32768
-32768
-32768
-32768
-32768
-28769
-30698
-30054
-23940
-23064
-32768
-32768
-20125
-10588
-32334
-32768
-32768
-9076
-32768
-32768
-10679
-32768
-25951
-11812
-32768
-25669
-21466
-10542
-32768
-32768
-32260
-32768
-22662
-32768
-32768
-32768
-30595
-32768
-16854
-8745
-13265
-19827
-32768
-32768
-27635
-30026
-32768
-32768
-25388
-32768
-32768
-32768
-32768
-32768
-20128
-5483
-24114
-32768
-9668
-32768
-32768
-21906
-32768
-32768
-32768
-32768
-32768
-32768
-32768
-21181
-32353
-32768
-32768
-32768
-6640
-10085
-32768
-32768
-22232
-25156
