15
15
0
17
19
2
2
5
23
18
0
0
0
0
0
0
0
0
0
7
0
12
17
29
65
103
213
192
147
161
8
9
0
30
16
0
9
14
4
0
0
0
0
0
0
0
0
0
48
60
0
69
0
0
90
31
69
146
155
155
0
8
7
33
14
5
24
0
0
0
0
0
0
0
0
32
13
10
34
0
2
114
39
0
106
21
0
66
215
82
0
2
26
21
4
11
0
0
0
0
0
0
0
23
41
40
0
39
71
0
14
65
149
170
44
0
0
0
316
0
14
0
41
16
0
0
0
0
0
0
2
46
6
26
44
96
96
88
135
16
0
0
217
197
0
0
0
0
201
24
32
0
17
27
0
0
0
0
0
69
98
0
0
44
147
239
239
100
63
0
0
0
177
77
0
0
0
0
9
137
31
14
0
0
0
0
0
0
32
94
25
0
26
183
286
247
164
0
0
0
0
0
58
8
0
0
0
0
0
183
23
18
0
0
0
0
0
0
16
51
0
4
282
288
196
66
30
0
0
0
62
0
0
29
0
0
0
0
0
177
19
0
0
0
0
0
13
10
41
0
0
266
355
161
2
0
0
61
0
0
81
0
0
69
22
0
0
0
112
156
14
0
0
0
0
46
0
75
4
0
179
284
143
0
0
0
0
158
0
0
18
0
0
68
104
0
0
0
85
86
6
16
0
0
0
77
39
64
0
154
323
20
0
0
0
0
21
157
0
0
0
0
0
71
195
0
0
0
1
43
1
0
0
0
47
85
149
0
0
392
101
0
0
72
0
0
82
129
28
0
0
0
0
103
195
0
0
0
7
71
18
0
0
0
124
108
160
0
190
383
0
0
0
119
14
0
64
55
45
0
0
0
0
47
67
0
0
2
69
56
32
0
0
0
187
112
65
0
212
249
0
0
0
71
101
62
0
14
35
0
0
5
0
0
0
7
64
51
75
0
0
0
0
0
217
111
0
0
65
114
0
0
0
88
62
20
0
26
24
13
14
0
0
0
0
89
80
19
47
0
0
0
0
129
170
150
0
0
0
0
0
0
116
153
0
0
80
0
0
68
34
0
0
10
42
55
0
0
42
0
0
0
0
256
86
160
0
0
50
0
0
0
146
179
0
0
212
19
0
46
2
0
0
21
21
9
0
0
18
0
0
0
31
196
29
124
0
31
95
0
0
0
110
145
0
0
272
148
0
0
0
0
0
0
0
0
0
0
0
0
0
0
226
0
0
130
0
146
69
0
0
65
130
86
0
0
221
128
0
0
0
0
39
0
0
0
0
0
0
0
0
0
186
0
0
190
0
210
75
0
0
166
190
94
0
4
147
0
0
39
55
0
9
86
0
0
0
0
0
0
0
86
0
0
0
186
8
185
124
0
0
110
221
176
43
30
18
0
0
119
137
0
0
128
0
0
0
0
0
0
0
104
0
0
18
131
41
177
166
0
0
3
165
148
130
121
0
0
0
151
180
0
0
36
0
0
0
0
0
0
0
17
0
35
11
117
132
138
228
0
0
0
39
74
148
162
0
0
0
115
183
120
23
0
0
0
0
0
0
0
0
0
0
66
33
79
218
41
237
97
0
0
0
102
138
48
0
0
0
39
113
126
101
54
0
0
0
0
0
0
0
0
0
52
26
21
211
69
111
249
0
0
0
49
74
19
0
9
34
0
93
32
62
173
70
0
0
0
0
0
0
0
0
30
66
0
55
152
20
190
251
0
0
0
0
0
0
32
137
0
8
0
6
103
24
0
0
0
0
0
0
0
0
0
54
0
0
119
15
90
438
178
0
0
0
0
0
18
193
0
0
0
0
0
0
0
157
134
0
0
0
0
0
0
0
0
0
4
2
12
393
461
27
0
0
0
0
26
80
0
0
0
0
0
0
28
234
237
0
0
0
0
0
0
41
0
0
0
0
0
265
596
264
0
0
0
0
176
28
0
0
16
0
0
0
21
212
176
0
0
0
0
0
93
170
0
0
0
0
0
209
556
380
0
0
0
0
343
141
0
0
152
171
0
0
25
147
0
0
0
