16661
25661
32767
20609
31415
29984
32767
26742
25571
32767
28288
14185
18588
32767
19943
32767
21565
32767
32767
32767
32767
14760
25333
22966
15759
31613
32767
12900
16329
23215
12564
32739
17871
32767
20883
16934
29876
32767
21595
24752
32767
32767
28122
31259
32767
28201
32767
32767
32767
26833
32767
6123
32767
28452
30836
10586
32767
32767
32767
25814
32767
23065
32767
32767
32767
32767
32767
32767
32767
32767
32767
32767
32767
32767
32767
28596
32767
32767
25235
13748
7094
17625
27620
32767
32767
24938
32767
14489
32767
12666
30298
20233
13317
14116
25259
32767
32767
32767
32386
19286
32767
26699
20724
32767
26531
32767
32767
32767
32767
22712
18303
24073
32767
32767
32767
32767
5388
20131
25811
18182
32767
26165
18161
32767
5612
21801
32767
32767
25802
15629
28286
14826
13084
21181
32767
11291
31492
32767
32767
32767
32767
32767
28121
30706
9377
27062
20704
22058
32767
32767
32640
32767
32767
32767
32767
30279
23186
32767
32767
1377
32767
32767
22417
6456
20705
20304
-15357
16556
32767
29476
12302
26451
10708
32767
14885
35
11122
32767
28602
24049
24239
31476
32326
14787
12717
14246
-5799
30662
24678
32767
26836
32767
32767
32767
32767
32767
32767
20732
32767
32767
32767
26958
30241
11406
27175
31664
27209
29237
32767
16442
32088
29501
32767
27350
27791
32767
4146
16238
12558
32767
32767
32767
32176
23166
18140
16790
32767
32767
32767
32767
32767
32767
28535
29568
30466
30165
32767
32767
19686
32767
18583
31031
23285
32767
30353
32767
32767
32767
18078
12102
32767
32767
32767
32767
24164
9848
4565
1492
27901
32767
32767
32767
32767
32767
9861
30477
32767
32767
32767
32767
32767
32767
32767
32767
32767
32767
10771
32767
18169
24668
19103
4590
32767
31849
32767
32767
29667
5640
4834
12336
32767
32767
31508
32767
32767
32188
26848
32767
32767
32767
32767
32767
32767
32767
32767
32767
15599
21514
24622
32767
16933
23120
26151
32767
15798
23702
32767
32767
15115
-2018
21993
32767
32767
32767
32767
32767
29293
19788
13292
30323
32767
32767
32767
32767
32767
32767
32767
32767
29660
32767
32767
14353
30968
32767
29158
26696
19504
31083
32767
28609
12803
32767
32767
32767
19927
25052
27632
22061
21447
23801
32767
24947
29040
32767
32767
32767
32767
32767
14359
32767
32767
32767
11969
29706
30161
24583
21132
24603
32767
32767
32767
29044
26114
32767
32767
32767
17376
30709
32767
32767
21501
31518
26835
15624
20169
32767
32767
32767
16545
3239
23908
32767
32767
29099
32767
32767
10643
32767
27544
32767
32767
32767
32767
22011
32767
32767
32767
32767
17147
27247
32767
21547
21531
21766
26339
32767
32767
32767
32767
16276
9681
11625
27574
32767
32767
32767
32767
19713
7417
32592
15777
5444
32767
25330
30056
27983
20027
32767
32767
32767
32767
32767
32767
32767
32767
26355
19075
32767
32767
32767
28803
32516
32767
23010
30827
32767
32767
32767
32767
27985
21096
32767
32767
18450
32767
32767
28313
18404
10950
32767
11138
28558
23217
23038
32767
32767
18727
20794
17432
32350
29553
20130
15536
32767
13194
32767
27770
32767
32767
32767
19740
32767
15965
26037
32767
32767
32767
32767
2051
155
32767
32767
20798
31611
21544
32767
32767
32767
32582
32767
25707
26558
32767
17311
19385
32767
10295
32767
32767
32767
32767
32767
19472
28594
31913
1640
25772
32767
32767
28312
32767
20250
32767
14896
22571
32767
32767
32767
32767
32767
21718
30392
32767
32767
32767
30313
32767
9142
3934
15514
32767
32767
32767
32767
32767
32767
8385
19840
17525
32767
32767
27286
32767
32767
32767
14740
32767
32767
27496
32767
9540
32767
19788
16594
12753
30689
26985
32767
32767
18678
14500
17809
32767
30098
32767
21885
32767
29304
19219
29699
32767
20198
32767
32767
32767
32767
26625
32767
32767
31592
32767
25540
32767
32767
18409
21983
26006
26161
29882
32119
24596
15803
25006
22504
32767
32767
32767
21871
32767
32767
32767
12806
32767
15028
31781
32767
25267
32767
19143
27807
32767
32767
30155
24398
32767
32767
32767
31316
32767
31156
27492
32767
32767
32767
32767
32767
32767
32767
32767
32767
32767
32767
26980
32767
32767
32767
32767
32767
29556
17709
25792
32767
32767
25670
13556
32767
32767
32767
24654
32767
30350
32767
27889
32767
6944
32674
26573
26536
32767
21708
32767
32767
32767
32767
32767
32767
32767
32767
32767
32767
32767
28005
25861
32767
29396
32767
28980
32767
27847
18963
13673
16350
19946
20846
25689
17336
7692
15570
5241
19276
32767
32767
32767
32767
11436
22851
20733
19071
-3259
14374
32767
25401
27745
28629
32767
24498
32767
27358
2529
32767
21502
27823
18381
32767
8331
32767
29769
2574
4632
8244
19717
27702
32767
15173
9087
8267
32767
32767
26697
-11078
19909
32767
32767
32767
32767
32767
32767
32767
23137
24286
32767
32767
32767
22678
30846
32767
27368
21680
26980
14421
12628
14272
19706
14137
29180
-2200
32767
32767
32767
30728
12436
9539
32767
32767
32767
31680
32767
32767
32767
32767
32767
32767
22105
23320
17377
32767
32767
32767
18036
12932
32767
32767
11944
32767
31740
32767
16584
27655
32767
32767
27415
32767
-2678
23048
11505
10425
25912
22540
32767
32767
24871
30311
32767
29290
30651
32767
32767
32767
32767
32767
32767
32767
32767
4989
32767
31863
32767
32767
32767
32767
32767
32767
32767
32767
32487
32767
27424
32767
32767
32767
32767
25232
32767
32767
32767
32767
32767
32767
31398
32767
32767
21644
32767
9392
3318
3874
13971
32767
32767
27780
24318
32618
16423
24345
32767
18379
32767
27870
30873
32767
32767
32767
32767
28779
32767
25466
19576
32767
32767
31022
