104
57
38
130
193
45
200
152
180
192
173
137
45
155
92
145
39
168
39
253
226
44
27
110
132
122
145
107
70
9
119
174
17
171
21
242
76
45
42
199
134
34
86
210
57
84
154
104
144
156
173
189
230
41
119
5
164
14
99
152
192
51
130
96
117
80
201
26
123
121
220
80
247
250
103
163
255
122
194
101
249
50
212
253
24
33
77
38
201
242
144
28
238
10
198
94
162
207
177
33
101
222
207
137
202
164
155
6
77
200
1
240
119
147
173
90
64
8
173
122
123
248
6
69
14
61
187
40
214
67
18
73
11
104
25
227
181
106
25
46
202
66
128
98
153
85
148
206
190
200
60
189
70
209
81
17
63
126
178
153
2
175
219
179
207
217
32
31
242
53
150
32
139
49
21
186
28
32
69
176
124
165
42
223
74
24
2
68
77
195
235
69
111
66
175
78
86
122
58
74
33
226
26
30
217
255
146
39
214
28
14
101
208
13
153
53
154
127
71
13
216
226
7
26
207
24
159
168
132
85
40
100
12
167
70
140
121
234
169
47
252
193
93
146
193
236
235
249
79
1
126
236
75
199
61
62
98
244
43
240
149
63
242
231
47
78
68
132
237
146
91
37
15
21
83
53
77
89
208
151
17
200
155
118
222
101
195
155
188
208
102
23
178
199
50
243
31
172
79
22
215
92
249
245
107
132
70
36
138
166
117
255
157
142
34
153
188
223
176
167
214
225
170
210
232
164
124
113
55
172
59
177
27
28
54
58
80
210
60
41
16
23
233
231
87
255
196
167
74
65
250
132
244
165
245
139
51
58
161
157
101
117
196
165
119
93
206
252
22
113
199
152
121
51
161
247
56
178
203
18
71
51
11
180
154
6
164
86
165
218
194
223
175
183
33
251
23
70
65
97
97
44
121
35
254
79
62
224
129
25
37
127
164
218
119
129
128
205
207
79
7
111
117
233
152
86
43
153
232
35
185
215
169
154
68
185
157
225
109
114
112
95
253
253
51
114
58
248
254
49
4
106
90
106
145
60
235
210
37
8
50
160
236
13
226
43
54
228
38
15
191
122
130
57
114
192
157
31
206
71
132
144
203
102
194
49
191
218
50
240
130
77
162
10
143
144
169
245
231
89
93
183
61
9
224
60
188
103
18
249
231
218
17
112
74
104
166
174
108
108
19
144
208
116
78
212
59
121
18
208
169
206
136
209
45
225
110
120
209
121
127
3
3
125
182
189
18
228
42
82
215
204
139
182
98
129
39
10
71
164
72
213
38
255
232
75
75
125
78
4
175
64
252
134
14
82
100
27
240
125
177
33
89
235
216
245
83
187
75
166
214
65
163
58
31
59
170
95
210
193
103
226
83
59
17
236
73
159
124
22
196
49
198
8
174
175
63
224
27
160
0
58
161
177
5
177
228
30
65
92
149
152
124
22
231
191
46
101
64
86
174
112
214
147
210
189
70
128
237
185
165
34
116
229
102
52
5
92
139
181
190
53
28
15
155
146
135
106
177
35
193
177
135
73
147
4
125
157
202
174
58
156
116
59
171
96
201
94
128
198
223
29
56
111
125
184
158
118
232
226
37
166
185
170
50
247
145
183
174
38
157
154
85
114
40
137
199
211
9
125
150
224
70
128
140
235
56
191
75
106
28
138
148
45
190
85
96
230
212
69
110
227
242
234
37
161
118
54
118
213
31
76
117
254
68
93
135
36
63
107
157
55
42
173
21
98
103
12
182
23
228
193
128
136
3
152
27
87
211
47
143
35
183
176
240
113
73
254
37
84
18
225
21
187
50
34
88
53
2
72
147
216
121
101
114
12
17
8
235
19
18
32
129
192
92
209
45
88
187
39
19
197
205
128
206
77
4
240
226
6
59
62
153
80
26
22
173
21
91
113
239
234
57
4
230
174
175
184
216
209
182
187
115
219
142
206
35
47
124
255
65
75
150
136
169
227
19
223
31
186
39
18
166
120
107
213
12
78
20
109
21
0
113
215
177
140
146
97
68
128
156
173
211
231
57
57
233
151
159
67
170
43
246
95
82
209
236
186
160
137
21
242
56
167
208
66
233
66
52
190
191
164
209
235
138
176
130
145
235
48
239
143
126
15
54
85
175
142
118
175
76
149
203
61
252
27
178
162
38
234
191
70
219
179
126
64
143
129
89
123
242
39
41
153
203
31
35
22
62
224
180
39
104
46
10
117
208
111
154
156
22
23
146
171
90
41
160
3
67
215
63
232
54
173
235
246
214
122
42
248
121
230
84
129
92
195
142
236
152
244
127
16
64
106
195
33
91
167
94
157
2
158
184
241
