0
0
0
0
0
0
0
0
0
0
0
12455
0
0
0
0
0
0
0
0
0
0
0
0
0
0
0
0
0
3754
0
0
0
0
0
0
0
0
0
0
0
0
0
0
0
0
0
0
8038
0
15087
0
0
113
0
0
0
0
0
0
0
0
0
0
0
0
0
0
0
0
0
0
0
0
0
0
0
0
0
0
0
0
0
0
0
0
0
0
0
6052
5829
0
0
0
0
1011
0
0
0
0
0
0
4504
0
0
0
0
0
0
0
0
0
0
0
0
0
0
0
0
0
0
0
0
0
0
11680
0
0
0
0
0
0
0
0
0
0
0
0
0
0
0
0
0
0
0
0
0
0
0
0
0
0
0
0
0
0
0
0
0
0
0
0
0
0
0
0
0
0
0
0
0
0
0
0
0
0
0
19324
0
0
0
0
0
0
0
0
0
0
0
0
0
0
0
0
0
0
0
0
0
0
6624
0
0
0
0
0
0
0
0
0
0
0
0
0
0
0
0
0
0
0
0
0
0
0
0
14787
0
0
0
0
0
0
0
0
0
0
0
0
0
0
0
0
0
0
0
0
0
0
0
0
0
0
0
0
0
0
0
6944
0
0
0
0
0
0
0
0
8948
0
0
0
313
0
0
0
0
0
0
0
0
0
0
0
0
0
0
0
0
7389
0
0
0
0
0
0
0
0
0
0
0
0
0
0
0
0
0
0
0
0
21591
0
0
0
0
0
0
0
13468
0
0
0
0
0
0
0
0
0
0
0
0
0
0
0
0
0
0
0
0
5104
0
0
0
0
18920
0
0
0
0
0
0
0
0
6146
0
0
0
5918
0
0
0
0
0
0
0
0
0
0
0
0
0
0
0
0
995
0
0
0
0
0
0
15554
0
0
0
0
0
0
4716
0
12583
0
0
0
0
0
0
0
0
0
0
0
0
0
5207
0
0
0
0
0
0
0
0
0
0
0
2138
0
0
0
0
0
0
0
0
0
0
0
0
0
0
0
0
0
0
0
0
0
0
0
0
0
0
0
0
0
0
0
0
0
0
0
0
0
0
0
0
0
0
0
0
0
0
0
0
0
0
0
0
0
0
0
0
0
0
0
28045
0
0
0
0
0
0
0
0
0
0
0
0
0
0
0
0
0
0
0
0
0
0
0
0
0
0
0
0
0
0
0
0
0
0
0
19009
7863
0
0
0
0
0
0
0
2130
0
0
0
0
1362
0
0
0
0
0
0
0
0
0
1600
0
0
0
0
0
5354
0
0
11661
0
0
0
0
0
0
0
0
0
0
0
0
0
0
0
0
0
0
0
0
0
0
0
0
13451
0
0
0
0
0
0
0
0
0
3763
0
0
0
0
0
0
0
0
997
0
0
0
0
0
11479
0
0
0
0
0
0
0
0
0
0
0
0
0
0
0
0
0
0
0
0
0
18023
0
0
0
0
0
0
0
0
0
0
0
0
0
7679
0
0
0
0
0
0
0
0
0
0
0
0
0
0
0
0
0
0
0
0
1619
0
0
0
0
0
0
64
0
0
0
0
0
0
0
0
0
0
0
0
0
0
0
0
0
0
0
0
0
0
0
0
0
0
0
0
128
0
0
0
0
0
0
0
0
0
0
0
0
0
4500
11861
0
0
0
0
0
0
0
0
0
0
0
3545
358
0
0
0
0
0
0
0
0
0
0
0
0
0
0
0
0
0
0
0
0
0
0
0
0
0
0
0
0
0
0
0
0
0
0
0
4061
0
0
13225
0
0
0
0
0
0
0
0
0
0
0
0
0
0
0
0
0
0
5137
0
0
0
0
0
0
0
0
0
0
0
0
0
0
0
0
0
0
0
0
0
0
2072
0
1261
0
0
0
0
0
9308
0
0
0
0
0
0
0
0
0
0
0
0
0
0
0
0
0
0
0
0
670
0
1111
0
12896
0
8503
0
0
0
0
0
0
0
0
0
0
0
0
0
0
0
0
11277
0
0
0
0
0
0
0
0
0
0
0
0
0
0
0
0
0
0
0
0
0
0
0
0
0
0
0
0
0
0
0
0
0
0
0
0
11412
0
0
0
0
0
0
0
0
0
0
0
0
0
0
0
