181
60
41
76
14
192
68
141
171
8
187
145
250
67
64
9
63
107
194
255
197
77
157
56
129
169
247
34
212
98
124
98
165
198
192
145
134
141
151
116
184
65
42
169
255
36
29
242
41
144
213
132
237
217
58
195
142
150
195
6
138
47
20
18
54
38
255
225
255
127
55
11
252
174
236
248
61
16
204
172
70
144
103
94
7
128
154
99
81
11
61
232
166
244
78
62
144
25
209
169
122
226
225
97
184
10
177
20
114
185
104
246
42
240
47
131
25
3
22
228
142
121
125
248
228
84
228
11
83
183
52
72
187
160
166
59
230
48
151
220
86
137
96
180
165
113
206
147
166
157
160
145
185
35
93
160
251
32
86
124
215
46
35
53
222
35
59
72
74
112
104
201
184
14
24
21
169
159
150
12
18
223
135
67
128
242
158
188
211
150
204
85
204
1
1
109
243
90
29
8
100
205
179
177
45
165
185
145
142
83
151
103
151
201
183
90
116
89
182
60
74
3
155
191
153
207
15
36
15
169
137
185
70
166
21
29
160
155
81
224
194
135
23
108
92
247
57
123
11
89
94
158
8
63
171
197
14
161
121
37
49
141
143
180
16
185
153
24
192
208
39
55
212
99
198
88
169
75
87
181
248
176
123
144
231
75
186
167
121
173
167
163
120
193
144
144
226
25
145
176
203
157
219
166
115
30
250
33
129
10
145
92
151
129
52
107
62
248
80
74
9
64
119
130
192
229
202
195
244
151
169
239
104
128
195
227
236
38
202
39
100
254
149
72
67
146
170
69
11
223
236
141
29
121
5
207
236
224
101
163
23
145
92
2
211
246
127
141
16
182
27
86
20
250
181
246
18
206
221
235
51
222
151
122
120
32
62
226
157
108
98
42
184
9
40
103
48
177
31
241
119
29
127
198
135
24
91
101
11
44
168
45
248
210
241
164
68
50
145
41
9
114
112
130
8
141
46
170
109
227
4
237
117
226
205
35
181
17
126
69
234
108
68
170
29
237
125
53
243
20
18
172
172
220
52
234
175
245
190
186
85
79
49
247
70
109
69
123
213
17
213
173
189
238
58
135
27
135
42
85
31
225
75
209
87
241
139
192
193
34
243
217
244
10
76
199
30
234
93
116
145
112
116
231
237
102
49
237
104
209
40
61
74
58
226
120
44
110
179
108
179
130
155
89
213
183
216
102
213
199
31
220
146
156
187
42
43
201
30
140
74
116
20
141
244
227
138
111
139
158
132
78
250
181
185
201
90
227
197
39
208
227
246
143
117
172
244
102
218
69
0
123
199
30
219
161
49
92
38
101
243
244
228
85
44
157
173
52
112
143
29
225
88
49
131
90
45
193
200
56
11
120
22
228
245
226
203
136
48
155
0
16
180
44
199
167
177
90
132
6
77
149
167
242
54
243
147
238
251
164
55
187
172
2
241
182
63
241
119
193
14
35
22
21
43
68
154
84
72
143
88
165
116
78
103
208
146
0
164
183
199
223
112
118
151
18
153
168
224
122
66
113
186
71
155
85
66
134
77
161
247
65
62
71
96
195
41
27
217
23
91
78
206
195
147
198
102
29
69
207
131
28
157
72
153
44
151
30
131
55
251
241
63
23
12
222
170
203
46
115
151
49
112
161
102
12
67
163
62
32
250
80
90
122
41
21
103
157
106
248
218
185
203
172
49
13
195
235
52
254
77
55
46
180
46
62
136
115
37
226
104
156
47
210
143
22
144
152
132
125
46
167
158
139
0
115
121
139
41
0
107
127
207
144
223
122
242
106
133
189
104
62
109
113
61
182
37
167
127
214
206
164
86
247
40
73
138
126
219
100
70
134
8
43
100
106
119
183
106
105
180
96
185
171
146
23
30
186
122
254
243
163
126
27
87
45
120
22
211
51
59
106
181
99
32
160
153
239
67
170
136
147
190
218
30
182
114
206
151
84
162
92
80
111
218
30
20
249
94
90
142
88
95
30
62
178
222
144
208
146
172
21
212
169
174
118
51
73
66
15
153
233
117
102
247
194
237
190
213
50
152
202
218
91
225
120
56
186
76
164
85
223
96
101
5
81
17
168
96
132
29
64
111
140
126
114
54
206
125
245
87
15
77
154
127
112
199
11
225
143
120
150
212
217
65
135
24
50
116
69
50
129
84
80
67
8
223
49
182
102
108
81
241
222
185
113
153
196
93
14
224
189
219
240
27
150
74
206
223
132
137
235
123
197
64
152
109
85
153
236
166
149
162
64
54
52
154
85
76
51
90
25
95
108
136
102
100
246
14
197
77
89
175
26
162
190
116
189
79
39
212
254
29
23
