-394
-3918
-3847
742
-1383
-85
-1702
-980
-1119
-352
-1338
-1663
-652
-3605
-2113
-425
-3483
-362
-420
561
-2722
529
-1570
-140
-328
-1072
-1851
-2109
-94
-3273
-953
-922
-1338
-1514
-1170
-1165
-3230
120
-1535
-1454
-945
-2326
-12
-3893
-228
-1962
-3979
-1003
-1822
222
-3263
-3023
955
-352
-1821
116
1062
-966
-190
-2495
-457
-3138
1125
-585
-2250
-726
-182
-2088
-1942
-388
-2257
-2057
-1467
-592
-3000
-1734
-210
-1652
-3572
-480
-1307
-348
-1358
-1002
-1467
-2390
-1670
-2433
3210
-2897
-622
-826
-392
-887
-2079
-64
-338
-2126
-767
-887
-890
-2593
-1032
-1923
-881
-1439
-1161
-64
-2613
-2400
-1855
-1768
-239
572
36
-4347
-1548
-1872
148
-2677
-1698
-2239
227
-830
-3453
-403
-774
-30
-1583
-560
-2112
-1650
-3618
245
-2575
-1373
-2600
-1331
-274
-2040
-2950
-1137
-2104
-3218
-2081
-1001
-1862
-2594
92
-2493
-2167
-777
-1900
-1938
-1362
-2473
-2943
-2406
-239
934
-1330
-3032
-1547
-3241
-1503
-136
-166
-1939
-3063
-1809
621
-1203
-3676
-151
-2316
-3023
-2867
-419
-1519
-3930
-1009
-3441
-764
252
-1748
-3207
-836
-4169
-2865
-478
-916
205
-1770
-2137
-1569
-975
-1843
1498
-522
-3243
-1610
922
-2139
-601
-827
-1826
-790
278
-3008
-2253
-1523
-2461
-503
-2846
-2586
-797
441
-310
-1290
-2180
-1834
-636
-1435
-685
439
-1856
-1381
-1912
-2581
-991
-943
-571
-1333
-2369
-1681
-2731
-2489
123
-1721
-1419
-1582
-1259
-738
-1161
-2414
-3233
216
-3139
2012
-264
-3350
360
-2661
-2364
-373
640
-955
-2477
-2220
-74
-4257
-1397
-569
-2592
472
-3417
-2136
-2403
-3340
-1985
619
1438
-2754
1056
-2380
-1181
-63
-1688
-1749
-44
280
-3374
-2574
-2522
-1676
639
-4360
-1365
-807
-2677
238
-2459
-2834
-3911
-481
-863
-2002
-1919
-885
-1353
-2205
-1153
-761
214
-3228
-245
666
-1345
540
-978
-2618
-1748
-569
-3107
-2344
-966
-164
-888
-2951
-450
-716
-499
-868
-3319
-674
-1849
-3429
-2411
-420
-1281
350
-2913
-675
-644
-1657
-297
-1531
-1572
-794
1262
-2053
-3602
-1313
-910
-2368
-900
-1975
-1532
-721
-1104
592
-1487
303
-1898
-2662
-1210
-2271
-981
-2050
-3323
-1171
-21
-1816
-872
-748
-207
-1050
-2944
-608
-1875
-1025
-1330
41
-1881
-3604
-1818
-896
-2505
-1542
855
-1910
1261
-1572
-3125
-1540
-388
-2824
-1560
-1973
887
78
-3711
-339
599
243
-521
-2815
-3357
-1454
-1913
-535
-1855
-1821
-2086
-143
-1968
-1676
-4456
-704
-1225
-1380
21
-1823
-811
-1116
-2607
313
-4205
-1697
-1059
-3082
-1391
-1798
-1570
-2952
-339
-658
-2066
-1328
-3927
66
-294
-505
-629
-3155
-4262
-281
151
110
-1697
-3634
-225
-1202
-6
-1211
-1802
-797
-1317
-99
-2796
881
-3547
-2914
-753
-3054
-3029
-1840
410
-2578
-4097
-1199
-51
570
-1696
-26
-2069
-1366
-4440
-665
-631
-1040
-1716
-812
-2142
-448
-1604
-1624
-2471
-225
-689
511
-704
-2997
-281
-1112
-1824
-2136
-3227
296
-696
-2266
-1304
-2087
-1322
-1020
-1217
-1136
-3369
-163
-1027
-3249
756
-1651
-901
-145
-4047
-898
-1387
-2076
-384
-2062
-1985
-673
-2508
-3025
-1322
-214
-1629
-2441
-3268
-1115
582
-427
-2575
-3257
-522
-2066
-1996
-799
-1767
-2262
-1531
-657
1466
-861
-554
-1034
-3310
-1181
-1925
-1344
-350
-1501
-408
-1293
-3137
-930
-859
361
-3043
-2039
-1891
-2459
-3085
293
-1085
-3906
-889
-1035
-1921
-1351
-1575
-2488
-551
290
-1134
-3612
950
-790
-2328
-174
-3188
-2106
607
-3670
-1403
-606
-2189
-462
-93
29
-1831
-128
-2295
-3111
-202
-149
-2307
-1254
-2239
-883
-1623
-2236
-2043
594
-1580
-2438
-218
-2607
-536
-1463
-884
747
-2648
-1102
-2060
-3450
716
-2544
-828
-2128
-3378
273
300
822
-2200
-1836
-2365
1483
-1347
-1677
-1045
-757
-2883
-2431
-2295
-1642
231
-2290
-863
-2417
-2213
6
-1756
130
-1117
-1028
-1829
-2015
-2318
-920
-247
-134
-2398
-3242
-865
-937
-1977
-848
-792
438
-2689
-685
-1321
-3309
-2001
-456
-1615
-3298
-97
1072
479
-2505
-3511
901
-3584
-356
1786
-4399
-737
-2682
-3369
1396
52
-1745
-2514
-900
-3983
-194
-3050
-1710
-2144
-309
725
-1157
-1623
-1524
-2422
-3151
-498
-3120
-2167
286
-1154
-1092
-4283
-923
-870
-2543
375
-426
-3297
-3668
234
-1999
-1100
-1494
-2612
425
-2695
-2895
-2589
283
-1162
-969
888
248
-1797
-1776
-1488
-945
-1392
-838
-2697
188
-1225
-1473
-287
-709
-1087
-784
-427
-3270
269
-2408
-124
-1309
-2467
1709
-2249
-2648
-1741
1258
-1751
-3137
-711
-1580
-1695
-1916
-1724
-2051
-2043
235
-1640
-685
-3794
-1175
-1434
-114
-1986
-1520
-273
-1727
-1045
-3645
-451
-1874
-2628
1455
-3409
-1232
-1597
-2252
-565
621
-972
-4055
-896
-1596
-2826
42
-1592
-1491
354
-1161
-2487
-1265
-3660
-1186
-2131
-1206
-1745
-2246
475
-2756
-2013
-2626
-2420
-2567
-2038
582
-2113
-3466
-2458
-944
264
-2908
-91
-2824
-2406
730
-3812
100
-1581
-589
-2102
-1594
-1444
-1329
-114
-3408
-2769
-2994
304
254
334
-1068
-3453
-1469
-1560
-1172
-1400
-1837
-1239
-61
-920
-2473
-2452
-362
-1428
102
-963
-1370
-2089
797
-2408
-882
-2071
-2134
-1668
377
-1074
-3989
-126
-2564
-1348
321
-3366
-1553
-2529
-775
-1396
-1819
-1803
-953
1269
-1210
-3840
0
-3972
-2346
-2082
-661
-466
-2459
-319
-810
-2577
-568
-1422
-3374
-788
-2719
953
-551
-1641
-1524
-2385
-893
-4925
-44
-2482
-1207
-3333
-933
-1466
343
-843
-1408
-5252
