0
0
0
742
0
0
0
0
0
0
0
0
0
0
0
0
0
0
0
561
0
529
0
0
0
0
0
0
0
0
0
0
0
0
0
0
0
120
0
0
0
0
0
0
0
0
0
0
0
222
0
0
955
0
0
116
1062
0
0
0
0
0
1125
0
0
0
0
0
0
0
0
0
0
0
0
0
0
0
0
0
0
0
0
0
0
0
0
0
3210
0
0
0
0
0
0
0
0
0
0
0
0
0
0
0
0
0
0
0
0
0
0
0
0
572
36
0
0
0
148
0
0
0
227
0
0
0
0
0
0
0
0
0
0
245
0
0
0
0
0
0
0
0
0
0
0
0
0
0
92
0
0
0
0
0
0
0
0
0
0
934
0
0
0
0
0
0
0
0
0
0
621
0
0
0
0
0
0
0
0
0
0
0
0
252
0
0
0
0
0
0
0
205
0
0
0
0
0
1498
0
0
0
922
0
0
0
0
0
278
0
0
0
0
0
0
0
0
441
0
0
0
0
0
0
0
439
0
0
0
0
0
0
0
0
0
0
0
0
123
0
0
0
0
0
0
0
0
216
0
2012
0
0
360
0
0
0
640
0
0
0
0
0
0
0
0
472
0
0
0
0
0
619
1438
0
1056
0
0
0
0
0
0
280
0
0
0
0
639
0
0
0
0
238
0
0
0
0
0
0
0
0
0
0
0
0
214
0
0
666
0
540
0
0
0
0
0
0
0
0
0
0
0
0
0
0
0
0
0
0
0
0
0
350
0
0
0
0
0
0
0
0
1262
0
0
0
0
0
0
0
0
0
0
592
0
303
0
0
0
0
0
0
0
0
0
0
0
0
0
0
0
0
0
0
0
41
0
0
0
0
0
0
855
0
1261
0
0
0
0
0
0
0
887
78
0
0
599
243
0
0
0
0
0
0
0
0
0
0
0
0
0
0
0
0
21
0
0
0
0
313
0
0
0
0
0
0
0
0
0
0
0
0
0
66
0
0
0
0
0
0
151
110
0
0
0
0
0
0
0
0
0
0
0
881
0
0
0
0
0
0
410
0
0
0
0
570
0
0
0
0
0
0
0
0
0
0
0
0
0
0
0
0
0
511
0
0
0
0
0
0
0
296
0
0
0
0
0
0
0
0
0
0
0
0
756
0
0
0
0
0
0
0
0
0
0
0
0
0
0
0
0
0
0
0
582
0
0
0
0
0
0
0
0
0
0
0
1466
0
0
0
0
0
0
0
0
0
0
0
0
0
0
361
0
0
0
0
0
293
0
0
0
0
0
0
0
0
0
290
0
0
950
0
0
0
0
0
607
0
0
0
0
0
0
29
0
0
0
0
0
0
0
0
0
0
0
0
0
594
0
0
0
0
0
0
0
747
0
0
0
0
716
0
0
0
0
273
300
822
0
0
0
1483
0
0
0
0
0
0
0
0
231
0
0
0
0
6
0
130
0
0
0
0
0
0
0
0
0
0
0
0
0
0
0
438
0
0
0
0
0
0
0
0
0
1072
479
0
0
901
0
0
1786
0
0
0
0
1396
52
0
0
0
0
0
0
0
0
0
725
0
0
0
0
0
0
0
0
286
0
0
0
0
0
0
375
0
0
0
234
0
0
0
0
425
0
0
0
283
0
0
888
248
0
0
0
0
0
0
0
188
0
0
0
0
0
0
0
0
269
0
0
0
0
1709
0
0
0
1258
0
0
0
0
0
0
0
0
0
235
0
0
0
0
0
0
0
0
0
0
0
0
0
0
0
1455
0
0
0
0
0
621
0
0
0
0
0
42
0
0
354
0
0
0
0
0
0
0
0
0
475
0
0
0
0
0
0
582
0
0
0
0
264
0
0
0
0
730
0
100
0
0
0
0
0
0
0
0
0
0
304
254
334
0
0
0
0
0
0
0
0
0
0
0
0
0
0
102
0
0
0
797
0
0
0
0
0
377
0
0
0
0
0
321
0
0
0
0
0
0
0
0
1269
0
0
0
0
0
0
0
0
0
0
0
0
0
0
0
0
0
953
0
0
0
0
0
0
0
0
0
0
0
0
343
0
0
0
