27
23
234
238
65
139
83
17
130
172
138
57
24
44
68
159
0
252
222
146
5
190
86
141
123
126
249
167
93
103
204
37
104
140
246
189
3
125
65
219
9
140
123
145
116
87
225
24
103
150
67
72
77
125
171
137
91
199
177
231
118
147
238
230
149
92
200
223
87
81
149
93
1
135
43
142
131
114
217
121
230
167
34
126
37
234
0
13
81
31
3
92
242
44
248
231
95
127
93
1
186
88
123
93
254
35
215
98
252
66
237
217
85
191
189
166
92
141
230
46
54
74
114
48
44
8
252
131
118
32
173
14
104
239
0
160
102
162
22
221
78
233
7
193
147
85
174
218
111
98
38
6
31
198
248
72
174
1
139
63
83
147
22
73
111
126
1
36
115
126
80
84
240
95
129
157
151
103
53
149
236
123
74
192
130
33
216
216
98
11
120
4
159
143
122
175
26
136
216
91
88
71
90
217
183
233
174
137
85
235
171
111
182
185
230
223
158
234
155
197
45
158
148
0
154
116
210
6
158
246
245
194
212
52
26
82
189
179
248
62
128
25
44
252
201
26
68
208
40
207
153
180
137
243
182
208
245
165
244
78
223
76
186
94
244
243
90
166
5
172
91
155
79
67
93
119
50
140
30
107
204
27
242
15
80
154
230
38
183
211
22
217
72
251
80
66
64
1
207
34
32
170
63
21
45
204
245
74
197
199
31
132
231
165
207
227
119
239
17
192
155
22
149
159
66
245
205
18
213
1
19
187
232
107
250
26
114
211
22
223
74
165
243
126
189
8
169
238
251
112
245
38
240
6
15
33
57
160
12
76
30
135
21
160
191
220
175
193
5
158
233
148
220
56
244
193
211
174
192
224
141
19
139
11
64
225
90
124
150
146
82
45
97
17
97
229
208
69
162
236
100
78
105
184
0
75
3
65
233
184
41
228
78
232
27
3
115
8
222
97
22
4
21
115
160
57
79
87
187
118
240
137
118
75
230
10
55
34
36
183
226
120
219
162
223
172
122
241
44
165
91
18
14
95
167
209
211
73
148
115
123
163
23
215
238
249
118
58
20
154
21
190
75
227
101
124
247
6
88
60
252
36
119
119
75
75
29
179
153
200
217
7
142
87
249
188
227
2
208
167
224
110
74
27
117
114
157
101
213
190
207
84
175
188
248
209
117
217
140
58
202
250
178
55
10
109
128
123
241
130
152
17
19
176
61
58
131
14
223
150
54
127
72
105
31
17
225
180
95
248
210
207
67
107
244
224
11
25
32
131
100
208
240
51
193
175
131
196
76
167
185
29
219
50
67
62
165
170
61
205
214
38
175
85
209
90
144
83
37
143
253
156
98
254
162
131
97
167
10
42
19
106
82
251
156
91
104
1
107
70
108
170
101
250
195
83
182
181
253
87
160
147
169
123
172
107
77
143
122
127
177
77
16
9
158
191
56
213
121
50
42
133
212
9
76
255
53
188
41
47
79
191
239
162
236
72
50
217
245
136
212
127
179
136
57
8
199
168
46
75
99
65
34
123
121
135
185
151
239
76
86
109
71
195
66
0
12
241
156
137
132
33
174
71
69
175
189
95
94
93
42
217
106
199
184
148
53
47
194
8
177
225
34
207
177
41
235
38
181
24
138
20
153
19
21
159
186
145
232
244
114
149
189
197
77
94
19
10
166
151
56
37
196
14
191
255
104
134
7
32
93
222
116
179
178
97
138
70
238
28
94
245
183
58
177
108
32
55
197
104
48
100
205
182
170
114
25
200
6
235
240
123
3
199
166
147
245
73
232
218
111
22
10
96
63
149
200
255
133
235
143
205
167
86
204
12
251
124
77
115
199
83
255
210
38
165
123
156
168
6
252
245
35
41
170
49
3
97
141
73
201
65
177
150
47
82
63
109
127
58
93
5
153
8
0
215
62
138
9
154
54
38
221
51
172
53
89
150
165
224
82
247
224
138
231
26
255
53
96
233
174
243
153
94
76
177
132
176
205
227
176
142
233
138
95
143
253
234
72
17
95
217
101
246
72
144
71
95
146
39
109
7
242
59
223
116
182
216
173
126
26
112
180
193
250
179
98
160
90
248
99
119
94
192
192
34
255
121
33
88
154
168
73
120
198
181
183
196
24
188
230
215
3
71
2
100
241
70
212
25
162
122
199
14
50
177
201
34
239
69
44
35
75
80
160
61
45
171
86
90
213
60
60
240
28
168
190
139
196
255
254
58
214
122
164
50
3
70
235
200
240
19
137
246
231
185
38
146
119
45
220
185
167
142
231
226
78
42
129
44
185
178
197
166
138
98
211
127
195
78
60
196
237
21
