7
7
8
10
15
50
111
145
148
147
134
92
42
14
7
7
7
7
6
6
5
6
6
6
6
6
6
6
8
25
7
7
8
10
12
40
99
143
152
142
107
54
17
7
7
7
6
6
6
5
5
6
6
6
6
6
6
7
8
25
7
7
8
9
12
31
83
136
149
120
67
24
8
6
6
6
6
6
6
5
5
5
6
6
6
6
6
7
7
21
6
7
7
8
10
21
65
123
128
79
31
10
6
6
6
6
6
6
5
5
5
5
5
5
6
6
6
6
7
15
6
6
7
7
9
14
46
92
84
38
12
6
5
6
6
5
5
5
5
5
5
5
5
5
5
6
6
6
7
11
6
6
6
7
8
11
26
46
36
14
6
5
5
6
6
5
5
5
5
5
5
6
6
6
6
6
6
6
7
8
5
6
6
6
7
9
12
14
10
6
5
5
5
5
5
5
5
5
5
5
6
6
7
8
8
7
6
6
7
8
5
5
5
6
7
7
7
6
5
5
5
5
5
5
5
5
5
5
5
6
7
8
10
11
11
8
6
6
6
7
5
5
5
6
6
6
5
5
5
5
5
5
5
5
5
5
5
5
6
7
9
12
13
13
11
8
6
6
6
7
4
4
5
6
5
5
5
5
5
5
5
5
5
5
5
5
5
5
7
10
12
14
15
15
11
8
6
6
6
7
4
5
5
5
5
5
5
5
5
5
5
5
6
5
5
5
5
6
8
11
13
14
15
15
11
8
6
6
6
6
5
6
6
5
5
5
5
5
5
5
5
5
6
5
5
5
5
6
9
11
12
12
14
14
11
7
6
6
6
6
6
6
5
5
5
5
5
5
5
5
5
5
5
5
5
5
5
6
8
10
11
12
13
13
10
7
6
6
6
6
6
5
5
4
5
5
5
5
5
5
5
5
5
5
5
5
6
6
8
9
10
11
12
12
10
7
6
6
6
6
5
5
5
5
5
5
4
4
4
4
5
5
5
5
6
7
7
6
7
8
10
11
11
10
8
6
6
6
6
7
5
5
5
5
5
5
4
4
4
4
5
5
6
7
9
11
9
6
6
7
8
10
10
9
7
6
6
6
7
7
5
4
4
4
4
4
4
4
4
5
5
6
8
10
13
14
10
6
5
6
7
8
9
8
6
6
6
6
7
7
5
5
5
5
4
4
4
5
5
6
7
9
12
15
16
15
10
6
5
6
6
7
7
7
6
6
6
6
6
7
5
5
5
5
5
4
4
4
5
7
11
14
16
18
18
15
10
6
5
5
6
6
6
6
6
6
6
6
6
7
5
5
5
5
5
4
4
4
5
9
14
17
18
19
19
16
11
6
5
5
5
6
6
5
5
6
6
6
6
7
5
5
5
5
5
5
4
4
6
11
15
18
20
20
20
17
12
7
5
5
5
6
6
5
5
6
6
6
6
6
6
5
5
5
5
5
4
5
8
12
17
19
20
20
20
17
12
7
5
5
5
6
6
6
6
6
6
6
6
6
9
7
6
5
5
5
5
6
9
14
18
20
20
20
19
17
12
7
5
5
5
6
6
6
6
6
6
6
6
6
15
11
7
5
4
5
5
6
9
14
18
20
21
20
20
18
13
8
5
5
5
6
6
6
6
6
6
6
6
6
19
15
10
6
5
5
5
6
10
15
18
21
22
21
21
19
13
8
5
5
5
6
6
6
6
5
6
6
6
6
20
18
12
7
5
5
5
7
12
16
19
21
22
23
22
19
13
8
5
5
5
5
5
6
6
5
6
6
6
6
21
19
14
8
5
5
5
8
13
17
19
21
22
22
21
18
13
8
5
5
5
5
5
6
6
6
6
6
7
6
21
19
14
8
5
5
5
8
14
18
19
20
21
21
20
17
12
7
5
5
5
5
6
6
6
6
6
6
7
6
20
18
13
8
5
5
5
9
15
18
19
20
20
20
19
16
10
6
5
5
5
5
6
6
6
6
6
6
6
6
20
17
12
7
5
5
6
9
15
18
20
20
20
20
19
14
9
5
5
5
5
6
6
6
6
6
6
6
6
6
