14
-19
-5
-1
19
14
-33
20
-12
-23
13
-8
17
415
310
-453
-327
17
-15
3
17
-11
-19
-2
3
-1
-1
9
-5
21
23
5
-26
-29
7
40
-24
-2
39
11
-30
-23
1
579
459
-611
-490
10
40
-6
-24
-9
14
53
7
-40
1
-17
-29
70
198
73
-68
-152
-160
-88
-9
104
208
143
-20
-129
-216
480
508
-623
-520
140
217
-85
-236
27
247
244
46
-89
-59
-238
-199
209
360
12
-66
-38
-271
-431
-35
430
349
66
-14
-136
-401
266
447
-645
-375
450
274
-335
-382
243
491
159
-48
58
50
-495
-522
354
250
-60
56
376
-82
-686
-19
640
87
-338
-74
60
-239
236
419
-561
-137
539
-70
-581
-110
595
271
-353
-202
296
406
-450
-710
396
257
74
92
464
34
-752
105
541
-407
-537
-70
138
-54
376
593
-198
-78
33
-478
-417
304
699
-190
-645
-153
332
656
-278
-728
376
320
-35
-70
324
60
-726
216
415
-689
-438
-1
36
-16
473
746
145
-131
-516
-650
-117
455
603
-383
-630
-48
281
709
-229
-726
390
-57
-493
-137
487
295
-640
201
459
-702
-460
-1
19
8
488
715
42
-59
-268
-667
-309
382
687
-287
-687
-84
331
693
-265
-719
400
-373
-647
17
640
354
-679
26
645
-415
-584
-45
126
-62
368
569
-355
-69
417
-307
-617
19
702
141
-529
-176
331
494
-426
-724
372
-62
-371
52
418
103
-737
-217
655
107
-330
-16
76
-315
123
455
-507
-297
572
274
-404
-446
320
538
-19
-191
130
294
-514
-725
281
299
-24
-90
59
-42
-481
-270
326
356
100
30
-75
-419
-50
326
-280
-348
225
401
-21
-435
-28
355
191
-83
115
403
-407
-695
98
202
102
-115
-59
-12
-128
-106
44
175
125
-1
-43
-178
-63
117
-46
-128
13
128
42
-89
95
177
28
31
314
294
-463
-561
-10
22
33
-39
-5
17
-4
-18
-14
31
-8
-21
30
-10
-13
18
-7
3
20
-21
-30
62
332
402
39
4
160
-195
-526
-275
-1
-2
-4
5
-3
5
1
-17
-15
32
-25
-25
28
-1
33
-6
-34
22
7
-14
-14
19
242
399
139
-63
-117
-316
-273
-45
-3
1
10
20
-23
-15
8
5
-12
15
-6
-36
-3
31
37
-32
-24
31
-20
-18
18
-8
35
117
70
-43
-82
-90
-18
8
-21
5
33
-1
-26
-7
11
2
-1
-11
16
-9
-29
34
6
-9
-8
7
-10
-13
17
-14
-18
-1
4
-3
-13
-8
41
16
-17
0
15
-15
-11
4
5
-1
1
-15
29
-1
-31
9
6
16
-8
-4
-11
5
18
-20
-16
0
11
5
-37
-18
36
16
-16
-23
-22
4
13
13
-10
-12
4
10
28
-20
-21
-8
-4
26
9
-9
-12
9
21
7
-36
-19
5
-2
-11
-8
30
-7
-41
-38
0
25
9
5
-32
-14
34
18
-6
-10
-2
-23
-24
31
34
-39
-25
24
21
28
-14
-29
-7
-23
8
11
7
-9
-7
-24
2
12
-10
19
6
-18
-5
-3
1
37
-21
-18
41
-2
-13
-40
-7
65
10
-50
-1
-2
-18
-13
56
72
-23
-72
-23
126
-138
-197
57
242
131
-30
-206
-212
11
231
87
11
117
-5
-176
-60
159
133
-25
-274
-218
-26
7
185
284
117
-16
-181
-298
177
-337
-371
294
361
10
55
-138
-484
-191
523
371
-94
-15
101
-78
-118
69
65
83
-259
-549
-242
164
483
268
-96
68
45
-437
-62
-280
-40
470
-35
-343
151
370
-317
-487
591
436
-399
-296
230
427
-117
-439
-149
362
198
-622
-470
429
569
-197
-395
155
461
-171
-162
-22
468
489
-360
-364
122
539
-60
-626
456
276
-658
-406
309
766
-120
-757
-222
528
571
-537
-529
626
540
-391
-335
130
410
-48
-87
126
707
466
-354
-155
39
188
-109
-521
448
216
-740
-343
310
771
-140
-764
-173
511
632
-495
-507
708
518
-377
-236
64
86
-163
-96
140
759
363
-503
-210
5
-13
-105
-222
591
237
-729
-300
276
732
-127
-754
-164
479
613
-458
-507
672
484
-500
-445
3
71
-108
-104
53
652
439
-484
-432
-36
146
-18
-156
608
244
-714
-331
296
758
-121
-795
-186
497
618
-412
-572
431
588
-196
-519
-83
204
-57
-67
-37
357
600
14
-295
-62
193
-134
-377
442
250
-650
-379
286
719
-105
-732
-181
442
540
-331
-551
100
569
326
-173
-53
94
-225
-18
-28
54
397
356
110
-19
-51
-280
-380
256
213
-412
-287
158
460
-60
-442
-110
235
302
-190
-316
-51
253
337
113
36
-87
-260
13
23
-34
78
201
170
4
-144
-149
-133
83
84
-111
-68
16
129
-24
-125
-20
30
63
-46
-60
-30
14
90
77
29
-80
-83
