218
214
218
221
219
217
216
218
210
230
217
225
220
225
91
123
233
219
220
230
226
224
229
226
225
227
229
229
223
232
218
227
234
230
225
216
214
233
215
221
222
232
219
216
67
107
223
233
233
231
226
221
228
233
237
238
234
227
228
230
226
197
189
210
235
235
220
224
226
197
194
210
220
241
74
102
231
244
214
197
228
247
230
207
163
189
205
208
240
228
58
32
43
71
112
195
241
209
124
67
38
50
118
220
82
99
235
209
119
88
183
234
150
55
31
40
39
72
213
228
138
161
193
136
47
134
235
152
33
114
171
149
121
179
73
113
255
126
54
141
247
181
68
88
214
184
98
51
210
241
222
190
187
145
34
107
215
76
96
207
244
228
204
237
100
71
144
72
123
233
254
117
50
211
230
236
158
64
210
238
93
44
34
67
22
111
224
50
123
233
226
226
218
232
98
37
26
100
236
241
198
129
86
224
225
231
153
52
215
242
34
145
222
214
75
104
216
41
122
233
206
227
226
222
97
32
52
36
169
243
231
128
56
227
228
236
163
57
216
229
79
235
255
211
74
92
230
78
60
213
249
233
198
229
88
89
208
77
32
189
255
149
30
143
234
202
105
46
202
231
36
133
143
95
12
89
238
154
27
107
149
118
105
193
86
94
246
183
64
59
173
235
96
7
45
56
37
53
216
235
81
50
62
98
87
126
216
227
153
79
50
53
113
222
138
105
205
236
173
98
136
232
195
156
112
190
127
58
186
234
247
196
202
228
224
220
221
223
232
210
216
221
209
227
228
234
214
231
235
230
221
221
208
246
234
212
97
76
207
237
222
221
229
224
219
224
224
223
221
222
231
227
225
224
225
210
232
213
209
225
232
198
104
47
107
50
52
160
236
223
220
221
218
222
221
213
218
230
227
214
231
214
220
224
214
227
221
221
226
219
224
220
161
95
90
119
177
230
225
218
214
223
215
213
222
226
222
210
222
211
229
231
229
215
208
229
221
216
227
222
222
228
234
230
234
242
232
226
225
232
228
222
218
221
224
219
219
229
222
228
210
224
224
215
235
216
226
217
229
225
223
220
227
224
228
219
227
230
211
222
230
212
216
225
223
223
222
217
217
229
218
226
219
226
212
219
225
223
223
214
223
232
221
223
215
224
232
226
230
220
207
230
230
220
221
222
223
225
229
217
210
228
225
228
222
225
213
220
225
225
213
214
229
228
229
226
233
229
217
233
232
226
222
229
220
214
227
226
216
220
225
221
215
229
232
216
228
231
218
221
221
218
227
218
228
223
214
223
218
228
219
230
216
209
220
232
236
219
218
221
225
218
232
225
225
223
208
237
241
228
226
217
212
232
217
247
233
233
234
228
208
210
222
237
226
187
181
219
233
224
209
192
226
188
182
207
233
204
184
167
201
242
224
214
231
192
157
148
174
225
59
49
172
213
103
48
46
27
166
227
196
63
68
53
46
22
137
74
43
24
49
159
235
226
209
70
57
55
38
87
112
121
209
137
49
156
198
111
44
190
199
27
67
145
170
87
15
104
183
176
71
90
225
226
106
77
216
247
169
61
224
233
197
77
116
239
218
199
36
158
183
57
139
230
251
147
43
178
240
233
96
72
224
203
59
88
188
158
146
37
225
217
204
45
37
62
48
65
27
128
204
37
148
231
227
146
32
187
227
227
99
64
226
195
49
34
72
59
73
77
229
235
172
28
121
186
152
181
188
205
208
40
148
219
221
162
48
189
225
227
114
82
227
196
38
115
240
231
216
230
208
231
203
58
109
228
246
230
208
224
213
54
152
231
227
154
36
186
241
234
112
74
217
222
100
61
173
249
217
162
224
218
238
119
38
105
165
142
59
148
185
45
123
226
231
141
28
171
236
223
108
70
197
232
189
47
37
74
56
45
223
202
237
216
131
60
35
46
92
174
212
108
147
219
235
180
113
193
224
222
167
148
215
227
248
189
153
120
124
171
229
216
215
233
230
203
185
213
228
231
242
210
221
219
224
224
211
228
223
228
230
227
235
223
228
231
233
229
236
243
