0
0
0
0
0
10
21
8
10
17
0
0
0
155
414
383
123
0
0
0
0
7
0
0
0
0
0
0
3
0
1
55
86
35
0
0
0
0
0
73
94
53
0
0
39
61
0
0
20
70
6
0
0
99
181
162
107
49
0
22
552
741
736
622
406
128
0
112
360
583
704
649
380
78
0
0
8
150
395
443
216
95
321
640
788
797
743
520
187
125
244
156
102
332
551
375
143
322
541
382
190
244
321
224
53
0
59
372
494
253
84
275
509
349
22
66
376
451
204
88
0
0
0
0
170
280
273
320
49
0
0
0
0
0
0
129
347
361
0
0
0
263
161
0
0
0
0
0
4
0
203
438
504
322
142
82
147
125
0
0
0
0
0
0
0
356
560
99
0
0
50
135
0
0
0
0
0
0
0
0
524
243
0
0
0
0
36
43
0
0
51
18
0
11
60
173
259
118
0
0
25
0
0
0
0
0
0
3
4
28
0
0
0
0
0
0
0
1
118
80
0
0
36
36
0
0
0
68
483
251
0
0
173
209
92
97
131
73
43
36
17
101
289
380
260
71
0
0
203
404
349
396
380
190
0
0
0
0
247
531
193
0
33
583
766
669
436
134
0
0
58
561
684
406
53
0
0
0
0
374
712
644
357
49
0
0
0
0
0
160
246
0
0
0
243
124
0
0
17
0
0
0
0
0
0
0
0
0
0
0
0
0
0
0
0
0
0
0
0
0
0
0
0
0
0
0
0
0
0
0
0
0
0
0
0
0
0
0
0
0
0
0
0
0
0
0
0
0
0
0
0
63
325
314
259
360
188
0
0
0
34
0
0
0
19
20
6
0
0
0
0
0
0
9
38
21
3
22
39
28
6
46
246
493
532
250
0
0
0
11
6
18
37
33
3
0
15
27
22
23
11
0
0
31
24
0
0
0
0
0
0
0
0
0
0
0
0
0
0
0
0
0
0
0
0
0
0
6
0
0
18
0
0
0
0
0
5
0
0
0
0
0
0
0
0
0
0
0
24
13
0
5
0
0
0
5
0
0
0
0
9
31
14
0
0
12
0
0
9
19
2
4
29
46
63
55
18
0
2
25
38
0
0
0
4
0
0
0
1
15
7
0
0
0
4
8
14
11
5
14
26
20
0
0
0
0
0
0
0
0
0
0
0
0
11
16
0
0
2
12
0
7
10
0
0
0
0
0
0
0
11
24
7
0
0
7
40
36
19
0
0
2
39
37
3
0
0
10
24
0
0
0
0
0
0
6
0
0
0
0
0
0
27
21
0
0
0
0
0
25
62
56
8
0
7
94
126
43
0
0
57
63
48
121
150
63
26
83
149
162
70
0
0
8
29
116
220
251
166
29
550
566
265
153
414
675
756
626
290
69
207
503
655
687
731
652
506
595
763
783
616
270
18
0
199
538
707
728
711
464
451
287
215
390
485
222
105
388
520
267
219
499
526
257
187
470
656
419
93
113
403
433
138
100
353
296
0
0
75
409
0
0
0
234
0
0
0
0
157
281
101
0
0
0
0
0
0
0
0
0
0
138
132
207
305
0
0
0
0
79
0
0
6
201
210
350
440
259
142
136
42
0
0
0
0
0
0
0
0
0
0
23
55
118
188
287
519
616
364
88
0
16
97
118
92
167
203
0
0
0
0
0
10
43
56
0
0
0
25
9
0
0
0
32
22
0
0
0
0
0
32
0
0
0
0
0
0
0
0
0
0
0
0
0
0
0
0
0
0
0
0
0
0
0
0
0
0
0
0
0
26
0
0
0
156
232
94
194
354
266
98
38
38
1
0
52
79
45
0
3
28
60
36
0
0
188
631
677
662
643
9
9
0
0
0
525
774
695
466
217
0
0
0
21
0
0
0
0
39
0
0
0
0
0
0
0
41
371
306
47
0
22
0
0
0
0
0
0
0
0
0
0
0
0
0
0
0
0
0
0
0
0
0
0
0
0
0
0
0
0
0
0
30
0
0
0
0
0
0
0
0
0
0
0
20
0
0
0
0
0
0
0
0
32
8
0
0
0
0
0
