14
0
0
0
19
14
0
20
0
0
13
0
17
415
310
0
0
17
0
3
17
0
0
0
3
0
0
9
0
21
23
5
0
0
7
40
0
0
39
11
0
0
1
579
459
0
0
10
40
0
0
0
14
53
7
0
1
0
0
70
198
73
0
0
0
0
0
104
208
143
0
0
0
480
508
0
0
140
217
0
0
27
247
244
46
0
0
0
0
209
360
12
0
0
0
0
0
430
349
66
0
0
0
266
447
0
0
450
274
0
0
243
491
159
0
58
50
0
0
354
250
0
56
376
0
0
0
640
87
0
0
60
0
236
419
0
0
539
0
0
0
595
271
0
0
296
406
0
0
396
257
74
92
464
34
0
105
541
0
0
0
138
0
376
593
0
0
33
0
0
304
699
0
0
0
332
656
0
0
376
320
0
0
324
60
0
216
415
0
0
0
36
0
473
746
145
0
0
0
0
455
603
0
0
0
281
709
0
0
390
0
0
0
487
295
0
201
459
0
0
0
19
8
488
715
42
0
0
0
0
382
687
0
0
0
331
693
0
0
400
0
0
17
640
354
0
26
645
0
0
0
126
0
368
569
0
0
417
0
0
19
702
141
0
0
331
494
0
0
372
0
0
52
418
103
0
0
655
107
0
0
76
0
123
455
0
0
572
274
0
0
320
538
0
0
130
294
0
0
281
299
0
0
59
0
0
0
326
356
100
30
0
0
0
326
0
0
225
401
0
0
0
355
191
0
115
403
0
0
98
202
102
0
0
0
0
0
44
175
125
0
0
0
0
117
0
0
13
128
42
0
95
177
28
31
314
294
0
0
0
22
33
0
0
17
0
0
0
31
0
0
30
0
0
18
0
3
20
0
0
62
332
402
39
4
160
0
0
0
0
0
0
5
0
5
1
0
0
32
0
0
28
0
33
0
0
22
7
0
0
19
242
399
139
0
0
0
0
0
0
1
10
20
0
0
8
5
0
15
0
0
0
31
37
0
0
31
0
0
18
0
35
117
70
0
0
0
0
8
0
5
33
0
0
0
11
2
0
0
16
0
0
34
6
0
0
7
0
0
17
0
0
0
4
0
0
0
41
16
0
0
15
0
0
4
5
0
1
0
29
0
0
9
6
16
0
0
0
5
18
0
0
0
11
5
0
0
36
16
0
0
0
4
13
13
0
0
4
10
28
0
0
0
0
26
9
0
0
9
21
7
0
0
5
0
0
0
30
0
0
0
0
25
9
5
0
0
34
18
0
0
0
0
0
31
34
0
0
24
21
28
0
0
0
0
8
11
7
0
0
0
2
12
0
19
6
0
0
0
1
37
0
0
41
0
0
0
0
65
10
0
0
0
0
0
56
72
0
0
0
126
0
0
57
242
131
0
0
0
11
231
87
11
117
0
0
0
159
133
0
0
0
0
7
185
284
117
0
0
0
177
0
0
294
361
10
55
0
0
0
523
371
0
0
101
0
0
69
65
83
0
0
0
164
483
268
0
68
45
0
0
0
0
470
0
0
151
370
0
0
591
436
0
0
230
427
0
0
0
362
198
0
0
429
569
0
0
155
461
0
0
0
468
489
0
0
122
539
0
0
456
276
0
0
309
766
0
0
0
528
571
0
0
626
540
0
0
130
410
0
0
126
707
466
0
0
39
188
0
0
448
216
0
0
310
771
0
0
0
511
632
0
0
708
518
0
0
64
86
0
0
140
759
363
0
0
5
0
0
0
591
237
0
0
276
732
0
0
0
479
613
0
0
672
484
0
0
3
71
0
0
53
652
439
0
0
0
146
0
0
608
244
0
0
296
758
0
0
0
497
618
0
0
431
588
0
0
0
204
0
0
0
357
600
14
0
0
193
0
0
442
250
0
0
286
719
0
0
0
442
540
0
0
100
569
326
0
0
94
0
0
0
54
397
356
110
0
0
0
0
256
213
0
0
158
460
0
0
0
235
302
0
0
0
253
337
113
36
0
0
13
23
0
78
201
170
4
0
0
0
83
84
0
0
16
129
0
0
0
30
63
0
0
0
14
90
77
29
0
0
