219
219
221
221
220
218
219
220
220
222
222
222
222
195
149
158
207
226
226
227
226
225
227
229
228
228
228
228
228
227
220
218
219
223
224
221
220
222
219
216
217
221
222
186
121
130
199
229
226
224
226
228
228
223
220
222
224
225
228
226
185
168
168
182
201
217
223
217
197
175
168
177
198
182
120
127
199
223
200
192
212
225
208
177
159
162
171
190
217
216
135
112
115
122
141
185
214
190
141
115
112
121
155
163
118
131
195
190
145
148
193
202
156
115
109
108
101
129
193
203
153
141
142
115
96
144
188
149
104
120
145
146
157
158
117
126
169
144
115
155
199
168
114
119
154
148
104
107
180
199
174
153
143
108
77
122
162
122
113
172
210
206
201
181
120
95
113
115
143
199
206
143
112
164
214
203
141
117
180
202
128
110
117
101
77
119
151
111
128
199
226
224
223
194
118
62
61
102
175
223
201
135
122
185
227
213
151
121
181
202
98
132
171
149
101
122
150
108
124
196
225
224
222
191
116
69
70
90
149
210
205
138
113
174
222
207
143
116
178
198
99
162
202
161
99
119
160
118
103
166
205
200
196
177
118
105
132
110
103
161
198
153
100
125
169
159
107
103
175
197
94
121
141
112
79
119
178
151
103
117
139
135
150
162
126
129
179
162
109
118
171
179
125
92
106
109
83
97
174
202
128
111
118
120
119
151
198
195
152
124
116
118
149
179
161
159
198
205
166
143
171
200
180
145
139
137
104
105
173
211
195
176
177
188
192
201
216
220
206
187
179
182
196
211
208
203
214
221
212
202
205
204
187
175
171
149
111
122
186
222
223
219
220
222
222
221
222
224
223
222
223
223
222
223
223
222
222
221
221
224
222
198
152
124
121
111
113
158
208
226
220
221
220
220
220
220
221
223
222
221
224
224
223
221
219
221
222
220
221
223
222
206
166
132
127
139
166
203
222
225
221
220
218
218
221
221
220
221
221
220
223
225
223
219
219
222
222
221
224
224
223
221
212
200
198
206
217
224
224
225
223
220
218
220
222
222
221
221
222
221
221
223
223
221
221
222
222
222
223
223
223
225
226
226
226
227
228
226
223
223
221
220
220
222
223
222
222
222
223
222
220
222
223
222
221
221
221
222
223
221
221
224
225
224
223
225
228
227
224
224
220
223
224
223
222
221
223
223
222
220
220
222
224
225
223
221
221
222
223
221
219
221
224
225
225
226
227
226
224
227
223
225
224
222
221
222
225
224
221
220
221
222
223
226
226
222
222
226
226
223
220
219
222
224
226
227
226
225
225
226
220
222
221
221
220
219
219
221
221
221
219
218
220
219
217
217
221
224
220
215
218
221
221
223
224
222
214
211
217
223
182
183
204
212
194
170
164
179
205
218
202
183
176
168
161
173
188
181
163
156
175
206
221
222
210
181
156
150
162
192
119
129
174
179
138
114
110
116
154
197
176
120
103
109
104
103
115
118
110
100
111
162
211
216
176
129
118
120
113
137
125
146
166
140
112
136
148
115
112
162
156
92
89
133
137
96
76
111
148
135
100
126
194
197
135
111
148
163
125
107
189
200
172
112
104
150
165
123
93
136
147
101
125
192
198
130
90
145
206
187
118
116
183
177
104
94
140
153
119
96
220
218
166
92
85
117
124
110
105
145
149
108
141
208
210
143
103
160
218
197
126
117
180
167
91
82
120
131
122
126
220
217
161
91
100
144
157
158
165
186
162
111
141
206
207
144
106
162
219
199
131
121
182
171
99
100
159
187
182
184
217
220
176
107
110
168
197
190
182
193
165
111
141
206
208
142
102
160
221
202
132
119
181
189
126
101
146
183
176
167
214
221
201
141
103
120
143
134
131
163
159
115
140
205
210
148
109
162
219
202
141
128
183
211
169
113
104
118
115
124
216
219
217
189
142
113
107
112
132
174
181
152
164
208
216
178
153
184
218
211
177
170
202
225
212
175
147
138
141
163
221
219
220
217
199
176
165
174
192
210
213
203
204
216
219
210
203
212
222
221
215
214
221
226
227
221
210
204
207
217
