0
0
0
54
17
69
402
255
0
0
0
0
0
0
408
703
243
0
203
323
0
0
0
0
0
52
175
314
159
0
33
0
0
6
0
197
381
144
0
0
0
0
0
0
566
681
16
0
258
349
0
0
0
0
0
20
288
479
259
0
43
0
6
0
0
325
373
14
0
0
0
0
0
111
662
591
0
0
343
341
0
0
0
0
0
5
334
492
266
0
30
0
16
0
8
411
331
0
0
0
0
0
0
301
706
423
0
0
417
327
0
0
0
0
0
3
340
475
253
0
0
20
23
0
101
421
244
0
0
0
0
0
0
482
711
207
0
0
440
297
0
0
0
0
0
5
340
469
248
0
0
30
0
0
247
424
118
0
0
0
0
0
24
612
653
6
0
0
461
289
0
0
0
0
0
5
336
462
251
0
0
29
0
0
397
444
0
0
0
0
0
0
194
679
528
0
0
0
479
324
0
0
0
0
0
5
334
457
248
0
0
34
0
0
468
382
0
0
0
0
0
0
377
710
356
0
0
0
463
364
0
0
0
0
0
8
334
455
233
0
0
10
0
101
459
211
0
0
0
0
0
0
538
700
164
0
0
15
450
368
0
0
0
0
0
12
337
452
205
0
0
0
0
297
405
36
0
0
0
0
0
95
643
620
0
0
0
8
442
357
0
0
0
0
0
12
338
451
191
0
0
0
71
412
320
0
0
0
0
0
0
277
697
473
0
0
0
0
422
328
0
0
0
0
0
3
332
456
211
0
0
0
169
460
224
0
0
0
0
0
0
459
715
295
0
0
0
0
417
303
0
0
0
0
0
0
328
461
214
0
0
0
255
457
111
0
0
0
0
0
9
600
671
129
0
0
0
5
416
321
0
0
0
0
0
0
327
461
194
0
0
1
363
404
0
0
0
0
0
0
178
677
555
0
0
0
0
30
424
344
0
0
0
0
0
0
322
459
201
0
0
123
429
306
0
0
0
0
0
0
361
710
394
0
0
0
0
58
456
342
0
0
0
0
0
0
312
459
232
0
0
238
435
182
0
0
0
0
0
0
525
706
231
0
0
0
0
65
477
328
0
0
0
0
0
0
302
462
245
0
0
313
418
46
0
0
0
0
0
77
638
638
106
0
0
0
0
43
488
339
0
0
0
0
0
0
299
461
243
0
43
371
329
0
0
0
0
0
0
256
698
500
1
0
0
0
0
0
502
367
0
0
0
0
0
0
302
455
244
0
181
415
199
0
0
0
0
0
0
439
719
326
0
0
0
14
10
0
483
369
0
0
0
0
0
0
304
453
233
0
312
404
75
0
0
0
0
0
0
586
687
174
0
0
0
3
41
0
446
372
0
0
0
0
0
0
305
455
221
0
409
333
0
0
0
0
0
0
157
669
584
77
0
0
0
42
23
0
453
390
0
0
0
0
0
0
308
455
221
0
413
252
0
0
0
0
0
0
343
706
423
0
0
0
0
48
0
0
475
376
0
0
0
0
0
0
310
451
223
0
361
146
0
0
0
0
0
0
511
706
254
0
0
0
2
0
0
32
480
328
0
0
0
0
0
0
309
447
232
0
355
13
0
0
0
0
0
59
629
648
132
0
0
0
0
0
0
73
483
302
0
0
0
0
0
0
305
449
250
0
348
0
0
0
0
0
0
231
692
526
63
0
0
0
0
0
13
23
478
312
0
0
0
0
0
0
300
455
261
0
254
0
0
0
0
0
0
411
715
361
4
0
0
0
0
0
17
0
459
331
0
0
0
0
0
0
297
461
254
0
102
0
0
0
0
0
0
564
692
203
0
0
0
12
54
0
43
12
421
354
0
0
0
0
0
0
299
463
229
0
0
0
0
0
0
0
133
657
602
102
0
0
0
26
69
0
74
4
391
367
0
0
0
0
0
0
308
455
183
0
0
0
0
0
0
0
319
700
450
51
0
0
0
52
55
0
14
43
423
331
0
0
0
0
0
0
314
446
170
0
0
0
0
0
0
0
493
707
282
10
0
0
0
44
41
0
0
85
482
294
0
0
0
0
0
0
308
447
218
0
