-5
-73
-25
54
17
69
402
255
-95
-145
-513
-446
-171
-126
408
703
243
-231
203
323
-92
-129
-264
-358
-167
52
175
314
159
-215
33
-49
-7
6
-7
197
381
144
-104
-203
-545
-415
-119
-45
566
681
16
-327
258
349
-160
-184
-346
-453
-262
20
288
479
259
-228
43
-25
6
-16
-28
325
373
14
-110
-317
-517
-346
-123
111
662
591
-165
-340
343
341
-183
-181
-326
-446
-303
5
334
492
266
-235
30
-2
16
-44
8
411
331
-82
-125
-448
-479
-237
-133
301
706
423
-282
-309
417
327
-184
-168
-300
-437
-316
3
340
475
253
-240
-7
20
23
-55
101
421
244
-113
-157
-531
-454
-144
-93
482
711
207
-334
-236
440
297
-178
-169
-295
-434
-319
5
340
469
248
-271
-41
30
-19
-72
247
424
118
-117
-243
-540
-402
-112
24
612
653
6
-371
-163
461
289
-171
-176
-291
-422
-321
5
336
462
251
-273
-38
29
-64
-99
397
444
-23
-119
-382
-501
-295
-128
194
679
528
-152
-385
-114
479
324
-176
-181
-288
-412
-318
5
334
457
248
-234
-27
34
-78
-62
468
382
-100
-132
-503
-463
-180
-127
377
710
356
-291
-357
-55
463
364
-181
-185
-289
-408
-312
8
334
455
233
-218
-13
10
-76
101
459
211
-112
-190
-545
-427
-119
-52
538
700
164
-390
-316
15
450
368
-179
-189
-287
-404
-315
12
337
452
205
-240
0
-30
-27
297
405
36
-117
-307
-512
-352
-124
95
643
620
0
-384
-254
8
442
357
-179
-185
-281
-402
-321
12
338
451
191
-277
-22
-32
71
412
320
-70
-125
-438
-468
-241
-141
277
697
473
-142
-323
-153
-27
422
328
-176
-176
-277
-401
-319
3
332
456
211
-273
-31
-31
169
460
224
-109
-147
-520
-448
-149
-105
459
715
295
-273
-310
-57
-14
417
303
-174
-172
-273
-397
-314
-7
328
461
214
-270
-5
-45
255
457
111
-116
-228
-529
-404
-117
9
600
671
129
-329
-327
-16
5
416
321
-184
-175
-266
-389
-310
-10
327
461
194
-289
-10
1
363
404
-18
-121
-367
-494
-303
-130
178
677
555
-5
-322
-322
-29
30
424
344
-199
-176
-260
-380
-305
-12
322
459
201
-284
-8
123
429
306
-101
-133
-490
-461
-190
-130
361
710
394
-130
-312
-267
-67
58
456
342
-204
-172
-258
-375
-303
-17
312
459
232
-276
-8
238
435
182
-115
-184
-541
-428
-124
-63
525
706
231
-245
-316
-175
-85
65
477
328
-194
-170
-259
-377
-309
-23
302
462
245
-273
-26
313
418
46
-110
-300
-520
-354
-122
77
638
638
106
-335
-352
-83
-53
43
488
339
-182
-171
-263
-382
-315
-27
299
461
243
-262
43
371
329
-64
-120
-438
-474
-244
-142
256
698
500
1
-393
-362
-5
-15
-3
502
367
-178
-170
-263
-382
-314
-28
302
455
244
-257
181
415
199
-104
-154
-530
-446
-152
-115
439
719
326
-100
-385
-299
14
10
-28
483
369
-178
-172
-263
-377
-310
-29
304
453
233
-244
312
404
75
-109
-234
-544
-405
-119
-9
586
687
174
-191
-353
-215
3
41
-29
446
372
-167
-192
-286
-374
-307
-31
305
455
221
-220
409
333
-37
-119
-364
-506
-313
-131
157
669
584
77
-284
-360
-118
42
23
-48
453
390
-151
-212
-306
-372
-310
-31
308
455
221
-210
413
252
-97
-134
-489
-471
-199
-132
343
706
423
0
-345
-333
-27
48
-35
-43
475
376
-157
-202
-287
-372
-315
-26
310
451
223
-214
361
146
-108
-180
-550
-437
-122
-72
511
706
254
-96
-361
-225
2
-39
-57
32
480
328
-169
-178
-263
-383
-317
-20
309
447
232
-233
355
13
-114
-289
-534
-363
-114
59
629
648
132
-199
-365
-123
-28
-76
-25
73
483
302
-169
-169
-261
-394
-319
-22
305
449
250
-263
348
-79
-126
-423
-482
-253
-139
231
692
526
63
-271
-366
-67
-51
-26
13
23
478
312
-170
-172
-267
-395
-318
-29
300
455
261
-269
254
-109
-152
-517
-444
-154
-122
411
715
361
4
-327
-373
-20
-8
-14
17
-1
459
331
-170
-175
-270
-393
-316
-31
297
461
254
-246
102
-113
-230
-541
-401
-111
-26
564
692
203
-68
-371
-382
12
54
-38
43
12
421
354
-171
-176
-263
-389
-318
-27
299
463
229
-229
-30
-118
-360
-507
-313
-124
133
657
602
102
-143
-375
-337
26
69
-47
74
4
391
367
-179
-180
-250
-382
-322
-22
308
455
183
-226
-93
-126
-480
-466
-201
-135
319
700
450
51
-223
-374
-220
52
55
-69
14
43
423
331
-183
-187
-242
-374
-322
-21
314
446
170
-223
-108
-162
-539
-434
-122
-83
493
707
282
10
-312
-380
-94
44
41
-50
-73
85
482
294
-180
-188
-242
-370
-315
-25
308
447
218
-215
