17
53
69
30
-13
51
98
31
-27
-51
-103
-128
-71
-8
102
197
73
-139
-201
-141
-150
-243
-370
-542
-699
-784
-733
-524
-301
-223
-41
-15
11
20
-9
31
91
26
-36
-79
-117
-93
-67
3
132
173
48
-63
-42
-21
-54
-84
-94
-99
-132
-174
-144
-75
-33
-24
3
11
22
4
-10
57
117
44
-30
-107
-155
-82
-43
39
162
127
-19
-102
-51
5
7
17
50
82
81
67
68
58
36
27
-16
-14
8
8
30
85
69
4
-33
-102
-147
-73
-13
85
196
107
-32
-35
19
23
6
8
14
17
14
13
16
15
7
-2
-11
-28
-21
-25
35
83
22
-31
-57
-103
-116
-72
1
124
199
77
-52
-28
14
3
-4
-1
-3
2
5
5
4
-1
-4
-31
35
28
-11
-66
3
104
42
-35
-99
-148
-92
-52
24
148
145
8
-101
-89
-37
-13
-7
-10
-11
0
7
5
2
-4
-5
23
-16
-7
-14
-31
23
92
33
-33
-110
-161
-71
-20
58
171
116
-30
-93
-70
-55
-26
-2
-9
-10
-8
-2
3
4
3
-4
4
19
26
24
64
118
58
-22
-46
-103
-135
-72
-7
99
200
114
-51
-99
-35
-7
-12
-1
-3
-7
-6
-2
2
4
3
-7
-14
-5
-22
-42
83
183
63
-40
-86
-129
-103
-69
2
132
182
66
-60
-70
-23
6
2
-3
-3
-1
4
1
-2
3
4
-17
-60
-36
-46
-17
103
145
36
-41
-117
-158
-76
-40
31
153
128
0
-32
46
54
10
-5
-11
-7
1
4
3
0
-4
-5
1
-7
-54
-68
-1
92
80
-2
-39
-102
-148
-75
-17
77
191
123
-38
-87
-3
55
44
10
-10
-2
3
5
9
5
-6
-6
13
45
-31
-25
7
60
24
-29
-53
-94
-110
-71
-1
123
209
117
-31
-100
-75
-24
-5
-1
-4
-6
-3
3
8
7
4
5
-6
-32
41
47
87
117
37
-30
-94
-143
-92
-55
21
152
163
45
-29
-33
-34
-25
-26
-13
-2
-13
-12
-3
4
6
5
3
-6
-19
-34
1
115
140
38
-29
-109
-164
-79
-28
52
167
117
-15
-68
-52
-59
-56
-22
-4
-7
-12
-8
-2
5
6
0
-5
9
34
-38
51
125
68
-11
-39
-94
-129
-68
-6
97
198
120
-34
-96
-47
-23
-36
-10
2
-2
2
4
5
5
1
-8
-13
4
18
8
34
81
20
-39
-76
-123
-106
-68
3
131
190
101
-23
-80
-41
9
11
13
8
8
16
15
11
3
-5
-12
-14
-15
-13
86
117
128
36
-36
-110
-158
-80
-42
29
154
140
36
-55
-124
-107
-33
-25
-38
-11
12
15
11
6
3
1
1
-1
-3
4
71
167
125
18
-30
-104
-148
-70
-18
70
184
120
-19
-91
-90
-39
3
-13
-32
-17
-8
-6
-1
4
8
10
12
11
8
7
-3
83
39
-24
-50
-102
-122
-80
-13
109
199
110
-26
-47
23
54
56
72
47
15
8
4
-3
-3
2
3
2
3
-7
-4
86
120
29
-37
-96
-138
-91
-59
13
144
169
74
-33
-71
-25
17
35
49
36
34
55
50
14
-6
-5
-5
-5
-3
-3
6
129
121
29
-27
-108
-158
-75
-27
55
173
128
23
-60
-122
-78
16
19
-32
-31
-4
9
10
6
8
6
3
6
7
7
8
95
26
-23
-42
-101
-141
-75
-10
93
198
119
-14
-69
-41
33
36
-19
-21
5
-14
-47
-44
-11
6
3
6
10
7
5
2
115
26
-42
-80
-128
-115
-70
2
127
190
100
-32
-89
-25
38
-23
-77
-22
32
8
-19
-10
5
1
-9
-8
-7
-9
-2
-9
87
37
-34
-111
-156
-79
-42
25
149
146
56
-37
-87
-53
-44
-50
-1
17
7
8
9
9
5
0
-3
-8
-15
-15
-2
-7
42
-7
-40
-109
-146
-61
-13
67
178
122
21
-27
-50
-29
-5
28
67
37
-8
-4
4
0
-5
-7
-4
-5
-10
-9
-5
5
42
-33
-56
-107
-126
-74
-6
111
203
117
-6
-73
-113
-94
-28
-6
-29
-19
-17
-21
-10
-9
-10
-9
-8
-7
-7
-5
-10
-4
54
-27
-86
-137
-99
-65
6
138
176
81
-26
-75
-88
-84
-56
-40
-15
14
-13
-24
-13
-16
-9
1
2
3
9
11
-7
-21
22
-34
-110
-155
-71
-30
45
165
130
34
-35
-65
-11
44
45
35
32
26
15
9
3
-6
-4
6
8
8
16
15
-21
-50
-39
-54
-106
-140
-71
-11
89
198
124
17
-45
-94
-30
58
69
43
-36
-51
31
33
-1
-3
-4
2
8
9
8
6
20
39
-42
-78
-121
-114
-72
-1
125
197
110
8
-60
-106
-50
-20
-53
-22
-11
-41
-22
-2
-2
2
2
0
5
7
-2
-5
30
67
