0
0
1321
1560
1158
1246
1075
874
0
2302
1285
1359
709
1598
604
0
0
2127
1989
1608
379
304
1135
159
289
548
111
0
342
1080
3328
979
151
252
1345
1229
0
1308
599
624
1366
530
1987
0
462
2229
2486
139
0
79
152
0
822
1836
2540
867
1540
1566
0
0
0
777
1616
1202
290
255
1160
553
1109
364
647
775
639
3026
2811
534
544
0
535
2884
1681
2002
2604
0
0
1152
461
1608
2861
1937
912
0
0
0
377
879
0
1808
1227
1561
69
908
768
0
0
698
536
1209
1875
0
740
455
0
1616
1400
1810
1410
0
157
0
1005
899
2433
2469
835
644
1384
349
0
0
1168
0
242
2648
2986
586
891
0
1144
1908
0
0
1247
0
0
209
0
1581
874
1981
774
1021
0
396
661
1568
1376
1920
1350
1927
2047
3136
2617
838
0
0
522
1297
750
1547
2346
1840
295
1231
1001
1901
3391
247
305
180
1258
310
1081
1407
948
0
0
651
1318
296
0
0
0
0
700
2531
2339
1460
1162
0
0
1635
1049
1586
839
964
0
2121
2373
1548
71
1236
768
1331
1260
1407
2076
1543
1188
858
1209
2848
3065
2645
1222
1492
0
0
0
1343
803
0
1127
0
209
1129
1339
0
0
837
803
476
1497
732
488
0
0
8
844
1032
2025
459
0
404
554
733
980
3160
2831
2484
2402
1762
1353
1880
187
277
1085
4000
2930
872
886
3047
867
658
315
828
2301
1702
587
943
0
1739
2231
0
324
1718
1723
0
0
0
0
0
677
421
697
1964
1377
0
179
1266
2554
0
0
1177
811
1701
0
800
2131
734
2361
1031
0
1634
1100
0
0
1610
2244
1365
1605
1784
537
1782
995
0
0
137
0
0
0
117
1822
2161
983
1007
676
353
0
917
0
849
1560
0
579
1882
2142
1877
0
0
82
1780
1645
0
1229
0
2002
2244
3624
2862
967
1262
0
1460
1340
198
845
390
1585
515
2099
2032
1754
1728
1174
0
0
1228
890
1064
1446
653
1060
2577
710
1318
1231
922
303
0
2869
1279
222
0
0
0
287
2054
807
0
109
0
0
0
978
1857
1310
0
797
777
77
240
193
0
839
0
752
212
1106
1194
0
138
1411
788
1270
2979
2163
0
378
0
105
2443
1993
1632
1476
0
426
1961
2269
960
575
2385
2924
1217
372
1464
0
513
1089
954
2138
1345
630
1662
1364
0
185
1104
1545
2432
2182
849
0
0
852
376
2104
0
0
645
1208
247
193
453
1979
804
2900
1823
1657
868
0
58
1053
0
308
1721
1547
1480
628
0
0
846
1372
2041
1080
1113
810
2333
1279
635
829
890
745
1624
0
0
95
0
216
0
1415
1746
0
1037
389
175
0
840
0
1217
3495
2860
579
254
1201
279
0
0
0
1243
755
2143
2184
0
1087
408
2724
2194
1525
2905
308
1279
2878
1398
2103
2476
3120
626
1579
1537
0
0
1003
333
704
1240
1226
2320
1749
1242
630
1310
738
1817
690
1415
0
215
711
0
0
143
0
1232
0
0
0
1476
1436
0
1146
914
1017
1160
0
0
43
0
743
2475
1693
830
127
0
475
0
1139
264
297
1075
1766
1765
1564
0
53
2219
2457
0
0
1462
1995
0
0
777
1934
1662
727
1664
1045
0
0
2380
3013
2841
904
1209
1180
1494
2496
1788
0
1235
0
1732
2338
937
494
0
1849
308
0
2063
1776
348
627
436
97
0
0
1439
2179
169
0
65
688
1081
1208
0
0
0
2666
402
1085
31
0
1382
1593
2067
0
617
1979
0
0
1414
1360
1214
1753
908
1888
2460
0
285
1701
1423
1291
294
0
2499
4037
2825
0
2017
2964
2064
66
75
0
0
846
670
1275
1603
947
0
0
0
0
0
267
0
711
2949
549
1060
0
342
1709
0
0
0
1752
8
0
61
884
2701
2682
2233
789
597
0
829
1276
642
3118
2885
2505
2187
1179
1620
2403
0
492
238
3070
1563
0
2085
2720
3275
315
663
1577
599
782
0
465
0
1793
1750
1465
0
0
637
0
0
0
115
689
942
0
1469
0
1875
17
0
220
941
438
192
596
808
861
1682
0
762
1104
2517
0
0
977
2529
0
0
2869
2072
1664
39
331
2650
2189
795
2809
0
665
1833
1462
335
1110
267
1535
1227
773
0
1511
1629
578
394
2054
1442
1288
288
1511
1875
0
0
392
939
948
0
448
0
0
1273
1739
736
530
2114
207
568
0
0
1222
2769
645
510
1781
862
289
1113
621
1244
0
0
1585
1391
1384
1507
383
660
555
2201
2018
974
392
0
45
896
1766
1217
2775
1633
657
0
610
346
0
321
1827
0
0
984
1301
948
242
1278
1882
560
161
1040
1861
1508
766
0
1137
2334
1023
0
1212
1968
