171
143
119
140
23
115
251
51
153
78
232
212
206
86
165
205
152
36
160
103
155
191
50
171
121
193
218
48
81
76
105
65
231
157
203
158
4
116
24
130
18
193
174
60
171
138
13
215
224
227
49
2
149
25
220
167
67
146
210
220
90
252
102
167
148
27
19
93
183
135
7
113
121
11
188
22
192
72
84
207
85
16
52
156
204
0
202
179
12
21
133
198
44
197
188
228
23
221
7
21
198
167
185
63
196
18
25
175
65
241
12
31
12
95
90
184
79
34
30
49
45
216
131
121
207
14
74
141
251
214
35
167
247
189
169
187
166
104
1
160
113
169
208
227
55
169
136
43
197
213
53
237
61
101
148
72
238
180
146
199
203
137
90
127
100
41
200
17
214
171
252
95
140
173
160
2
122
218
115
249
25
199
237
129
183
127
198
237
133
200
162
98
201
87
112
242
170
62
43
45
143
157
104
139
57
29
130
187
208
253
15
223
167
75
84
122
160
30
232
4
123
128
242
111
160
23
238
166
139
52
45
148
250
147
123
224
255
243
212
244
149
55
65
136
254
171
150
73
85
86
138
240
80
61
118
68
224
200
230
102
118
128
19
31
181
181
147
168
156
75
16
98
168
112
197
214
172
12
245
84
166
124
249
55
143
236
130
77
170
207
206
30
150
222
109
178
204
216
181
94
193
142
142
54
212
185
20
67
9
34
28
222
1
116
197
91
4
4
91
88
82
177
1
79
208
211
184
17
50
173
111
215
227
1
131
75
231
106
162
165
137
241
167
238
133
94
45
2
230
211
128
108
226
2
144
219
245
138
96
57
132
25
144
52
125
197
1
63
209
209
231
6
47
190
106
167
183
64
9
200
194
245
219
246
13
195
175
109
223
9
119
88
94
193
95
103
198
44
30
192
81
59
177
88
121
146
201
49
244
98
74
119
83
84
1
38
99
151
25
117
229
11
166
114
158
64
104
74
126
79
5
170
74
109
236
147
64
25
194
251
11
194
30
156
99
229
74
189
242
87
41
53
136
206
128
206
88
119
39
194
226
209
242
227
61
23
244
185
47
77
217
202
200
174
153
212
240
247
154
61
11
236
214
42
10
151
69
59
196
186
2
177
245
42
181
184
138
219
31
82
74
133
119
111
46
188
30
230
225
227
192
83
157
85
140
125
33
58
204
246
217
128
10
36
239
110
166
213
113
185
14
160
208
134
175
239
133
9
108
90
69
142
149
135
96
127
158
136
167
245
122
243
202
99
199
251
212
106
1
146
2
227
18
130
211
222
192
249
57
126
114
215
94
166
75
250
217
129
26
216
108
190
184
253
179
158
170
45
95
42
126
37
86
100
250
250
192
212
241
80
160
132
79
165
66
50
27
77
78
62
204
50
93
52
150
32
100
89
20
145
246
117
113
106
107
51
102
63
160
141
221
228
71
168
3
241
251
58
245
184
29
36
213
249
135
158
181
220
45
34
127
59
93
200
93
151
189
92
122
56
151
25
231
172
230
74
207
75
125
242
127
236
80
10
200
57
239
160
188
61
40
222
48
33
33
151
224
2
58
77
13
46
238
185
188
104
59
64
151
6
8
152
113
127
117
243
212
127
151
21
186
169
100
165
54
229
21
40
135
41
116
37
48
224
144
48
211
233
231
153
114
22
35
240
188
222
236
44
221
69
49
161
193
252
1
138
214
5
133
195
1
100
143
7
52
178
32
154
210
51
182
197
90
194
14
12
52
93
95
214
99
36
15
9
245
221
200
107
113
109
108
83
26
254
180
185
188
149
247
233
30
9
161
198
147
96
139
252
252
125
89
24
41
253
253
11
126
47
79
84
8
203
212
62
40
143
44
5
65
114
215
82
169
47
199
86
17
174
147
98
10
68
187
39
120
24
191
70
191
122
208
53
67
80
164
158
61
243
175
115
167
193
112
246
114
188
57
175
177
99
231
114
141
203
248
136
103
57
4
193
65
251
16
143
249
177
66
16
199
78
110
67
189
140
190
37
251
2
129
193
151
32
211
120
224
238
82
130
138
29
166
43
71
129
227
35
70
125
197
18
28
170
162
244
121
8
253
246
135
244
85
122
137
190
71
175
220
127
39
201
159
209
57
22
176
122
178
141
18
181
163
98
170
172
51
234
12
68
86
227
58
16
66
155
190
154
201
183
73
91
229
35
0
206
242
166
185
250
193
86
140
172
188
110
13
133
126
133
95
85
34
7
68
32
119
173
113
26
215
247
18
156
194
140
86
243
130
232
205
164
4
193
190
41
141
121
20
15
164
198
189
73
3
11
147
206
43
129
161
118
14
85
243
84
