-3403
-2392
-1501
-4169
-3032
-3976
-2535
-2542
-3879
-4172
-5204
-4210
-2713
-3165
-2643
-4163
-4175
-3009
-4356
-3079
-1994
-1503
-4473
-4350
-3943
-4449
-3184
-3642
-4673
-3346
-3115
-4414
-3144
-1838
-2229
-2984
-2885
-3839
-6690
-5927
-4394
-4973
-3384
-1429
-3478
-3667
-3700
-3408
-3136
-2944
-2297
-4469
-2984
-3403
-2873
-4156
-5788
-3805
-2182
-1803
-3546
-2068
-2220
-3521
-3017
-2921
-4737
-5989
-3692
-3712
-5705
-5274
-3376
-3116
-3133
-3210
-4113
-2524
-2783
-3022
-2781
-3228
-5240
-3172
-2655
-3825
-5372
-2773
-4175
-5413
-2566
-3408
-2013
-3160
-3461
-3194
-3675
-3525
-4779
-2207
-2980
-5825
-4431
-4078
-3704
-2837
-4186
-2621
-3533
-4530
-4241
-5161
-3709
-3137
-3734
-2391
-5018
-4942
-4335
-3472
-5954
-2774
-3679
-2365
-2737
-3565
-2841
-6289
-3651
-1935
-3913
-4699
-5150
-4487
-3247
-3584
-2538
-1732
-4652
-3589
-2949
-4195
-5724
-3655
-4033
-3832
-5444
-3981
-2835
-3693
-4942
-4101
-3336
-3684
-3695
-5159
-4978
-5261
-2935
-435
-3084
-4147
-4730
-5724
-3768
-4226
-2582
-2198
-2913
-4340
-6597
-3820
-3928
-3547
-4266
-2613
-4063
-3814
-4007
-5197
-4961
-2733
-4730
-3146
-1747
-5186
-4795
-4463
-3362
-3233
-3980
-1737
-3934
-3696
-3471
-4505
-4181
-1837
-3217
-3480
-4016
-3184
-2002
-3597
-4518
-3366
-2380
-3985
-4013
-4825
-5620
-4410
-1765
-1886
-4858
-4970
-2889
-3868
-4126
-908
-1133
-2957
-2789
-3777
-3339
-3084
-2434
-1430
-2921
-2877
-4429
-4058
-2561
-734
-5140
-5037
-2992
-4154
-3800
-4786
-1895
-2336
-5423
-4745
-1631
-4712
-6511
-1909
-1634
-6178
-4203
-430
-3482
-4039
-3360
-2963
-2476
-2850
-1538
-1792
-3922
-4870
-904
-4119
-5553
-3359
-2369
-1849
-3895
-4850
-3665
-2931
-3738
-2946
-5987
-4683
-2336
-3985
-5081
-2582
-2843
-2318
-3463
-3336
-3760
-4031
-2989
-1227
-2947
-2248
-3145
-5004
-3001
-2307
-3885
-4582
-3354
-2973
-1959
-2450
-1140
-3815
-3967
-3935
-3024
-4324
-5213
-1190
-2999
-4665
-3826
-2002
-1407
-3222
-3558
-3085
-2752
-2788
-2794
-2288
-2550
-4018
-1903
-4359
-3531
-1141
-3737
-3615
-3028
-3066
-4507
-3072
-3933
-2679
-3948
-4247
-2815
-3880
-3579
-3009
-2291
-1509
-2877
-3165
-1320
-2692
-2545
-2117
-3418
-3179
-3440
-4023
-3629
-2698
-1826
-2424
-4215
-4378
-3329
-3858
-2537
-4799
-2842
-3460
-4229
-2938
-4154
-4186
-4584
-2862
-1152
-2724
-2970
-2382
-3276
-3175
-2026
-2982
-5730
-4096
-3356
-4367
-2790
-3368
-1276
-1443
-4071
-3450
-3438
-4671
-4474
-2444
-2594
-2853
-1635
-2237
-3320
-3631
-5040
-3358
-283
-2242
-3047
-5282
-2522
-2498
-5847
-3615
-3328
-2395
-4596
-4682
-4189
-3161
-2573
-2068
-3729
-5791
-5110
-3298
-814
-2210
-2469
-2964
-4473
-3342
-2825
-3244
-2646
-3331
-2185
-4060
-4509
-2830
-4247
-3336
-2468
-3272
-4577
-2278
-3448
-4552
-3305
-3379
-1901
-2247
-5416
-3824
-1572
-4101
-3910
-3358
-2408
-3557
-4175
-4593
-3867
-3582
-4689
-2474
-1702
-4615
-3924
-3923
-4639
-3285
-5910
-3188
-1444
-798
-4554
-5542
-2263
-2032
-2589
-3012
-3852
-3148
-3412
-3786
-1950
-2960
-3108
-2216
-4844
-3936
-4121
-2741
-2970
-3769
-1283
-3340
-4037
-2795
-4388
-2253
-3734
-5533
-4348
-3166
-3173
-5091
-5102
-3298
-2091
-1659
-5347
-5072
-992
-3029
-3447
-3761
-2491
-3048
-4367
-6756
-3478
-1718
-3698
-3531
-2430
-2297
-3931
-2150
-3248
-4554
-5032
-5168
-5855
-3177
-2762
-3141
-5024
-5417
-2432
-1629
-3993
-1488
-1385
-3278
-2843
-2928
-4031
-3392
-6126
-5276
-3041
-3250
-3837
-3497
-423
-4361
-4213
-3123
-5915
-2807
-4627
-6494
-4356
-2638
-2108
-3795
-2846
-2888
-2747
-2275
-4151
-4744
-2111
-1496
-3163
-4575
-3903
-4525
-5215
-6607
-4580
-2397
-3105
-3888
-3008
-2836
-4797
-3908
-1970
-3412
-5594
-6560
-4404
-2401
-2171
-1613
-3097
-3924
-2439
-1961
-4263
-3170
-1501
-2464
-2581
-2529
-3963
-3394
-3811
-5089
-2715
-4693
-4788
-4353
-210
-1611
-4248
-4116
-5547
-3918
-2434
-4148
-5120
-2421
-954
-2026
-2389
-2861
-2315
-4135
-5089
-5133
-2710
-2521
-3920
-4566
-2015
-3388
-6150
-5726
-3185
-2992
-4451
-2894
-2753
-2933
-3521
-3030
-3117
-3037
-4164
-4185
-1749
-2111
-4525
-2279
-1094
-2883
-4592
-3915
-4494
-4179
-3928
-3829
-2647
-1727
-2062
-5124
-4549
-4237
-1820
-2970
-5167
-5475
-3086
-2700
-4875
-3684
-2599
-4723
-3665
-3207
-6009
-2527
-1827
-4062
-3849
-2446
-2338
-5366
-4035
-3079
-3763
-6126
-3544
-2773
-972
-2859
-6422
-4522
-2478
-2923
-3752
-4835
-4861
-3862
-2837
-3836
-5620
-5176
-4718
-2601
-1883
-2709
-5368
-3278
-1532
-2256
-1855
-3091
-3575
-3229
-4169
-3683
-2505
-1954
-549
-3244
-2994
-3887
-4094
-2491
-3913
-4969
-3909
-1119
-4018
-3748
-983
-3194
-5479
-4543
-2728
-1299
-4080
-4715
-2899
-2909
-2072
-2739
-2574
-170
-2594
-4406
-4202
-3940
-628
-2349
-4187
-3453
-3049
-4689
-2929
-3266
-3028
-4257
-913
-2949
-5005
-3938
-2693
-2445
-3739
-3197
-3346
-3528
-3161
-3510
-2098
-4350
-3030
-2106
-3716
-3301
-3769
-3625
-1644
-4098
-4097
-3870
-3717
-2956
-3060
-4188
-3756
-2656
-2835
-2924
-1322
-2241
-4441
-4441
-3778
-4347
-5358
-3101
-1943
-5415
-4023
-1741
-3758
-2834
-2494
-3853
-1218
-4585
-3999
-4693
-6451
-2972
-1368
-4082
-4873
-3087
-1904
-3195
-1283
-3366
-4791
-5487
-2824
-1817
-2670
-4758
-2864
-4691
-5672
-3260
-2690
-4099
-4255
-4029
-3853
-3663
-4702
-4364
-3287
-5693
-5173
-1684
-2776
-3712
-4561
-4160
-2559
-3997
-1458
-2831
-5257
-3708
-4250
-1532
-3089
-4745
-4809
-3421
-2239
-5492
-4535
-1476
-3762
-4089
-3277
-4683
-2554
-3021
-5964
-2737
-3715
-3251
-1676
-5228
-3904
-2355
-3635
-3393
-2479
-1774
-4664
-4708
-4654
-4752
-2404
-2827
-2440
-4331
-6466
-3203
-3926
-2612
-3195
-4930
-2731
-3247
