2210
935
793
1887
1512
2310
1085
517
1365
781
2902
3015
3169
1948
738
2492
204
1229
2254
1568
1113
278
-878
2387
2966
1499
1791
3194
3490
1433
753
2571
2985
612
1131
-217
-361
662
1442
2619
1404
2115
4129
-239
2727
1627
2443
3757
1251
810
2173
1434
2517
2253
663
1720
2677
2859
447
403
1985
1994
731
617
2050
2046
2735
2624
2833
3888
1865
1562
2479
1225
2291
637
2639
2353
-229
2543
384
-420
3479
1789
2050
1176
366
1489
755
3877
2369
2627
455
1253
1293
2207
347
328
3797
2968
41
1578
369
1902
1921
855
2018
-264
1959
1769
1592
2120
2986
1097
3184
1035
2109
3901
1618
3181
2712
2023
2038
3363
1419
409
2038
2286
3876
1911
1816
3363
2674
3569
3317
2703
3176
1402
2264
403
1499
1574
1351
1012
1750
1529
2963
1742
2103
1911
516
643
1135
2239
-795
1523
2166
1988
3256
-553
271
804
856
951
936
141
2803
954
176
195
3731
3010
2482
3219
1885
1826
1179
1285
2773
253
2525
4095
2481
1664
1405
2152
774
2982
2954
1626
2983
3667
1857
2837
1771
2151
2568
1659
3071
2047
1705
1712
3737
628
648
2925
1798
3020
153
660
2668
2715
1133
1482
2216
2070
3768
3307
1124
672
1999
-169
723
2349
2417
2331
756
879
285
1736
260
2134
2916
-292
-329
2260
2937
1342
1079
3603
2274
-1565
1403
2039
623
129
3351
1629
-111
1981
2834
802
1948
785
2055
1976
2914
1553
1786
1423
744
1680
1455
1119
2382
3520
1533
642
1502
3565
2529
1646
990
1597
2312
2653
1645
1902
3237
220
744
2441
283
642
459
1103
1321
877
933
1497
108
2800
1717
85
3255
1927
1010
3689
2845
869
-52
480
3539
1921
661
2918
3949
867
1098
2175
3344
2395
1288
2629
2127
1693
2059
2318
336
1595
1330
2336
757
1947
2970
390
-389
1034
922
123
146
1908
2454
922
3368
852
1229
2068
965
2701
1984
86
869
1263
1988
1698
1010
-224
-218
1490
1316
2095
1859
1974
1822
1996
1729
1717
112
3700
926
1961
784
1807
1013
1716
929
928
1814
3745
2088
95
7
1221
1711
670
2228
-120
2605
2959
2155
1332
1860
2688
2185
-59
569
1132
2224
1497
2873
2520
2296
1641
1547
2733
1325
1203
1729
2965
834
-199
1435
1322
1160
317
1486
1722
2933
1886
-896
1223
2009
1500
1407
-23
768
3041
3536
2194
1126
566
263
185
2361
1594
2107
3243
1568
1279
-263
1960
2682
738
3533
1930
1084
1991
3427
1383
838
3410
2956
1593
1071
1591
1340
1530
1258
90
134
392
1790
1107
-112
-676
1383
1933
1939
1852
1435
-404
1702
2064
1600
1440
3832
2934
1750
559
1681
2779
2640
1379
2237
690
574
3669
3268
1178
1872
2767
3298
2347
1255
3003
4045
1318
797
3062
3303
-20
3333
1282
1522
939
-420
-802
1613
2271
1085
-410
1205
2293
2273
-334
1879
3098
1175
788
2088
717
568
-782
798
3234
2727
2438
1211
1514
982
1519
2307
959
2153
2912
1899
2419
2958
3369
3172
2019
1089
1828
3403
2506
1187
832
888
-91
2339
1579
479
2069
2288
1839
2692
1714
1149
1048
543
675
744
1477
2023
845
1796
3092
3262
2215
1224
2829
2173
844
1399
-93
600
3090
2822
3282
552
572
2163
3161
906
3303
3008
1982
800
3812
3855
109
2537
1361
1659
1906
470
2086
3754
2831
177
749
2121
2804
1437
424
1104
1468
1255
642
1820
2833
2875
1659
688
2384
1291
930
1946
2556
1116
128
-140
1481
3408
3169
2697
2151
2482
1828
2319
1568
-226
682
840
879
2012
3492
2628
-81
734
2534
819
373
1152
5242
4189
2328
1707
1798
1558
2653
3197
3368
283
456
2959
2600
1464
935
970
1640
469
1484
601
2012
1301
1694
-368
1510
2416
1917
1544
-141
2598
1982
2202
-362
625
1267
1454
452
1367
1338
1547
867
898
886
3184
2249
-295
324
3407
2246
945
1653
3003
3150
868
3658
667
2596
403
747
2346
2484
1950
1355
2166
1514
3529
1628
1353
529
2701
1897
4342
2838
1262
1380
1291
2646
1401
1443
1403
190
2004
2083
1442
1312
1993
2337
1935
2668
454
1739
51
3193
2970
2531
2381
2827
2465
1971
1987
713
729
1370
3851
450
-286
3937
1347
1165
2608
2505
2912
729
629
1868
1049
2078
1230
-387
1326
1906
1784
2398
332
1101
1008
2610
109
2211
2134
2998
1804
1169
1670
1075
2576
1800
-314
866
735
-282
1788
1443
1424
2233
299
1958
510
-814
1745
3735
2915
869
-140
4057
1749
1042
2576
1462
-1268
26
2078
2969
-660
1226
3147
2423
1889
3024
1662
1720
1437
109
1109
730
1234
1813
123
1915
3553
3352
1613
260
2812
2934
1760
1424
1056
-694
2639
3217
3263
2513
918
1756
628
1222
2439
1155
1818
3684
392
2562
2808
2666
2220
695
2162
2450
1746
2625
-340
750
1373
1654
643
2652
1765
674
868
870
1073
2084
1741
2382
2819
1673
973
1349
3712
1059
-284
2022
351
557
1127
1418
3315
2086
3105
2400
332
3005
2525
2550
906
1486
2490
1282
1370
1753
2260
1866
2483
1473
1025
2015
2664
2512
2731
1396
2632
3527
1952
2991
