24
117
156
1
126
71
220
85
44
97
105
68
173
206
167
64
207
162
52
134
114
100
55
64
65
124
245
130
130
221
246
7
85
93
92
185
166
15
133
4
16
142
180
232
41
196
138
5
251
102
250
187
104
65
120
153
223
57
99
209
181
115
17
26
235
109
196
20
77
103
94
221
212
255
189
245
228
88
41
171
1
184
89
111
62
149
1
101
216
97
155
163
88
29
166
202
186
43
147
122
55
169
53
191
66
108
236
85
216
181
0
210
34
185
93
8
255
46
223
188
57
152
89
168
221
193
214
61
97
237
100
84
163
127
135
0
239
208
101
100
245
234
230
155
176
191
118
162
139
94
71
217
31
171
4
239
208
66
225
12
242
144
101
43
92
70
93
142
145
213
5
4
111
111
187
71
58
63
50
149
10
231
193
254
167
252
117
149
140
101
192
62
103
253
189
252
205
43
251
151
146
229
58
231
165
237
222
213
138
240
23
175
197
238
73
149
186
89
143
111
162
201
35
228
5
148
205
112
94
64
237
155
248
177
54
33
72
7
163
135
203
170
18
78
35
199
86
140
48
97
120
81
202
71
218
254
50
237
55
3
184
89
30
161
140
57
48
209
51
87
150
73
115
114
164
75
124
65
252
41
4
243
244
123
87
100
212
211
18
138
145
242
52
159
213
240
0
219
236
26
31
167
50
158
18
129
12
86
66
102
171
188
40
95
252
77
104
201
159
35
229
16
26
156
231
133
94
244
216
14
131
252
122
96
162
195
216
103
144
125
71
37
222
64
90
207
100
90
68
4
103
29
47
125
57
155
76
121
238
56
59
192
36
209
43
3
144
46
148
134
49
14
96
16
182
102
177
110
59
216
215
91
51
244
76
41
155
142
57
211
53
229
48
127
175
94
140
57
55
70
74
89
85
100
247
106
175
87
101
144
28
45
162
65
229
28
11
243
214
160
192
95
135
151
201
113
222
3
53
79
141
132
8
126
62
229
92
149
43
163
92
68
47
71
145
255
193
150
171
30
69
27
32
55
143
33
187
181
137
12
14
209
134
113
183
182
51
229
171
110
248
182
206
101
41
185
183
77
53
117
3
35
62
77
122
169
21
71
50
122
194
51
153
55
121
234
6
222
214
135
2
58
233
119
106
101
97
92
140
186
197
209
179
172
105
204
133
217
189
232
192
67
127
153
154
213
123
194
94
93
8
43
45
130
123
69
56
146
33
105
243
102
30
194
13
42
156
35
15
11
181
195
64
169
131
46
3
249
1
177
114
253
212
253
143
138
228
237
122
144
74
237
112
4
70
120
214
178
96
158
32
211
226
109
121
82
191
14
5
174
27
174
154
21
251
217
170
34
86
252
184
92
14
56
162
152
105
253
195
57
109
111
206
180
221
241
96
86
112
215
179
115
216
70
100
175
146
231
162
129
34
40
221
215
33
115
147
23
35
36
202
176
123
197
191
84
240
102
105
91
239
43
8
177
17
229
185
216
253
194
151
43
167
54
48
63
65
129
204
169
86
14
56
18
150
123
68
100
252
250
232
178
165
51
47
218
224
187
42
31
213
172
30
78
59
76
59
122
125
168
158
72
21
154
213
194
167
43
177
107
252
8
105
75
139
102
11
39
129
39
180
92
18
145
205
101
32
48
236
72
195
137
252
134
218
220
75
55
113
90
45
243
195
180
15
245
149
215
187
162
88
124
203
229
191
194
14
158
206
118
17
120
133
118
136
142
243
27
191
108
142
3
161
230
108
152
10
185
224
242
79
186
188
184
52
236
19
175
143
31
164
161
84
39
148
212
95
40
168
166
59
100
123
36
25
24
222
46
236
21
125
77
92
104
33
191
157
245
123
66
46
140
225
12
126
9
13
86
10
122
129
153
255
165
179
23
36
61
124
213
199
55
110
242
151
4
250
2
8
1
238
182
9
161
187
89
195
215
84
163
46
42
111
74
199
19
221
60
96
230
195
85
105
119
242
8
219
33
44
63
252
194
141
127
210
111
64
123
195
40
142
210
88
183
149
188
54
34
227
74
202
237
100
54
56
160
115
64
80
183
32
228
55
124
7
63
230
176
254
86
83
211
146
21
197
43
110
61
217
140
40
245
168
195
220
54
162
239
186
109
153
37
130
134
200
152
168
41
161
95
73
236
190
188
80
111
254
175
182
207
27
134
127
192
46
228
96
25
191
10
214
38
194
49
10
164
144
242
140
59
66
160
191
92
111
202
2
134
136
30
183
98
29
219
37
171
143
36
101
61
102
212
20
175
78
251
11
145
172
133
203
245
92
181
5
252
175
133
230
95
139
149
81
83
