79
67
72
96
107
98
93
98
99
95
96
101
104
107
111
118
135
153
142
97
67
86
122
142
150
160
173
186
199
197
91
72
64
74
85
92
96
95
92
93
92
86
82
85
87
88
91
92
78
60
63
86
103
110
114
116
121
134
151
147
100
82
72
74
80
88
94
93
91
93
88
72
60
60
66
71
71
64
59
64
76
84
90
95
95
88
82
86
95
90
98
91
91
93
94
95
95
96
97
88
71
57
53
55
62
72
79
77
75
80
87
87
90
99
100
92
85
88
92
84
100
96
101
105
110
113
106
103
98
75
57
69
83
83
83
92
99
97
94
93
94
93
94
98
100
95
93
100
106
98
110
107
107
106
112
118
114
105
85
60
65
105
130
118
109
118
120
114
112
108
105
105
106
103
101
104
109
114
118
112
131
131
130
126
124
128
132
110
75
70
102
140
157
146
137
142
142
138
136
132
126
125
124
117
110
115
128
135
134
128
167
165
166
166
160
157
147
109
87
118
158
174
178
176
170
162
155
149
145
143
141
139
134
121
106
107
122
136
138
135
200
199
200
200
195
178
133
97
126
181
203
206
208
206
200
188
173
160
153
152
153
153
148
134
119
116
126
141
148
146
198
202
204
206
206
175
107
94
164
214
213
215
220
216
212
209
199
189
184
183
183
182
179
172
165
158
160
170
171
160
154
160
165
175
183
147
85
98
175
208
197
196
199
195
194
194
192
191
194
195
195
193
190
187
184
179
177
178
173
157
112
114
117
122
126
102
73
101
157
175
168
164
157
150
149
149
150
153
157
159
163
165
162
159
160
164
167
165
160
152
110
112
110
96
79
71
84
116
138
142
147
148
131
115
113
118
120
119
119
120
123
127
128
129
134
143
151
153
152
154
116
124
125
97
65
73
114
143
141
135
140
141
125
106
106
119
121
116
114
115
115
114
115
119
122
125
129
133
136
142
115
129
127
89
64
93
138
159
157
148
139
132
120
106
106
118
123
123
127
131
128
121
117
118
118
117
115
115
118
123
139
159
142
85
72
119
158
173
180
176
163
154
143
127
116
114
118
127
136
138
133
128
124
121
122
127
128
125
123
123
174
197
165
93
86
140
177
193
203
202
200
199
193
177
157
143
143
151
154
148
143
145
146
145
150
161
170
168
155
146
189
207
163
94
100
148
178
199
206
202
204
210
212
205
191
180
179
176
167
158
163
173
176
180
187
193
201
203
187
170
184
199
140
83
106
143
157
178
191
189
187
186
184
179
171
167
167
156
138
136
157
177
179
182
190
191
192
195
185
168
152
160
105
71
100
122
123
136
155
165
163
154
149
142
131
122
120
112
100
105
130
146
146
146
151
153
153
155
152
136
110
99
66
67
94
103
101
106
117
126
129
128
125
120
107
93
90
91
88
93
110
116
110
106
107
107
109
111
110
101
110
69
54
84
107
106
107
112
112
111
117
122
120
114
105
97
95
98
93
93
107
110
98
93
92
90
90
89
88
88
145
81
74
127
145
128
124
129
127
126
128
131
132
131
124
117
118
115
103
106
117
112
98
99
105
104
102
96
89
89
154
90
96
167
185
156
140
134
130
129
127
124
131
139
138
140
149
139
118
119
124
105
91
100
110
115
122
121
106
97
154
100
100
172
201
181
163
151
138
126
121
121
124
132
142
159
175
168
145
137
132
110
94
96
102
111
128
135
121
108
188
136
104
152
197
196
193
190
172
152
148
154
156
158
166
178
190
189
177
168
160
146
132
124
123
128
139
145
136
120
212
171
111
126
179
195
199
201
184
164
163
177
186
188
191
195
198
194
188
185
185
184
181
177
175
176
176
175
166
147
191
175
113
102
148
164
157
152
138
124
125
139
150
157
166
175
174
160
150
152
160
166
175
185
194
200
202
201
198
187
171
171
116
85
122
143
126
113
107
103
105
108
110
116
126
133
128
112
99
96
99
105
116
131
145
158
171
182
192
197
180
186
131
76
104
152
155
145
143
143
142
137
137
141
140
133
128
122
110
93
82
78
80
86
94
103
112
122
134
149
