2
0
0
7
19
43
78
95
94
77
42
21
13
15
26
45
71
82
76
63
43
31
25
23
24
21
16
16
20
20
4
1
0
6
19
40
70
84
82
66
34
15
7
9
18
39
70
84
80
66
43
29
24
21
20
17
11
11
16
16
8
3
1
6
17
34
56
66
63
51
28
13
5
5
12
32
65
80
76
62
38
25
24
21
16
12
8
9
15
15
14
9
7
11
22
35
51
55
49
39
23
11
4
3
9
27
57
71
69
58
37
25
24
19
12
9
8
13
21
21
19
18
18
23
34
44
52
51
41
30
18
9
3
3
10
24
45
56
58
53
40
30
22
15
8
7
12
21
35
35
23
24
26
32
44
50
53
48
36
26
17
11
7
7
12
21
34
43
49
50
44
35
21
12
6
7
15
28
44
44
24
26
30
39
51
56
52
45
34
27
21
17
15
15
15
19
25
33
43
49
48
39
21
9
5
7
17
31
48
49
29
30
32
38
48
50
45
38
30
26
24
23
22
20
17
19
24
32
43
51
55
47
28
16
12
15
23
34
47
46
36
37
33
31
33
33
32
28
24
23
26
28
27
24
19
21
31
40
49
57
64
60
42
32
28
29
33
37
40
36
47
47
38
32
30
28
27
24
20
22
28
31
30
26
20
22
31
40
48
57
67
66
55
49
47
45
42
38
31
25
60
58
48
41
37
34
30
25
20
21
30
32
29
26
22
22
25
31
40
51
61
66
66
67
69
64
51
36
19
12
68
65
54
47
42
38
34
28
20
20
26
27
23
20
19
19
19
25
37
48
59
68
75
79
82
73
54
35
14
6
72
66
58
51
44
40
39
33
23
17
17
15
10
9
11
13
16
24
37
49
59
70
81
86
85
73
52
32
15
7
76
69
60
53
47
44
44
37
23
14
10
8
7
9
12
15
17
24
38
50
61
72
84
88
83
68
43
25
13
6
82
73
62
54
49
48
48
40
22
10
5
6
13
19
24
25
22
27
39
51
65
76
86
86
77
58
29
12
8
5
85
76
63
54
49
48
51
43
24
10
3
5
16
27
36
36
27
28
39
52
67
78
86
85
75
56
28
12
8
5
86
77
64
54
47
46
53
47
29
14
5
6
17
32
50
50
32
29
40
52
67
77
83
83
77
63
40
24
14
7
86
77
66
57
51
50
54
47
29
14
5
7
20
34
51
50
30
27
40
53
65
72
73
74
75
67
49
34
22
13
83
76
69
64
64
61
55
43
24
10
3
8
23
34
41
37
21
23
41
54
62
63
56
58
69
68
55
43
34
23
85
78
71
68
70
65
56
42
24
13
8
14
31
40
40
33
19
21
39
51
58
57
48
50
62
64
56
46
36
24
90
83
73
68
69
64
55
44
31
23
19
26
46
53
46
36
24
23
33
42
51
53
50
50
53
54
51
42
27
15
93
88
78
73
71
65
55
45
35
29
26
36
57
61
49
39
31
30
36
42
48
53
56
57
55
53
50
41
24
13
96
92
87
82
76
66
53
43
35
31
32
42
63
65
48
40
41
43
47
49
49
55
66
71
68
62
53
41
27
17
97
95
92
88
81
71
58
49
42
39
40
50
70
72
56
50
52
54
57
56
51
56
71
78
78
72
60
45
29
19
97
96
94
91
86
79
70
62
54
51
52
60
76
81
73
68
65
64
64
60
53
56
70
80
86
83
70
53
32
19
96
95
93
90
86
82
78
71
63
61
63
69
79
82
79
76
72
70
70
66
60
62
72
82
91
90
79
62
40
24
93
91
88
85
83
81
80
76
69
69
74
77
78
77
75
74
73
73
74
74
74
75
78
83
91
92
85
71
51
36
90
89
86
83
82
82
83
80
73
73
80
81
77
73
70
70
74
77
78
78
78
79
80
85
92
93
89
78
60
44
88
88
87
85
84
84
85
81
74
74
81
82
76
70
62
64
75
81
81
78
72
73
80
86
93
95
91
81
64
47
90
89
87
86
87
87
87
83
77
77
83
81
69
59
51
57
75
86
89
86
78
75
77
82
90
93
89
81
67
52
