22417
0
17826
0
26564
10873
747
0
0
0
0
0
0
12331
0
0
1365
0
0
1667
0
5376
0
6141
3453
0
0
0
0
24361
13688
0
0
7450
0
0
0
0
0
0
13151
8037
0
6302
0
0
23337
0
0
681
5062
1419
0
5530
6731
0
0
6679
0
0
4616
0
0
3218
0
0
0
0
10372
19799
0
0
0
0
0
14835
0
0
16973
0
12091
0
0
0
14933
8262
0
0
29831
0
0
12970
0
10060
0
9747
5323
0
0
10690
0
23905
0
19127
0
0
19737
0
9426
0
0
0
0
9100
0
12370
1891
5213
0
1370
9025
0
9755
0
19232
0
10086
15276
0
0
17014
0
0
0
0
5850
0
0
0
0
6106
0
0
8166
11586
0
0
4777
0
3284
22853
0
0
0
2904
0
0
0
0
0
0
0
0
0
10023
0
0
24255
13722
9824
14133
0
0
0
7703
0
0
3957
0
5680
574
0
0
0
0
0
2512
0
20123
4244
0
0
32767
0
15515
13949
0
0
0
0
0
2060
0
918
19216
0
9654
0
0
0
142
0
9459
6301
0
10761
0
0
0
0
0
0
6722
14297
0
0
0
6061
751
595
0
1169
0
0
0
0
0
0
0
28875
10837
0
10602
0
0
0
0
432
0
0
0
11699
0
0
22812
238
0
15661
0
159
2805
11266
0
16563
0
0
15928
0
11848
10459
13733
0
0
0
0
7635
0
0
6382
11159
11213
0
12131
16015
0
0
0
0
3297
0
9179
0
0
24547
0
0
4441
0
0
0
0
21772
0
1332
1392
5021
0
13390
0
0
1960
0
0
0
1454
0
0
386
0
2337
0
4544
0
9560
0
0
0
0
1450
0
0
0
8709
0
0
4580
0
0
13312
0
0
16017
1450
0
0
2797
0
0
11336
0
3715
0
0
7980
0
2192
4005
0
0
26675
0
27815
0
0
8964
0
18865
0
12092
9635
0
0
0
0
0
0
0
0
4964
0
0
12614
0
0
0
0
0
10763
0
5655
0
2931
0
658
0
31467
0
0
0
0
0
0
0
0
16120
17679
1613
0
0
0
11321
0
7636
0
0
0
18683
13473
0
0
6369
0
0
21418
0
0
0
4448
0
124
3558
0
0
0
6939
6631
0
0
22039
0
0
12294
0
14657
0
5813
0
0
5050
0
0
0
25426
0
0
0
0
0
15518
0
0
21893
0
329
0
0
0
0
10406
0
0
0
0
6462
0
5329
14023
0
0
22040
0
642
0
0
0
8898
0
20553
0
20615
0
0
0
14981
0
15932
0
10473
0
11282
0
0
4457
0
0
0
0
0
0
1232
4087
0
6872
0
0
6546
0
0
10526
0
1667
10756
0
2555
0
9129
0
0
13831
0
0
0
0
0
0
25747
0
10033
0
0
4840
6614
0
0
13162
0
1467
0
9082
40
2864
0
0
0
19165
0
6874
0
0
28630
0
0
9353
0
20096
0
0
0
12985
0
6993
0
10163
0
22574
0
0
18612
0
0
0
0
0
6654
17989
0
11804
20549
0
0
23919
0
19079
0
0
13619
4992
0
0
0
0
0
0
2726
7506
80
0
1238
21028
0
19640
239
0
6839
1738
0
0
0
10720
0
15286
5240
0
20872
0
0
0
27996
0
0
0
0
0
0
0
382
0
0
13353
0
0
2511
21536
0
0
3128
0
6798
0
22430
0
0
0
4743
0
10800
0
0
8400
0
9616
0
25954
0
0
6175
0
13496
0
769
5939
0
0
9350
0
6810
461
7036
4361
0
0
0
0
17171
0
0
24830
0
0
16210
0
29946
0
0
0
3603
2835
9289
0
7956
12989
0
6440
0
15738
0
21584
0
0
0
0
19011
0
9571
5905
0
0
0
23659
0
0
0
17328
0
0
9647
0
18890
0
0
4364
1997
0
0
8471
0
0
7681
0
7224
0
0
5547
0
0
16183
0
0
15755
0
8861
2289
0
4188
0
0
9225
0
16359
0
0
0
2649
0
21551
3882
0
0
0
0
20187
0
10506
4844
6690
0
0
4659
0
5266
0
16458
2450
0
3974
0
4017
0
8634
0
3244
0
0
13754
0
0
13339
0
3204
9882
0
29497
0
0
0
0
0
0
0
7897
22575
0
0
12264
0
10060
0
3686
0
0
18774
2469
10310
8294
1495
0
0
26419
0
5131
0
0
0
0
3735
0
17881
0
18114
0
20392
2253
0
0
0
3512
0
22185
0
10867
0
0
0
0
0
13849
6415
0
0
0
0
15191
0
0
32767
0
20377
0
0
0
0
0
0
0
0
0
1368
0
0
0
8926
2791
0
14505
0
0
13527
0
0
0
14362
0
1750
0
0
0
0
16512
0
0
