-29542
-32768
-14137
-32768
-31550
-32768
-28093
-6080
-12579
-32768
-18189
-32768
-32768
-32768
-24943
-32768
-28248
-8339
-31227
-24352
-32768
-24273
-32768
-23337
-25193
-32768
-15182
-1129
-32768
-30372
-13484
-26254
-27721
-25376
-14203
-6095
-9747
-19296
-32768
-30420
-16123
-32768
-32768
-21827
-32768
-32768
-12464
-32768
-31763
-32768
-32091
-28412
-19246
-11124
-25219
-32768
-13436
-32768
-32768
-30062
-15355
-22757
-30111
-5853
-29827
-14051
-10412
-26018
-23175
-12726
-32768
-10826
-26285
-32768
-32768
-25359
-18965
-32768
-32768
-32768
-28142
-22469
-8330
-31638
-18658
-23143
-32768
-32768
-20528
-32768
-32768
-21501
-32768
-32768
-32768
-18544
-32768
-32768
-18593
-6011
-32768
-32768
-32768
-23001
-32768
-28985
-19321
-32768
-16392
-32768
-32768
-6875
-32768
-32768
-32768
-10124
-29952
-22461
-30237
-13022
-32768
-32768
-32768
-32768
-23571
-32768
-32768
-32768
-32768
-32768
-28822
-20919
-32768
-16496
-32768
-32768
-17839
841
-29802
-32768
-24854
-32768
-32768
-32768
-32768
-21366
-1758
-9023
-32205
-23302
-19995
-32768
-32768
-26640
-21059
-32768
-31658
-32768
-32768
-32768
-10983
-17496
-32768
-32768
-20286
-15479
-32768
-32768
-32768
-20250
-26290
-29288
-15826
-32768
-28134
-32768
-31455
-12881
-4212
-24684
-32768
-27844
-24342
-18568
-32768
-30708
-31613
-32768
-32768
-32768
-12670
-32768
-14418
-32768
-13759
-32768
-32768
-24088
-2912
-20063
-9457
-20429
-32768
-32768
-18586
-32768
-32768
-10756
-25876
-32768
-32768
-17658
-23392
-31630
-32768
-29836
-29856
-25551
-18882
-7514
-30998
-27144
-184
-32370
-32768
-15400
-19826
-32768
-32768
-16796
-32768
-31367
-18443
-27806
-25412
-32768
-32768
-30508
-32768
-32768
-13117
-32768
-1472
-18831
-32170
-32768
-24845
-16729
-5375
-32453
-32768
6494
-24010
-20832
-32768
-32768
-32768
-31898
-17373
-32768
-32768
-27382
-24929
-32730
-32768
-32768
-32768
-32768
-32768
-19788
-18750
-32768
-12838
-27586
-32768
-32768
-32768
-11874
-32768
-32768
-9818
-32768
-32768
-32768
-15797
-17937
-32768
-25807
-32768
-32768
-8367
-16605
-32768
-22223
-32768
-32768
-32768
-32768
-13812
-19497
-27060
-18833
-32768
-13102
-29430
-32768
-32768
-25662
-32768
-9414
-24764
-32768
-17082
-4390
-10732
-32768
-7024
-32768
-32768
-1156
-17678
-32768
-32768
-6871
-14670
-11046
-32768
-31712
-20377
-32768
-14585
-32768
-7000
-13938
-17464
-32546
-18555
-30001
-32768
-32768
-32768
-16465
-12585
-18513
-20033
-13531
-23247
-32768
-24385
-31204
-32768
-19546
-32768
-28781
-18725
-17099
-32768
-25348
-32768
-30764
-32768
-18100
-12119
-32768
-25217
-32768
-21268
-32768
-21527
-32768
-32768
-7609
-14999
-6146
-10451
-25718
-19188
-9226
-32768
-32768
-15504
-27648
-32768
-17301
-6998
-28865
-22246
-32768
-32768
-760
-27175
2397
-32768
-30703
-30333
-24308
-32768
-9075
-21214
-17743
-14928
-32768
-10907
-31750
-32768
-32768
-6219
-22689
-31769
-28138
-28217
-32739
2828
-26928
-32768
-32768
-32768
-31704
-7999
-32768
13408
-32768
-32768
-12450
-27060
-993
-17742
-32768
-26438
-17824
-21591
-19291
-22340
-32768
-23653
-3210
-12561
-32768
-25811
-32768
-25514
-8784
-32768
-25119
-32768
-28523
-31942
-5105
-20352
-32768
-20816
-32768
-29979
-25374
-22801
-25424
-26890
-30853
-32389
-31741
-21146
-15663
-32768
-11977
-7206
-26701
-32499
-30989
-32768
-31811
-26987
-18975
-32768
-22137
-31155
-32768
-21923
-32768
-31032
-9088
-23785
-13462
-7205
-18534
-32768
-9822
-32203
-20014
-32768
-11136
-32768
-16732
-20176
1137
-32768
-26165
-32768
-22699
-25807
-25585
-27346
-23875
-31817
-11626
-32768
-17232
-32768
-32768
-26381
-32046
-32768
-9499
-15106
-22043
-28481
-16794
-17759
-32768
-32768
-32768
-30040
-30476
-23000
-15130
-28796
-4204
-32768
-32768
-17479
-19498
-19864
-14398
-9047
-32548
-32768
-29666
-32768
-16756
-32768
-32768
-30519
-23963
-17545
-24703
-31765
-21351
-17415
-32768
-32768
-32768
-32768
-19591
-10927
-32768
-9090
-32768
-32768
-21654
-32768
-17791
-32768
-16721
-15695
-32768
-962
-32768
-16870
-32768
-32768
-32211
-32768
-32668
-16773
-32768
-13797
-32768
-32768
-20150
-32768
-7961
-19697
-13871
-32768
-32768
-19939
-32768
-20259
-23868
-32768
-32768
-14980
-32768
-18567
-25969
-21535
-32768
-32768
-25826
-5564
-27186
-31019
-28125
-32768
-21299
-24940
-32768
-22141
-32768
-10807
-32768
-32768
-32768
-32768
-21617
-11771
-10006
6987
-20573
-24253
-32768
-32768
-27064
-17744
-21334
-32768
-12220
-32768
-22897
-32768
-26880
-25866
-32768
-11930
-25523
-30864
-21840
-26591
-26585
4888
-32768
-24603
-30385
-32768
-21024
-20885
549
-32768
-32768
-32768
-31126
-25269
-23546
-32768
-20950
-9894
-20246
-32768
-10706
-29737
-28705
-18420
-32768
-19941
-32768
-25715
-26167
-23136
-14290
-32186
-21646
-32768
-32582
-846
-28527
-32768
-24886
-32768
-32768
-23020
-21055
-32768
-32768
-32066
1638
-32768
-32768
-8111
-32768
-32768
-23448
-32768
-32768
-32495
-16786
-32768
-32768
-32768
-22696
-32682
-27304
-22582
-32768
-32768
-28586
-25113
-32768
-17319
-22330
-14875
-32768
-32768
-15375
-32768
-31218
-24889
-11429
-16116
-32768
-23576
-32768
-32768
-32768
-20639
-32768
-32768
-19926
-32768
-17027
-32768
-13330
-18695
-32768
-17761
-32768
-32768
-23490
-10332
-21044
-32768
-24844
-13279
-32768
-25319
-15208
-19866
-32768
-32768
-29707
-19551
-27542
-32768
-7625
-30641
-20658
-19331
-32768
-32768
-32768
-13947
-19788
-30949
-1152
-28344
-32768
-12241
-30251
-26628
-29540
-479
-21095
-27023
-32768
-12774
-32768
-32768
-26451
-25002
-18585
-25651
-14480
-15292
-29277
-32768
-18568
-27793
-32768
-14759
-32768
716
-32768
-8906
-32768
-32768
-25560
-29167
-14365
-23597
-22514
-32768
-32768
-31813
-32768
-32768
-20540
-26515
-26967
-32768
-4482
-28529
-32768
-32768
-32768
-13177
-22414
-32768
-4350
-32768
-24719
-32768
-32768
-30028
-32768
-23969
-32024
-22099
-18571
-23826
-11597
-32768
-4380
-32768
-26561
-3676
-32768
-30496
-32768
-2953
-32768
-32768
-13763
-16696
-31009
-32768
-16749
-10604
-32768
-32768
-32768
-32768
-14823
-13011
-16682
-8550
-6337
-24972
-31267
-32768
-29569
2161
-23477
-19267
-5835
-32768
-28975
-28894
-32201
-20385
-32768
7155
-328
-7054
-27262
-27259
-29897
-32768
-32768
-11631
-29237
-26205
-12872
-32768
-25144
-17367
-16666
-32768
-21610
-19674
-29255
-32768
-32768
-9613
-24167
-12629
-21914
4009
-19593
-32768
1239
-13713
-30798
