-13030
4943
8806
-574
10705
11128
-22189
-19242
-25129
-19423
8146
-27734
7632
5340
7475
2876
8640
-3051
3724
21178
-7605
11548
-1100
-3586
-28342
11484
-1146
-14789
-26218
19470
-1879
-15975
5790
-21588
-15293
-31967
-15318
3472
8480
-27632
4866
3883
5650
-32768
4807
-7156
-15177
23378
-11164
5467
3584
-4535
-8080
-25183
3844
-7596
-3015
7984
24821
-25620
-18909
5161
-11553
-2217
-7053
26913
-11918
2186
6043
1203
-16890
-24887
-14149
9009
-2331
-1027
10731
-18290
13560
7345
-18716
10828
2426
-16316
-10741
28880
22
-7709
1583
651
-20120
19329
5793
8952
13326
22270
17063
7778
-9840
4849
3369
15802
13442
9723
-12851
-14813
18209
-4521
-22581
-17505
-11660
1327
3565
21468
-760
6156
-7852
-23566
-19981
-25186
10424
15429
-2796
6613
5733
-2991
-4563
15064
6072
14994
-10763
-12088
-32768
11174
-23302
14004
-4115
-30542
-12134
8126
-3291
15415
21728
-18030
-10017
10313
-27986
-9399
1261
1836
-23647
-3009
-22695
-20466
-5049
-11480
-6694
-16576
-3742
-7012
-11912
6862
-16527
1807
9690
-20457
7804
24856
21545
-15505
-10729
-16470
-25003
-20316
3782
14922
11240
6018
-824
-22666
-13999
15456
-29128
-8334
-6460
-6212
-1126
-3159
-223
2553
4070
-15979
16388
-18950
-25242
28462
5438
-32768
-16371
-13365
-7678
-8655
15074
-24173
9907
-2475
-7255
21458
-1600
-3901
-17536
9598
-10117
11124
-1029
-17029
4979
-22588
-25102
-18517
-9727
2223
-27358
-2392
-3547
-26277
-5990
5593
21505
23589
-10769
8513
11830
-32768
4480
-1719
-7055
16863
15675
5547
5431
-22258
8092
-18958
-12612
-10052
-795
-7029
3293
-12751
8435
6929
-3726
-15115
-152
32767
-12927
-7637
6485
-8644
16371
-3418
8176
-20118
16818
-11449
6420
9932
-818
-11282
-16853
14174
-11635
14010
-4020
-10811
13532
7417
4747
24691
-2263
-3632
19891
10476
-21256
-26046
-5680
-14866
-6556
17714
-28045
-18415
-6938
-5012
3010
-19115
-18754
-13187
-12850
-28372
24874
-23350
20332
-2226
-16500
-11129
-14303
25246
-15453
-30742
15742
2638
-6771
-25629
-13406
-1817
-14861
-5958
-7350
-4616
-6892
595
14030
-22089
-7272
-18606
-25739
-18362
25242
-5604
-8598
-8698
7050
-4518
-16471
-25892
11825
-20711
6125
14033
5618
-1803
-6452
-195
-1932
-7712
-5590
-7312
-19318
7363
4722
4406
-29418
11540
12866
292
-12725
-6885
-2624
8475
-7008
5838
5681
-10281
29678
-20181
9151
14637
-1541
-25786
-7124
-17830
-2510
2201
-9778
-6638
11153
-6467
-26434
20073
-9671
-20335
16343
-22096
6875
-19896
2398
-722
10508
436
-7846
-24569
-3128
16738
-15392
-600
-6048
-30724
-22868
-5804
-7676
-8014
26570
-3667
23319
18204
3926
-4599
-13811
-3285
15470
-4715
-16926
-3734
22840
11249
-4733
1428
-18962
-24732
-15242
-845
-1602
-5866
3099
-31134
3783
-8925
29501
-27169
24127
-8912
7259
-1992
-245
-28042
3076
-12092
3181
-444
11222
-5375
3080
4056
4502
-22811
-7387
-18823
12539
-2751
5812
-1713
-13013
4657
-12671
10819
11678
-16317
340
21574
-13627
-3136
13216
-31368
-20130
-7621
25945
5017
-17058
-3318
-13294
10690
-10267
1503
4238
-18677
22020
-5673
7893
6583
-9803
-13744
-17461
-8571
-6137
8145
-10629
-5447
-11889
2070
14280
966
-15168
5594
-5348
31283
-15800
-9992
-2716
-23745
15172
-5837
-15322
356
-23611
-6110
-13098
14796
-3441
-2262
16254
12823
-11187
20803
-32066
13855
5975
-28685
14713
3929
1519
2307
10589
280
-18665
-6133
-4762
-9744
7530
-6710
-27041
19844
-29775
3834
5493
-16386
14182
-7981
-94
10177
-9916
11620
7335
-2959
-5691
4797
7751
-13461
-23342
12406
-17712
-3950
-8143
-8023
830
11177
-11974
12676
-19623
26600
3854
584
12817
-21966
10329
-24400
-14217
-7087
12917
-15582
490
1615
574
6498
-9848
5771
8387
-3393
-25092
3356
-21389
-2359
11693
15544
1740
-2707
-10499
-12091
3967
-27889
8781
7092
8400
-4752
-3348
-9985
23372
-18896
-32768
-2910
-28072
19417
-10506
11222
-14012
-4351
10937
-31876
11152
-8185
4570
31460
-21916
-15080
10131
-25577
-28886
-17698
-7080
14072
5723
8583
-5723
-24828
29171
-13062
-32768
19171
14842
-15099
21346
-18636
12592
-32420
3670
-7691
4335
-20048
-11880
-234
-20294
-720
2659
-5741
-26656
25271
1284
28498
764
-8459
-2075
-22518
15737
2096
-19238
-3803
-6347
6393
-17501
25519
-17256
-1690
-1263
28624
-12800
-12918
19067
-21221
26286
407
-12597
110
-24881
8990
19832
21463
3716
-3749
-1246
-29696
-6474
22051
-4605
-2304
9813
-3301
58
-5494
-12855
3604
-3216
-1610
15159
-30719
11444
12950
8510
16650
-15156
3925
3482
-4633
11166
19446
-24912
11661
-6393
-24485
-23999
8286
-6112
13743
-19070
18115
8232
-21382
-28334
15964
16703
-19206
-27590
-10663
14907
1731
-24840
-6219
-15533
5639
4085
8390
-27402
2699
-8853
-27162
10914
-13077
-20805
5106
8048
-9567
-28782
-30241
12850
-16444
-20460
18664
26563
-13657
-13722
3835
-18147
4408
-26791
-15400
9070
-19868
21752
-12651
-6671
-1028
-8861
-20453
-9812
3896
-10126
11235
7434
-20935
9336
-29412
10311
13685
-21109
32767
9715
9499
-32768
3569
-11055
-4846
-32768
8814
29705
-8130
-17276
-3201
-10854
-23158
2287
-10318
5140
5071
13831
-11952
2562
-5810
1249
5819
-6442
25136
-3436
-13542
27220
-14028
-32768
6589
-14530
14105
-13737
5578
8491
11989
-31004
15069
478
-10379
-8182
-521
17212
14718
7747
3362
-19420
-18497
-571
-3138
-24974
4034
5667
-24058
-20656
-10886
-32091
5507
-7171
-1689
11963
-6876
24303
-16340
-23422
2464
-11070
10810
-19235
-3781
15926
-18716
16803
-19657
-12165
-32768
6355
-24521
-13995
24042
11829
-14673
-11647
-5209
-7409
-6479
5991
5742
-12545
-6324
-19216
3838
-25904
-9147
-7465
-386
-28737
7504
10884
-6441
-3191
-26108
-15215
11180
805
25555
-12789
20896
-5902
-13516
-5354
20767
2743
14869
4371
2539
-9050
-18158
-16440
-27123
2586
-6530
-716
10487
