22417
-17916
17826
-15298
26564
10873
747
-16724
-21649
-8193
-3000
-21924
-16491
12331
-8009
-1682
1365
-3134
-3894
1667
-2
5376
-2431
6141
3453
-20271
-3947
-7341
-23489
24361
13688
-9856
-12782
7450
-22434
-12806
-3203
-4907
-12417
-14909
13151
8037
-4906
6302
-2435
-22659
23337
-21195
-11246
681
5062
1419
-26256
5530
6731
-28054
-12393
6679
-5958
-11581
4616
-11306
-23541
3218
-6193
-12187
-8453
-14174
10372
19799
-32768
-11238
-17250
-10558
-19522
14835
-12939
-18127
16973
-20880
12091
-1506
-3372
-32768
14933
8262
-6422
-15362
29831
-1244
-27203
12970
-20848
10060
-8086
9747
5323
-9288
-22155
10690
-18467
23905
-4409
19127
-13829
-9320
19737
-7881
9426
-7122
-11465
-10551
-14334
9100
-11001
12370
1891
5213
-32768
1370
9025
-5331
9755
-1018
19232
-32391
10086
15276
-1367
-949
17014
-8848
-15636
-11982
-3596
5850
-32768
-12910
-17074
-16729
6106
-2817
-1546
8166
11586
-32768
-9736
4777
-8009
3284
22853
-16135
-4738
-3333
2904
-17864
-7639
-10438
-8136
-27275
-3856
-8130
-14508
-12986
10023
-4914
-21449
24255
13722
9824
14133
-22318
-13806
-13382
7703
-16068
-5571
3957
-13928
5680
574
-16739
-7656
-16438
-24966
-2298
2512
-11493
20123
4244
-1776
-20138
32767
-32768
15515
13949
-6887
-17667
-11783
-28520
-16056
2060
-14272
918
19216
-21187
9654
-2793
-12237
-18071
142
-7646
9459
6301
-17238
10761
-4579
-6064
-9651
-12139
-1342
-24266
6722
14297
-32768
-23192
-2610
6061
751
595
-10935
1169
-6607
-7560
-15257
-10662
-5206
-2463
-11394
28875
10837
-32768
10602
-19832
-6949
-9934
-12024
432
-16207
-13827
-14082
11699
-32768
-12346
22812
238
-18285
15661
-16839
159
2805
11266
-13360
16563
-20402
-4252
15928
-20757
11848
10459
13733
-22213
-2082
-6229
-6415
7635
-11323
-6824
6382
11159
11213
-10195
12131
16015
-5382
-421
-5989
-9072
3297
-11329
9179
-13630
-32768
24547
-6489
-2696
4441
-7916
-12957
-11547
-19907
21772
-9409
1332
1392
5021
-3389
13390
-32768
-512
1960
-14281
-4654
-15535
1454
-32768
-1780
386
-25948
2337
-14401
4544
-19816
9560
-24634
-12073
-25850
-2809
1450
-16586
-118
-14375
8709
-18087
-25778
4580
-10937
-29817
13312
-7692
-6007
16017
1450
-2200
-751
2797
-144
-4228
11336
-16771
3715
-4013
-5329
7980
-6058
2192
4005
-3949
-20736
26675
-28511
27815
-13552
-14611
8964
-17729
18865
-8309
12092
9635
-18732
-2097
-14589
-16218
-19704
-9082
-8706
-11146
4964
-7841
-21416
12614
-438
-745
-24013
-25691
-1631
10763
-20918
5655
-4139
2931
-12633
658
-380
31467
-25665
-15176
-14499
-3137
-7738
-6454
-4078
-9114
16120
17679
1613
-10753
-3238
-11100
11321
-27053
7636
-10126
-454
-2711
18683
13473
-13506
-6695
6369
-18785
-27455
21418
-32768
-587
-18347
4448
-18328
124
3558
-6096
-1028
-615
6939
6631
-18042
-27745
22039
-9858
-2737
12294
-20993
14657
-23203
5813
-27176
-11435
5050
-32768
-2771
-2867
25426
-11212
-140
-1728
-1127
-8038
15518
-2546
-19149
21893
-16744
329
-18182
-17656
-5396
-4444
10406
-1160
-12552
-3109
-15196
6462
-7039
5329
14023
-11936
-4755
22040
-24938
642
-5833
-8669
-14028
8898
-24381
20553
-32768
20615
-17882
-2094
-16552
14981
-8382
15932
-23653
10473
-16759
11282
-7540
-3026
4457
-5789
-23113
-2984
-14088
-2295
-25443
1232
4087
-438
6872
-15965
-2432
6546
-20511
-557
10526
-12348
1667
10756
-12530
2555
-16275
9129
-13515
-8932
13831
-22663
-6048
-16641
-5009
-795
-15187
25747
-17785
10033
-5592
-20248
4840
6614
-10285
-8352
13162
-15674
1467
-16822
9082
40
2864
-3634
-4621
-32397
19165
-31786
6874
-2703
-27626
28630
-15609
-1416
9353
-26901
20096
-29170
-9723
-3053
12985
-2375
6993
-23187
10163
-27280
22574
-14284
-20095
18612
-19093
-6289
-27547
-11803
-3597
6654
17989
-4208
11804
20549
-19222
-26244
23919
-29667
19079
-3603
-23328
13619
4992
-26499
-13320
-8805
-1844
-6134
-5875
2726
7506
80
-16529
1238
21028
-27303
19640
239
-19349
6839
1738
-26803
-6967
-32768
10720
-18014
15286
5240
-26288
20872
-12256
-4387
-20948
27996
-15641
-23988
-1160
-3159
-4422
-24734
-4311
382
-1550
-21386
13353
-31088
-5118
2511
21536
-16268
-21903
3128
-13431
6798
-7180
22430
-16212
-11483
-1039
4743
-22507
10800
-18085
-6876
8400
-5899
9616
-32768
25954
-9064
-11406
6175
-29595
13496
-17489
769
5939
-32768
-7350
9350
-14626
6810
461
7036
4361
-18574
-7495
-1950
-22543
17171
-23376
-3197
24830
-22968
-18061
16210
-29431
29946
-32768
-1455
-845
3603
2835
9289
-21098
7956
12989
-9388
6440
-8697
15738
-15485
21584
-25818
-10136
-1353
-11206
19011
-8561
9571
5905
-27386
-1256
-17028
23659
-32768
-9029
-2058
17328
-9150
-6031
9647
-32768
18890
-8469
-14589
4364
1997
-12638
-12438
8471
-28580
-9825
7681
-10046
7224
-10745
-12129
5547
-31743
-24925
16183
-1043
-2633
15755
-7764
8861
2289
-32768
4188
-7054
-8851
9225
-13722
16359
-3472
-19765
-12235
2649
-27966
21551
3882
-12740
-10823
-12620
-32768
20187
-32768
10506
4844
6690
-9360
-30
4659
-26680
5266
-4043
16458
2450
-7604
3974
-12408
4017
-22122
8634
-32768
3244
-4743
-15494
13754
-15344
-9660
13339
-2674
3204
9882
-10703
29497
-26
-13310
-7702
-3365
-8742
-7010
-19315
7897
22575
-32768
-8287
12264
-26228
10060
-32408
3686
-4399
-1246
18774
2469
10310
8294
1495
-20418
-32768
26419
-20416
5131
-1395
-22810
-6994
-24556
3735
-22449
17881
-15495
18114
-12775
20392
2253
-5334
-2222
-1865
3512
-4328
22185
-7555
10867
-31897
-14122
-15839
-20191
-14422
13849
6415
-22591
-7
-14060
-16588
15191
-15466
-4737
32767
-22326
20377
-25300
-933
-4198
-4243
-29075
-5431
-20224
-2574
-16156
1368
-22115
-18604
-9124
8926
2791
-1767
14505
-20072
-24125
13527
-2978
-7889
-3641
14362
-8137
1750
-18016
-16056
-6858
-27164
16512
-8447
-519
