0
0
0
1
11
4
15
29
10
13
13
0
0
0
0
0
70
2
0
70
32
59
19
0
0
11
0
0
0
0
6
0
0
0
5
14
6
31
34
0
14
24
0
0
0
0
1
66
89
104
42
0
0
0
0
68
0
0
8
0
17
4
0
0
6
21
11
19
22
0
9
56
10
0
0
0
0
16
125
174
109
0
0
0
0
0
0
0
26
0
8
0
0
0
11
19
13
0
0
0
26
67
0
0
0
0
0
0
0
125
90
82
124
26
0
0
0
0
0
0
0
0
1
9
14
12
13
0
0
0
42
70
0
5
0
0
0
0
0
0
1
80
132
116
165
23
0
0
0
0
0
0
5
10
9
5
13
0
0
24
41
15
54
1
0
0
0
0
0
0
0
0
7
61
160
166
94
0
0
0
8
4
0
0
0
2
1
0
0
39
32
0
40
0
1
11
0
0
0
0
0
0
0
0
0
71
108
74
0
0
26
16
0
0
7
0
0
0
5
0
20
45
4
0
19
22
20
0
0
0
0
0
0
0
0
0
0
50
56
0
27
16
0
2
30
0
0
14
0
0
9
38
9
2
12
0
0
13
28
11
0
0
0
0
0
0
0
0
70
84
25
5
0
0
19
0
0
17
0
9
9
6
4
0
20
0
0
22
32
6
3
23
9
0
0
0
0
1
42
45
25
0
0
0
0
12
20
0
4
8
18
8
0
0
23
30
0
0
17
24
18
6
19
17
0
0
2
21
12
0
19
0
13
0
0
21
21
0
8
8
28
19
0
0
0
28
10
0
2
30
29
2
10
21
5
0
0
8
9
0
9
0
29
11
0
10
14
0
0
1
23
21
0
0
0
23
40
0
0
17
29
8
2
17
19
1
0
2
7
0
6
0
13
11
0
0
3
0
0
0
15
17
4
0
0
15
46
5
0
0
21
14
6
11
13
3
3
14
8
0
17
1
0
0
14
0
0
14
0
11
12
12
12
1
0
0
24
4
0
0
14
18
0
3
23
10
2
12
12
0
42
9
0
0
27
0
0
32
0
2
0
4
11
2
9
2
4
0
0
0
13
25
0
0
41
18
0
0
4
6
61
16
0
0
18
0
0
17
0
0
0
8
10
5
18
18
8
0
0
0
13
29
0
0
26
12
0
0
2
13
45
16
0
9
7
0
0
0
0
0
9
10
1
0
10
21
17
8
0
0
11
23
7
0
8
4
0
0
4
12
6
12
16
16
2
0
0
1
3
8
13
8
0
0
4
12
7
5
0
2
13
19
14
5
5
2
0
0
1
5
0
6
31
24
3
0
2
0
0
0
9
13
8
0
10
7
0
0
0
6
17
20
17
7
5
5
0
0
1
1
0
0
29
29
13
7
7
0
0
0
7
13
12
3
6
3
0
0
0
2
12
15
15
7
7
11
10
10
3
0
0
0
6
27
27
15
5
0
1
9
11
6
0
0
0
1
8
1
0
0
1
8
13
8
7
14
18
16
2
0
0
0
0
20
40
20
0
0
8
15
13
1
0
0
0
17
22
10
0
0
0
12
5
0
3
12
19
13
0
0
18
0
0
0
25
27
4
3
11
13
7
0
0
0
14
16
3
12
0
0
0
20
0
0
0
12
18
6
0
0
34
2
0
0
0
21
12
16
19
17
5
0
0
0
18
0
0
14
23
0
0
11
1
0
0
15
17
0
0
3
36
8
0
0
0
0
10
25
15
18
13
4
0
0
1
8
4
0
2
13
9
0
8
6
0
13
14
0
0
12
20
0
0
9
10
0
10
21
0
8
16
10
0
0
0
12
34
0
0
11
25
3
12
10
0
5
10
2
5
16
0
0
0
14
23
0
0
0
3
12
14
1
0
0
0
15
28
10
0
2
17
21
14
0
0
0
1
5
10
14
0
16
8
0
0
3
0
0
19
23
13
0
0
0
5
25
16
7
5
12
14
8
6
1
0
0
0
6
12
8
0
33
23
0
0
0
1
0
0
6
9
12
13
9
2
15
14
0
0
27
20
0
0
14
0
0
0
15
20
7
