-8
-3
-4
1
11
4
15
29
10
13
13
-95
-354
-413
-210
-61
70
2
-10
70
32
59
19
-37
-4
11
-70
-156
-71
-70
6
-1
-8
-6
5
14
6
31
34
-25
14
24
-132
-380
-416
-196
1
66
89
104
42
-7
-68
-150
-46
68
-81
-156
8
-43
17
4
-13
-11
6
21
11
19
22
-27
9
56
10
-165
-407
-395
-180
16
125
174
109
-1
-44
-150
-174
-89
-52
-37
26
-86
8
0
-9
-3
11
19
13
-6
-10
-18
26
67
-10
-15
-170
-345
-338
-270
-37
125
90
82
124
26
-83
-187
-197
-94
-22
-62
-10
-7
1
9
14
12
13
-19
-37
-16
42
70
-7
5
-23
-148
-279
-399
-327
-112
1
80
132
116
165
23
-185
-250
-186
-52
-12
-7
5
10
9
5
13
-4
-48
24
41
15
54
1
-17
-43
-122
-183
-379
-365
-199
-103
7
61
160
166
94
-132
-290
-132
8
4
-1
-4
-2
2
1
-1
-20
39
32
-6
40
-5
1
11
-13
-26
-179
-272
-324
-290
-118
-116
-34
71
108
74
-111
-148
26
16
-12
-8
7
-7
-13
-3
5
-6
20
45
4
-6
19
22
20
-19
-26
-39
-172
-206
-153
-227
-182
-83
-49
50
56
-22
27
16
-23
2
30
-20
-19
14
0
-10
9
38
9
2
12
-9
0
13
28
11
-24
-23
-59
-119
-131
-124
-97
-24
70
84
25
5
-27
-5
19
-11
-4
17
-3
9
9
6
4
-5
20
0
-16
22
32
6
3
23
9
-9
-24
-54
-47
1
42
45
25
-6
-14
-15
-14
12
20
-1
4
8
18
8
-13
-16
23
30
-15
-2
17
24
18
6
19
17
-9
-13
2
21
12
-11
19
-9
13
-4
-32
21
21
-25
8
8
28
19
-13
-14
-6
28
10
-8
2
30
29
2
10
21
5
-7
-7
8
9
-5
9
-6
29
11
-31
10
14
-30
0
1
23
21
-6
-9
-26
23
40
-1
-14
17
29
8
2
17
19
1
-9
2
7
-1
6
-3
13
11
-13
-8
3
-12
-6
0
15
17
4
-3
-24
15
46
5
-22
0
21
14
6
11
13
3
3
14
8
-8
17
1
-24
-3
14
-18
-10
14
-1
11
12
12
12
1
-12
-2
24
4
-14
-3
14
18
-1
3
23
10
2
12
12
-3
42
9
-41
-10
27
-19
-3
32
-8
2
0
4
11
2
9
2
4
-2
-9
-3
13
25
-9
-2
41
18
-10
-9
4
6
61
16
-24
-1
18
-17
-1
17
-18
-13
-2
8
10
5
18
18
8
-2
-14
-9
13
29
-2
-6
26
12
-9
-11
2
13
45
16
-2
9
7
-15
-9
0
-7
-2
9
10
1
-3
10
21
17
8
-8
-7
11
23
7
-3
8
4
-7
-7
4
12
6
12
16
16
2
-11
-5
1
3
8
13
8
-4
-9
4
12
7
5
-1
2
13
19
14
5
5
2
-9
-9
1
5
-26
6
31
24
3
-3
2
-1
-5
0
9
13
8
0
10
7
-12
-13
-7
6
17
20
17
7
5
5
-2
-2
1
1
-36
-4
29
29
13
7
7
-1
-9
-2
7
13
12
3
6
3
-12
-16
-11
2
12
15
15
7
7
11
10
10
3
-1
-23
-18
6
27
27
15
5
0
1
9
11
6
-1
-8
-9
1
8
1
-8
-8
1
8
13
8
7
14
18
16
2
-4
-2
-34
-26
20
40
20
-3
-4
8
15
13
1
-11
-17
-3
17
22
10
-12
-17
-1
12
5
-3
3
12
19
13
-4
-10
18
-27
-39
-5
25
27
4
3
11
13
7
-2
-6
-8
14
16
3
12
0
-16
-5
20
-3
-21
-1
12
18
6
-9
-9
34
2
-27
-37
-17
21
12
16
19
17
5
-3
-2
0
18
0
-20
14
23
-2
-10
11
1
-16
-3
15
17
-2
-9
3
36
8
-17
-27
-23
-9
10
25
15
18
13
4
-7
-10
1
8
4
-1
2
13
9
-5
8
6
-6
13
14
-4
-4
12
20
-4
-12
9
10
-25
10
21
-2
8
16
10
-11
-20
-21
12
34
-6
-22
11
25
3
12
10
-9
5
10
2
5
16
-4
-3
-4
14
23
-10
-2
-7
3
12
14
1
-21
-27
-13
15
28
10
-6
2
17
21
14
-1
-12
-8
1
5
10
14
-14
16
8
-12
-2
3
-7
-20
19
23
13
-6
-21
-21
5
25
16
7
5
12
14
8
6
1
-11
-17
-8
6
12
8
-4
33
23
-21
-26
-4
1
-12
0
6
9
12
13
9
2
15
14
-11
-3
27
20
-19
-8
14
-1
-13
-5
15
20
7
