-11780
-21760
-23842
-18764
-20228
-16789
-8101
-26726
-30783
-32768
-32768
-32768
-23657
-32768
-32768
-22201
-32768
-25037
-20004
-32768
-32768
-17556
-20744
-25825
-32768
-32768
-31398
-13509
-21123
-30135
-24728
-32768
-22613
-32768
-22568
-13647
-10490
-17132
-2224
-9857
-13968
-30379
-32768
-32451
-32768
-26272
-32768
-17645
-20599
-26067
-24439
-32768
-16594
-16054
-32768
-24935
-32768
-31312
-21440
-27698
-27477
-32768
-25724
-32768
-26943
-32768
-29763
-29716
-22624
-12434
-19273
-12049
-18891
-32768
-31729
-25955
-32768
-10608
-19389
-32768
-19569
-29992
-23505
-27788
-32768
-9095
-13334
-32768
-32768
-32768
-32768
-20623
-22903
-32768
-25791
-28851
-32768
-28612
-32768
-29206
-27195
-29012
-23747
-27389
-32768
-16320
-30048
-19201
-27335
-13713
-16174
-32768
-32768
-31965
-27805
-32768
-31112
-18928
-27135
-32768
-19874
-30722
-21334
-22898
-32374
-32768
-30893
-32768
-18883
-19926
-32768
-12415
-32768
-26270
-28475
-32768
-16818
-17210
-32768
-2017
-15482
-22698
-19664
-21757
-20859
-32768
-28380
-32768
-16524
-18879
-26399
-32768
-20150
-28753
-15346
-32768
-32768
-20198
-32768
-19237
-32768
-25433
-17582
-26713
-32768
-23729
-28875
-32768
-32768
-13595
-14832
-17835
-10186
-7573
-32768
-16662
-12769
-28668
-23365
-30562
-22701
-32768
-23320
-32768
-14394
-27357
-20996
-21699
-32768
-29742
-29986
-30069
-32768
-32768
-31570
-27449
-29010
-32768
-32768
-22524
-32768
-14917
-7810
-18900
-13006
-17092
-28348
-27071
-28789
-28886
-17040
-32768
-11935
-32768
-29360
-32768
-6305
-31661
-28509
-22369
-32565
-27836
-26663
-32768
-32768
-32768
-32768
-32768
-25479
-25204
-32768
-32768
-12256
-32768
-9988
-32626
-32768
-25770
-32768
-19245
-25455
-31718
-21411
-32768
-30877
-32768
-32688
-30609
-10160
-32768
-29935
-25066
-20994
-32768
-29317
-32768
-32768
-32768
-32768
-32768
-32768
-19447
-32768
-32768
-14463
-32768
-32768
-32768
-32768
-22566
-32768
-23371
-28568
-32768
-29479
-32768
-32768
-26491
-20527
-28052
-28626
-32768
-19092
-32768
-28868
-22737
-32768
-18532
-29851
-32768
-20891
-12787
-32768
-32768
-18918
-32768
-18516
-32768
-32768
-25457
-19285
-15396
-18739
-26940
-18786
-23619
-24813
-32768
-31905
-4969
-19272
-32428
-32768
-23367
-14808
-32768
-32768
-21713
-32768
-15145
-18406
-32768
-22244
-21065
-32768
-32768
-20650
-32635
-28400
-32768
-32768
-32768
-17443
-8745
-30249
-17514
-26510
-32768
-28069
-31257
-26039
-23954
-18459
-29950
-25622
-29871
-17046
-18379
-32768
-32768
-32768
-24861
-20994
-26700
-32768
-29574
-31054
-32768
-21114
-29089
-10802
-32768
-32768
-18572
-27525
-6737
-32768
-32768
-25893
-32768
-20996
-30290
-32768
-15380
-4282
-25314
-26163
-31689
-23933
-32200
-32768
-27695
-26704
-30455
-29247
-18043
-32768
-32768
-32768
-32768
-28086
-24637
-15225
-25546
-32768
-8681
-27764
-16335
-32768
-27046
-15093
-18678
-30962
-22865
-10477
-18970
-22242
-32768
-23931
-24778
-32768
-32768
-25676
-29623
-32768
-13040
-28411
-16777
-20891
-32768
-29789
-30809
-23219
-11491
-16204
-14882
-23751
-5294
-32768
-24643
-27888
-14190
-21054
-23286
-32768
-4039
-17550
-32768
-32768
-16480
-20953
-32768
-28180
-21874
-22140
-29101
-32768
-3392
-16750
-12636
-32768
-19088
-23963
-24388
-16039
-12967
-25700
-20118
-15681
-26134
-32219
-32768
-24154
-30979
-32768
-11165
-18290
-19118
-32768
-32768
-18718
-16948
-28195
-23717
-14512
-24701
-32768
-22195
-32541
-23013
-23871
-31504
-32768
-28935
-23918
-26129
-5694
-30226
-19465
-32485
-21470
-27181
-29703
-32768
-32768
-32768
-32768
-8918
-21693
-12846
-32768
-32768
-16697
-24410
-7102
-20972
-32768
-32768
-32768
-28225
-22048
-25605
-28847
-32768
-32768
-32768
-10770
-32768
-18759
-28789
-19501
-32768
-32768
-26913
-30367
-32768
-32768
-31386
-18052
-19560
-32768
-28878
-11634
-26189
-32749
-23739
-32085
-19666
-32768
-31995
-23639
-27819
-32768
-22196
-32768
-32768
-21331
-24769
-27878
-24490
-18309
-23418
-25101
-32768
-29118
-23489
-32768
-32768
-32768
-27143
-31466
-32768
-30634
-21793
-21442
-30652
-32768
-32768
-32768
-26661
-26199
-32768
-31794
-32768
-24092
-32737
-32768
-32768
-26017
-28785
-27495
-25035
-7693
-16863
-28911
-28081
-22287
-32768
-20615
-32768
-18324
-31727
-32768
-32768
-11869
-32303
-25897
-32768
-32768
-24979
-24709
-32768
-27281
-32768
-32768
-32768
-20432
-26626
-31208
-27282
-26587
-21629
-32395
-17305
-7133
-17047
-11570
-26773
-22592
-30906
-30574
-26160
-29590
-32768
-22695
-23998
-13866
-32768
-22413
-32768
-32768
-32768
-13498
-32768
-32768
-32768
-32768
-32057
-32768
-32768
-32047
-25928
-31716
-28238
-25184
-22963
-12261
-25462
-25196
-32768
-29946
-22926
-32758
-32768
-32596
-32768
-6921
-21026
-9216
-30742
-32768
-21333
-26013
-32768
-14396
-30107
-29950
-31820
-32768
-27915
-32768
-32768
-32768
-17656
-32768
-32768
-32768
-11751
-12526
-32768
-32768
-32768
-32768
-32768
-24994
-25228
-20623
-32768
-21981
-22097
-15822
-32768
-32768
-22768
-10314
-28211
-10079
-28848
-32089
-15050
-30530
-26825
-32768
-28934
-28014
-23732
-32768
-32768
-27774
-2764
-13966
-28705
-32768
-28042
-22632
-23868
-27019
-22914
-30505
-32768
-23700
-20386
-32768
-32768
-32768
-19378
-12959
-16903
-30455
-32768
-25694
-8657
-31517
-32768
-26671
-10704
-30597
-32768
-32768
-29140
-17590
-16821
-29819
-25464
-24003
-32768
-13294
-3653
-32768
-23647
-28836
-23845
-26626
-32768
-32768
-18255
-28671
-32768
-15867
-32768
-32768
-32118
-32768
-14613
-30231
-32768
-7813
-19789
-23022
-32768
-32768
-23306
-12884
-26399
-32768
-32768
-24409
-14607
-32768
-18792
-27807
-25392
-32099
-23326
-32768
-32768
-32768
-22522
-32547
-32768
-25804
-32768
-32768
-23432
-32768
-32768
-10823
-30651
-22300
-16207
-5578
-28849
-32768
-27754
-32768
-24603
-20286
-28802
-30842
-26428
-32768
-32768
-19720
-25496
-18270
-32768
-32768
-16091
-32768
-32768
-28490
-23157
-31996
-32768
-32768
-23005
-16746
-32768
-23057
-32768
-21517
-17744
-28893
-32507
-32386
-32768
-32768
-32768
-16968
-8300
-32768
-32768
-32768
-8392
-10253
-32554
-14457
-32580
-32768
-30833
-30509
-32768
-28135
-22409
-32768
-25720
-29808
-21997
-15335
-32768
-32768
-32768
-23709
-32768
-32768
-32768
-25877
-24289
-32768
-30875
-29258
-28572
-32768
-32768
-28162
-20269
-8327
-32768
-29200
-23800
-32768
-28712
-19740
-32768
-20961
-13213
-31564
-24490
-22532
-32768
-32768
-32768
-26491
-24917
-32768
-32768
-32768
-19308
-13741
-26631
