314
0
689
0
262
0
768
0
0
2598
736
0
2182
0
0
1088
849
1579
0
0
266
1359
0
165
0
233
1331
0
2267
264
0
1534
0
0
2235
0
0
688
0
0
324
624
242
840
100
0
0
891
1338
1114
0
990
431
582
0
34
0
0
1149
0
0
43
1403
731
399
691
397
0
213
0
149
1130
0
0
958
897
209
0
0
736
438
0
912
1221
0
1375
0
0
139
1703
628
609
0
632
656
719
481
1396
693
0
11
2118
464
459
0
0
63
464
0
566
0
0
1893
1316
367
0
0
1369
0
0
0
244
0
0
0
0
1073
900
577
0
13
0
0
2744
0
0
1024
73
347
402
188
0
0
0
2067
1074
0
977
685
6
0
1168
0
599
2122
0
0
638
1500
541
0
0
0
1259
759
0
202
1913
434
1645
1056
905
0
0
864
613
747
0
0
860
0
1770
307
0
0
0
1063
0
236
0
1075
0
0
1401
324
0
0
0
920
0
228
383
630
0
0
414
2234
0
0
0
871
1103
0
2564
561
0
2045
1596
0
0
58
1847
20
619
1302
0
0
0
0
0
0
489
1320
0
0
0
1250
366
423
237
398
0
0
665
0
0
202
1313
1026
371
794
0
0
1437
1343
1487
922
0
0
1569
633
0
0
819
487
1569
772
7
414
0
27
0
0
0
0
0
0
0
0
1558
269
0
0
523
0
1070
1288
202
811
2425
1794
0
0
308
81
0
0
0
718
70
1769
1266
926
597
34
269
0
0
0
930
0
193
0
795
0
0
0
651
299
0
0
287
1707
384
0
0
655
0
0
691
1052
0
79
485
1261
2355
457
0
605
0
0
536
0
1513
494
0
0
862
432
89
0
691
1905
645
0
67
924
591
754
1214
0
0
0
0
0
0
512
1190
599
0
0
603
573
2288
0
1475
1012
242
42
0
0
0
766
0
286
1156
0
0
692
0
1604
1012
0
0
74
0
0
0
1234
307
439
0
959
0
0
18
734
1256
157
419
1363
523
0
0
839
995
1573
0
681
0
0
995
1125
0
567
577
0
334
71
1227
1775
1055
114
0
0
647
0
1267
0
0
0
0
1192
39
709
0
1436
1220
1510
205
0
694
1165
194
860
0
0
359
1264
0
0
1189
2102
496
0
0
1343
13
2058
1106
89
0
0
0
473
199
0
0
1720
0
0
814
781
0
0
1503
0
0
0
525
288
0
0
0
0
27
0
202
138
859
303
0
2060
0
0
1117
627
1062
0
561
0
386
1702
0
0
215
699
0
0
0
85
1561
1475
0
0
351
0
877
0
183
112
0
624
0
0
0
0
2336
804
1230
1332
690
0
0
19
735
483
1092
1243
153
0
0
817
1757
0
0
346
1086
890
772
114
612
0
0
2201
0
0
0
0
2085
948
390
1014
0
0
201
544
0
908
1671
716
0
628
0
35
0
0
0
0
0
1038
2091
0
0
1185
1786
1096
0
0
0
597
0
0
583
1061
664
0
684
0
206
288
0
1742
0
944
1248
0
0
0
443
0
0
627
784
0
280
0
493
0
0
194
387
362
0
1636
1357
0
0
1102
0
285
0
0
0
1801
418
1980
238
771
929
1103
0
0
0
0
1048
0
427
817
774
193
559
0
915
767
0
0
697
0
827
827
0
0
0
2398
0
210
0
858
653
0
1049
1617
0
10
1357
396
429
0
1524
0
0
399
242
0
0
1573
725
0
1652
1672
1707
1452
0
0
404
1651
0
1372
225
0
0
758
0
111
24
1776
1114
0
0
0
0
0
0
232
0
190
0
0
489
0
879
970
1539
0
0
0
0
636
564
157
676
0
0
1278
0
324
0
1093
412
1714
1721
0
0
1268
0
0
187
0
667
0
0
301
0
1095
792
275
0
0
0
2754
374
0
0
1782
96
0
0
0
425
762
2976
665
0
561
196
917
0
0
1233
979
119
0
65
277
944
0
748
0
0
0
578
0
0
0
0
703
882
1400
0
0
0
584
0
69
274
0
584
0
338
642
1800
0
0
0
205
0
0
359
1175
157
0
808
1767
197
0
0
1156
0
335
1786
0
0
0
0
0
1213
327
567
1601
0
1471
1267
1422
1331
640
0
329
220
1855
0
429
183
685
670
188
1089
0
0
496
33
681
0
1053
1829
0
221
0
1552
0
87
0
1237
343
263
966
0
1628
235
0
556
257
1213
11
0
0
201
0
0
0
