314
-503
689
-747
262
-507
768
-1655
-886
2598
736
-1056
2182
-1255
-473
1088
849
1579
-4
-99
266
1359
-1162
165
-253
233
1331
-554
2267
264
-619
1534
-1104
-217
2235
-902
-314
688
-1437
-675
324
624
242
840
100
-860
-685
891
1338
1114
-970
990
431
582
-1227
34
-1387
-553
1149
-20
-877
43
1403
731
399
691
397
-87
213
-1143
149
1130
-973
-1018
958
897
209
-1728
-305
736
438
-288
912
1221
-235
1375
-433
-1382
139
1703
628
609
-1170
632
656
719
481
1396
693
-783
11
2118
464
459
-1263
-689
63
464
-2155
566
-1188
-862
1893
1316
367
-37
-20
1369
-435
-122
-211
244
-399
-83
-7
-259
1073
900
577
-931
13
-530
-237
2744
-68
-792
1024
73
347
402
188
-776
-1530
-895
2067
1074
-2239
977
685
6
-372
1168
-1676
599
2122
-77
-1128
638
1500
541
-121
-364
-1023
1259
759
-751
202
1913
434
1645
1056
905
-659
-647
864
613
747
-740
-1148
860
-414
1770
307
-365
-61
-610
1063
-825
236
-519
1075
-371
-122
1401
324
-920
-327
-332
920
-610
228
383
630
-261
-1515
414
2234
-154
-1368
-449
871
1103
-552
2564
561
-728
2045
1596
-937
-1125
58
1847
20
619
1302
-95
-1859
-735
-425
-1817
-2234
489
1320
-1727
-872
-134
1250
366
423
237
398
-1697
-1870
665
-989
-529
202
1313
1026
371
794
-1398
-626
1437
1343
1487
922
-1056
-42
1569
633
-1528
-86
819
487
1569
772
7
414
-23
27
-726
-1114
-213
-479
-566
-184
-873
-363
1558
269
-1425
-1678
523
-1575
1070
1288
202
811
2425
1794
-191
-952
308
81
-322
-617
-152
718
70
1769
1266
926
597
34
269
-129
-883
-103
930
-481
193
-114
795
-977
-968
-660
651
299
-73
-1642
287
1707
384
-514
-358
655
-852
-14
691
1052
-117
79
485
1261
2355
457
-76
605
-252
-442
536
-100
1513
494
-1036
-2911
862
432
89
-995
691
1905
645
-387
67
924
591
754
1214
-334
-1106
-898
-1196
-586
-626
512
1190
599
-1022
-828
603
573
2288
-93
1475
1012
242
42
-760
-387
-289
766
-655
286
1156
-759
-1168
692
-1291
1604
1012
-289
-24
74
-118
-2082
-1262
1234
307
439
-949
959
-360
-619
18
734
1256
157
419
1363
523
-119
-1467
839
995
1573
-860
681
-443
-108
995
1125
-175
567
577
-262
334
71
1227
1775
1055
114
-1393
-341
647
-40
1267
-307
-333
-179
-356
1192
39
709
-9
1436
1220
1510
205
-797
694
1165
194
860
-245
-930
359
1264
-211
-929
1189
2102
496
0
-429
1343
13
2058
1106
89
-785
-2293
-749
473
199
-1819
-937
1720
-348
-37
814
781
-1101
-103
1503
-773
-1569
-631
525
288
-902
-424
-292
-433
27
-811
202
138
859
303
-332
2060
-1767
-324
1117
627
1062
-633
561
-445
386
1702
-1081
-128
215
699
-331
-2867
-458
85
1561
1475
-1052
-555
351
-403
877
-722
183
112
-702
624
-822
-348
-1724
-595
2336
804
1230
1332
690
-169
-543
19
735
483
1092
1243
153
-941
-890
817
1757
-32
-1145
346
1086
890
772
114
612
-11
-564
2201
-334
-628
-665
-348
2085
948
390
1014
-798
-1566
201
544
-1365
908
1671
716
-339
628
-706
35
-295
-1380
-425
-1602
-316
1038
2091
-1556
-294
1185
1786
1096
-857
-1277
-471
597
-288
-788
583
1061
664
-807
684
-396
206
288
-471
1742
-851
944
1248
-587
-906
-427
443
-1379
-445
627
784
-101
280
-160
493
-632
-2198
194
387
362
-386
1636
1357
-407
-165
1102
-1645
285
-731
-1670
-62
1801
418
1980
238
771
929
1103
-63
-719
-199
-799
1048
-399
427
817
774
193
559
-440
915
767
-13
-464
697
-1389
827
827
-602
-1052
-1593
2398
-211
210
-723
858
653
-711
1049
1617
-1210
10
1357
396
429
-348
1524
-592
-1578
399
242
-445
-521
1573
725
-449
1652
1672
1707
1452
-644
-1003
404
1651
-328
1372
225
-126
-1126
758
-1641
111
24
1776
1114
-686
-532
-301
-2017
-854
-813
232
-144
190
-332
-301
489
-1630
879
970
1539
-1248
-1706
-400
-1532
636
564
157
676
-611
-904
1278
-860
324
-449
1093
412
1714
1721
-649
-950
1268
-353
-1085
187
-151
667
-1459
-860
301
-172
1095
792
275
-368
-2423
-1063
2754
374
-1266
-14
1782
96
-76
-200
-91
425
762
2976
665
-940
561
196
917
-784
-1030
1233
979
119
-1350
65
277
944
-329
748
-494
-299
-813
578
-260
-2238
-574
-1208
703
882
1400
-1016
-896
-669
584
-1069
69
274
-592
584
-489
338
642
1800
-1141
-923
-92
205
-390
-331
359
1175
157
-45
808
1767
197
-1095
-649
1156
-371
335
1786
-1138
-240
-554
-320
-523
1213
327
567
1601
-384
1471
1267
1422
1331
640
-885
329
220
1855
-884
429
183
685
670
188
1089
-426
-452
496
33
681
-36
1053
1829
-525
221
-121
1552
-699
87
-263
1237
343
263
966
-75
1628
235
-314
556
257
1213
11
-404
-1197
201
-233
-1467
-1436
