-204
-2003
534
1827
-846
1776
2478
-1066
-1061
1331
1779
152
1435
-132
419
3358
1978
56
-810
-3107
-780
-797
-1209
-670
810
1142
-179
-467
406
432
1115
3874
482
1420
1574
-605
-1711
890
-503
835
177
-1009
-42
2067
-1119
-774
-2601
-240
-41
920
227
1698
3257
1120
89
-1138
-311
-21
2414
548
-215
367
-266
-1400
-755
170
1079
1577
-304
255
2086
579
-126
491
-633
1791
2669
-570
1625
-101
-434
892
-568
-1912
395
2921
1831
761
1146
2415
-1197
-417
-596
670
2244
1425
-1354
-628
563
-728
479
1503
688
-366
576
190
-64
752
-878
1894
-291
-276
888
2424
811
-1552
626
-118
-1774
867
1409
309
2836
473
-850
-2413
682
-33
1231
-1724
307
-343
198
1815
338
567
2553
191
1052
1492
661
-1594
858
520
-483
729
-745
391
1514
867
1874
1040
-2237
26
1125
1043
731
1085
540
472
-30
2884
74
179
39
-802
-503
538
-1531
-1284
817
1383
2244
-401
2001
1449
-199
-163
939
-1264
491
-23
-200
180
-96
1548
-423
-912
423
527
1113
-471
-1120
1721
1555
-1821
35
-414
-950
340
2411
-430
-2222
291
323
696
649
-618
560
759
-1180
75
923
480
2278
-613
808
1750
1204
1333
-933
486
449
676
733
-544
-354
1492
3039
1060
-833
933
1827
1543
633
285
739
1547
886
2610
470
822
-248
-399
-878
-1189
859
1551
88
-953
-1136
75
516
-156
1570
2247
196
2166
1937
1469
-243
1330
2355
-287
-1256
680
1444
799
-1414
-571
3630
1232
559
2320
2614
1856
51
195
-722
-337
2048
1510
-333
1029
-367
911
-1130
-188
-2274
-569
-59
344
-1735
-979
-1616
811
714
152
1120
-472
-759
-156
335
255
25
-2083
800
1860
1223
2139
1059
349
-517
3171
223
167
1400
-2382
-1177
922
1032
100
192
1129
2358
2346
2174
-747
934
-431
-486
431
-1611
-166
290
2662
1419
-540
294
-211
621
-596
538
-133
1112
-325
-438
1240
3439
2663
1214
-1664
764
-150
1351
-2204
502
300
-125
2163
1175
608
590
178
-290
-913
-1609
591
370
1491
822
171
-350
110
2276
1360
681
1164
-457
-1614
-1965
-1394
2427
400
-49
375
-18
133
-482
-933
893
1688
437
790
1817
1029
1813
1287
2844
308
-1929
-1472
361
819
452
-3648
-922
-1506
1594
1911
1509
2391
152
1165
-524
1962
726
137
2391
427
202
-118
-898
-463
544
2199
1685
-133
-1158
-1920
935
1321
1458
1541
-547
2093
632
2846
-134
-2401
-1342
-810
2045
155
-918
-130
628
337
-544
982
378
765
1177
-6
1919
-646
-2888
-996
-558
1410
-783
1214
882
-192
-400
413
-833
-489
-38
1482
2899
1401
-1150
-1143
1426
102
-427
-226
1182
1095
-570
804
-49
-454
77
531
22
256
2253
1614
-182
-134
-759
256
349
-1638
1064
164
1669
939
-1389
768
2338
243
1898
1683
2949
1552
243
1715
-841
857
2845
353
98
1778
1230
-165
-387
52
1428
1804
3661
111
-189
2028
1282
1593
-492
1194
1568
196
-1129
-424
-784
128
-1620
-247
405
262
209
549
526
-2
291
1188
-913
1871
759
1047
-100
-1325
334
-523
199
-104
-833
738
1654
2221
28
-1375
1746
2579
983
1123
-554
1607
-46
-959
-33
447
3034
55
-1429
515
978
-2772
-661
-1173
1036
1456
713
857
638
-1169
921
1163
151
-1542
735
2292
-982
-1742
-2135
578
75
-233
-635
950
2242
1431
-326
1340
640
396
-101
1143
-424
1599
877
-1838
2353
425
897
1589
1139
1460
2022
1083
273
-71
-367
-927
1373
475
-198
1497
2182
1228
2273
482
954
-609
-1928
-751
871
-381
243
389
383
875
427
1293
-976
430
834
-944
94
-593
1840
-784
315
-809
1501
989
2447
1424
808
-425
795
292
-1466
-1716
744
2240
-165
-433
1861
2104
1222
2510
-1211
201
508
-529
-930
-1342
367
165
-1578
1723
686
747
1592
1512
-128
-2448
-1368
-764
-1051
713
-4
1292
2193
-117
660
2033
410
-652
432
-186
-445
-2081
990
2378
1481
1338
-234
793
1302
-609
332
11
-1327
-746
224
513
303
152
1088
914
805
1334
141
-921
1567
-1907
-2178
-689
-919
-361
-577
1944
664
-35
-1376
-1811
572
2774
-689
667
2808
-546
169
102
1749
-149
1882
818
823
30
-393
421
393
1274
-1127
2330
1331
3209
433
1656
1854
194
617
821
3071
2548
329
799
1253
462
-1999
-140
22
1245
444
2228
-1013
2015
-1143
-114
-1072
-917
1847
312
1464
487
-1085
1102
557
-642
386
507
55
7
-623
787
-976
198
-598
1125
-409
-797
656
1473
1178
753
239
-80
-1208
1121
1851
-936
1414
-541
160
-433
1585
-1237
1545
72
858
566
110
1648
425
545
452
-216
2662
1382
1575
1459
2147
70
-1163
-308
375
-1043
2513
1003
2030
-1052
-546
2616
494
722
-1260
165
312
2038
341
-239
1946
-8
325
-235
-916
723
-1171
-476
-1656
-1833
-1360
-360
810
1250
1266
190
538
282
-971
2385
220
-826
-2283
-687
-779
762
1080
-1191
-1344
-1847
-109
640
267
-1232
-483
685
1262
-278
1124
590
1802
-403
1071
192
-1003
7
