-162
1607
-302
153
650
-227
-1109
1771
1482
-2314
-1708
1039
-1889
780
1260
-2068
-1989
-1631
-237
1285
-89
-165
1176
987
-285
-76
-1678
976
-1801
-566
695
-2212
493
221
-2796
682
1472
-878
1896
1152
-538
-131
206
-1794
343
1665
1408
-449
-1274
-1384
1279
-913
-1694
-694
1182
1254
1599
1173
-1027
-731
373
471
-2091
207
-13
-736
-702
-84
-230
1554
-386
-944
803
1461
-814
-816
-966
2272
71
-450
-404
115
-502
-553
273
-1547
-371
1487
-9
-2495
-900
526
1246
-190
-1488
-1430
-338
-784
-1077
841
599
-2618
-1085
516
1028
1178
338
-656
2965
-273
690
1628
-1541
-2495
-549
753
-595
-854
1035
457
-333
263
-659
130
410
1078
-873
-830
-753
1072
1108
688
134
-2748
-509
996
-1530
-313
-811
-236
-721
2192
1731
805
-1298
-1528
2515
-167
-1604
203
-143
-1387
2019
-32
-1942
-547
1501
-1066
-1307
-1076
1029
-545
982
-423
-1464
920
424
-2643
-145
-830
-1078
-1534
304
1154
-1015
-1355
-504
1199
887
59
398
-1271
-987
1623
175
0
-426
1461
240
185
-1286
597
609
-1086
-1272
1445
872
853
-110
810
-753
-596
748
338
1883
-515
-2072
92
2217
717
180
-1027
-182
-1847
-1899
962
-1641
-2055
724
522
550
-1805
-415
-202
-1382
53
2978
1216
114
1492
3158
-17
-1618
1125
991
684
-1039
-1248
-305
-915
597
1440
2497
240
1307
1267
267
-1943
-1732
331
79
1568
562
-678
-1987
-2308
-898
518
-623
-2030
-319
1504
-722
-1293
50
-1101
-1296
-344
-106
327
-338
84
1570
350
-492
311
796
929
749
-610
-715
1005
2430
127
1239
-534
-1996
-249
-313
-1709
-2360
45
1669
426
831
930
497
301
-982
123
-955
-1950
-884
-673
-79
960
290
627
211
-1130
-299
37
263
-674
414
1905
-471
781
599
815
665
44
-1570
-76
-224
23
-1050
717
477
-559
-143
-300
573
-383
-1068
-3312
-1144
321
-127
421
229
-118
-414
-402
-1212
1543
3582
-335
-1245
-1026
108
145
-1555
-1023
95
603
-605
-1294
-40
-2159
692
1202
1013
1779
954
1340
12
-884
-173
290
861
-940
-101
-1844
-1298
-2014
-1456
-139
90
1094
1630
1131
-390
-458
629
-1312
1206
1230
59
1505
-1588
-1751
228
72
29
510
1746
1501
-2327
-861
379
1668
25
-222
596
949
-107
-289
-794
-961
-1639
-1089
598
683
-39
-1631
-1670
703
-507
88
338
-893
-950
539
-48
-1550
-499
-493
479
-793
-1817
-1173
-48
662
1145
-1330
374
-2209
176
1466
1043
964
-1912
-174
-180
308
-1720
-1726
-596
-940
1177
-626
-1468
-305
-1135
120
1613
546
-572
-75
1364
-1324
-2614
-448
-118
808
-1295
430
-1749
-1455
-441
303
3265
1367
-168
234
2250
1603
-1578
-378
579
-504
-381
781
914
-1572
788
2452
41
-513
-344
1838
1095
141
627
1054
893
343
-446
-979
121
70
-2140
1157
963
-1959
-1571
-1088
385
-821
1006
162
-2396
478
1008
-756
-987
589
3472
1238
-602
-1585
-2600
755
1301
-899
346
-898
1095
257
-1051
883
310
469
1907
1243
1528
-1889
-1687
-826
-1250
-345
349
181
212
-772
-579
-1825
-1591
-130
1259
1367
-345
-1891
59
1408
158
-609
-1739
-1200
-420
451
-608
-444
-2260
-124
1331
518
74
-1161
-416
-323
-1547
391
2358
386
-1227
2142
-434
-1056
-966
7
195
-64
321
992
1847
786
1429
1352
-1080
-2741
1001
1346
-569
-1747
-1262
1570
2056
870
-671
-248
1210
-1413
-1266
-389
729
-908
1234
-663
-342
1075
-1562
-125
-291
-1978
674
680
65
-324
1374
688
-959
264
-212
304
207
-172
208
1972
-221
-790
-976
385
-729
-901
-217
1062
-979
1838
625
318
2205
-743
-913
-1122
-2172
-590
-284
-1044
-1412
225
1253
600
1067
-777
-664
-737
-1641
-699
491
-1310
931
241
-441
-854
867
104
686
-821
-1142
-142
1214
2055
-2013
-21
802
565
29
-966
1474
-1527
-1252
378
325
-2162
-542
305
673
-846
1792
1367
341
-235
-155
658
-1391
-1751
-60
-1052
-2548
-1742
-1668
1992
1371
-1165
-1934
-695
-298
-522
-280
2093
-609
1054
1137
101
-1353
-1424
1094
1203
223
2135
1215
341
329
271
-157
610
1481
464
1770
-106
-751
-1824
1180
2376
1234
2435
48
-1646
395
-619
-242
668
-274
730
210
36
-847
-616
-2246
-1735
543
1250
-810
-235
2202
-613
-71
-788
962
1526
-1003
204
-1297
-610
-829
-149
2365
1395
-3066
-837
1813
193
-985
-680
747
-629
958
-1339
-200
-2876
-794
1673
-658
-332
-1319
1049
1017
-679
-1810
855
1332
27
-66
-791
464
-745
341
1370
1150
-486
231
3490
1151
775
-1038
-710
-1918
1051
2028
950
-1084
916
759
-688
1136
-541
18
554
-1065
-1524
719
1468
348
-227
-26
457
-835
-340
-1152
-225
-1684
-2094
-763
817
1623
-628
11
332
-2302
732
119
431
1559
-760
-1069
-1241
279
-1501
510
-2314
-1887
-1242
-1832
-537
292
46
49
-1733
845
-16
230
55
-218
-35
-585
68
259
-464
73
-1053
461
-2109
-2149
846
438
752
-745
604
-405
801
-548
193
477
-1698
-366
-617
-173
654
-1377
215
-1157
-14
256
1389
293
269
2293
1818
