9
5
6
5
6
6
1
-1
0
11
35
5
-21
7
18
19
-20
-29
2
7
7
-15
6
6
-24
-38
-34
-39
-26
-22
-35
-16
22
19
15
62
50
35
29
29
20
24
4
-8
-4
-12
0
-22
-16
2
-9
-17
-11
0
-13
-19
-7
-3
-7
-6
0
4
9
5
7
4
4
9
11
13
-5
-14
43
4
-31
23
8
3
-11
-17
5
27
-7
-70
-32
-41
-72
-82
-76
-83
-43
-33
-102
-33
106
25
-6
81
45
91
76
62
78
102
59
25
0
-40
20
-30
-23
5
-20
-6
-4
0
-26
-31
-6
0
-3
-1
1
4
8
4
5
0
0
7
13
18
17
-12
13
-4
-22
36
4
-10
13
-12
-30
-31
-92
-119
-92
-96
-71
-52
-46
-82
-32
27
-103
-6
175
-14
-27
22
-37
108
26
-27
108
169
103
99
111
37
50
-23
-25
-2
-17
1
-26
-9
6
-20
-23
-6
-1
0
1
3
14
6
4
-2
-3
2
9
15
24
-4
-7
9
-2
19
-3
-1
12
-69
-151
-148
-130
-137
-75
-3
9
-28
-10
-71
-51
82
-19
38
111
-17
39
-22
-90
88
-20
-122
42
109
15
64
202
189
152
57
2
-6
-15
-8
-31
-6
28
-22
-35
-2
-4
-4
-1
1
22
4
5
1
-2
0
8
13
14
10
1
3
7
24
-6
-41
-100
-151
-242
-167
-38
-118
-40
89
85
11
43
-14
-55
62
14
-48
-65
3
107
9
-53
46
19
-57
9
32
-59
-22
74
88
182
236
151
48
-31
-25
22
4
-23
-36
-14
8
-8
-8
-4
-1
19
-4
8
7
2
1
9
12
10
23
11
-14
9
12
-53
-129
-227
-163
-161
-125
45
37
-32
-15
50
147
177
7
-27
43
-58
-238
-178
12
99
58
-22
16
47
19
33
39
18
3
-76
-148
24
239
275
222
54
-33
31
-2
-47
-8
3
-5
-10
-11
-7
-2
7
-5
11
10
5
3
10
12
7
12
23
0
-16
-116
-168
-143
-218
-129
-32
-54
77
209
-61
-142
55
250
194
-65
-22
-9
-168
-253
-78
-7
49
73
-33
46
61
-12
32
44
95
116
-41
-181
-111
15
96
305
279
60
11
-19
-9
5
-17
-8
-10
-12
-7
-1
-8
0
12
10
6
3
8
11
11
7
15
-61
-112
-232
-211
-88
-153
-65
51
45
90
197
-133
-142
168
240
114
-75
-47
-112
-218
-74
62
-113
-31
117
23
35
55
-35
33
1
22
154
76
-38
-83
-120
-138
121
295
250
151
-9
4
-15
-37
11
-11
-12
-5
0
-15
6
11
-2
18
9
-2
12
17
-9
-63
-191
-196
-181
-174
-76
-45
61
89
61
122
32
-202
-23
168
156
172
-14
-120
-157
-97
12
-59
-156
-46
184
96
-46
26
-4
39
-26
-57
76
81
82
34
-62
-148
-78
52
217
346
153
-4
-4
-22
1
-10
-5
-8
-8
-1
6
0
-8
29
28
28
7
-33
-105
-178
-220
-185
-102
-106
-16
82
106
70
103
93
-223
-177
139
92
82
278
43
-192
-199
69
11
-295
-77
23
139
92
-29
11
12
35
-43
-42
33
20
69
77
39
-18
-69
-92
-52
239
354
120
28
7
-5
-21
-9
3
-24
16
-7
-19
19
33
32
66
-17
-139
-219
-217
-159
-168
-87
61
112
78
85
115
85
-183
-322
12
180
68
106
330
96
-231
-288
45
71
-285
-73
48
54
94
56
-33
-5
36
-47
-9
18
-11
29
67
48
78
47
-79
-165
-64
225
329
182
32
8
-25
-32
17
-28
7
-10
2
34
16
19
43
-102
-228
-213
-192
-144
-126
42
194
112
77
120
75
-181
-334
-72
135
82
49
191
342
62
-271
-282
-65
70
-121
-102
56
54
68
53
-44
-10
46
23
-4
-44
-3
20
28
26
26
84
54
-85
-186
-80
230
384
192
0
3
-17
-19
-16
-4
10
29
14
4
9
-30
-208
-230
-143
-213
-166
46
201
162
82
88
23
-126
-248
-46
155
27
-27
53
250
241
-105
-232
-147
-105
-43
-51
-9
88
61
16
23
8
10
37
60
-13
-42
28
-27
-40
11
-53
38
152
56
-106
-165
-92
252
436
107
-2
19
-40
-9
4
23
6
5
36
-29
-141
-236
-151
-128
-244
-70
222
156
44
104
57
-65
-196
-37
208
55
-153
-77
129
230
71
-202
-112
-29
-113
-104
-3
104
75
0
-25
22
35
22
25
18
-10
37
34
-68
-37
-13
-65
-6
79
124
51
-58
-204
-105
389
380
34
-5
8
-18
3
13
-2
19
32
-114
-227
-208
-110
-157
-143
114
204
57
-18
55
80
46
-67
79
101
-171
-244
-59
241
146
-31
-142
-68
3
-96
-4
56
41
26
-39
-76
28
30
15
52
-10
-1
84
42
-55
-31
-18
-45
-15
19
23
132
77
-147
-248
74
506
248
-25
27
-23
-2
10
18
21
-40
-190
-220
-165
-150
-159
68
200
48
34
29
-6
19
55
158
157
-115
-279
-228
19
355
102
-154
-163
-101
-1
34
175
-37
-160
-11
-16
-21
131
-34
-20
156
-53
-47
107
34
-79
-62
4
29
38
20
-94
44
172
-20
-199
-163
327
450
83
-7
-6
5
27
33
17
-185
-220
-123
-184
-174
-29
231
161
-57
-18
35
-10
-53
-16
328
190
-230
-262
-206
90
398
178
-183
-256
-191
-59
178
240
-170
-266
-48
4
160
284
-135
-50
222
-138
-143
45
-15
-84
-27
60
131
107
-1
-163
-31
233
115
-138
-221
39
445
281
-20
18
9
32
34
1
-319
-209
-57
-270
-109
170
251
49
-65
-17
-13
-33
-45
4
368
126
-237
-224
-220
126
283
204
74
-127
-257
-170
107
160
-132
-237
-104
40
233
254
-108
58
125
-233
-181
-107
-9
51
34
76
129
116
40
-185
-45
197
145
-45
-169
-173
308
434
31
22
14
20
22
-85
-332
-138
-59
-303
-22
269
161
-40
-53
38
-3
-58
-57
51
356
31
-204
-205
-219
176
135
44
272
178
-183
-268
-49
88
-57
-211
-119
127
140
66
13
268
48
-320
-179
-172
87
210
9
-15
46
55
97
-57
-90
47
154
65
-82
-263
82
480
183
-3
21
22
10
-225
-297
-48
-90
-242
69
256
74
-35
-55
7
6
-36
-54
117
328
-59
-206
-221
-173
224
84
-71
249
367
-125
-327
-67
53
-98
-212
-50
202
91
-48
41
348
89
-327
-189
-173
165
295
-66
-130
17
6
43
74
-68
-23
147
135
-3
-261
-200
413
409
-23
11
34
-29
-339
-248
6
-161
-117
187
167
29
-15
-42
0
6
-64
-31
209
258
-113
-233
-250
-74
228
61
-33
168
356
-49
-270
-48
-31
-203
-189
32
209
93
-59
26
290
138
-256
-182
-190
146
305
-112
-166
12
23
13
50
-9
26
84
149
71
-164
-389
227
576
41
7
42
-138
-378
-141
14
-237
6
280
70
30
-14
-41
16
9
-110
-28
261
211
-127
-275
-275
44
228
12
-8
109
315
103
-185
-84
-117
-296
-133
74
182
90
-60
20
234
173
-200
-155
-179
59
251
-110
-130
12
30
24
15
24
46
10
109
146
-10
-389
-20
580
225
22
35
-293
-342
3
-54
-271
87
289
47
88
-13
-67
3
1
-117
-54
254
199
-131
-290
-268
107
206
-4
15
128
331
103
-222
-81
-140
-327
-50
72
127
135
-53
-51
190
249
-171
-153
-138
-24
192
-73
-84
28
19
14
19
23
22
4
52
167
87
-272
-212
475
434
20
-1
-409
-260
123
-191
-240
152
226
58
101
-12
-44
22
3
-92
-61
244
132
-188
-273
-204
123
151
79
138
124
152
-49
-177
-23
-154
-289
15
74
105
172
-51
-110
122
317
-149
-205
-97
-58
179
-12
-59
18
44
28
0
-14
-5
40
22
126
99
-178
-293
401
542
7
-63
-423
-167
155
-276
-189
200
182
51
23
-2
24
17
15
-21
-35
204
43
-197
-241
-191
136
209
210
159
-74
-197
-79
50
-17
-173
-220
20
125
162
145
-74
-96
35
323
-87
-270
-102
-39
210
25
-61
2
62
42
2
-14
-37
20
13
85
94
-138
-320
384
571
8
-163
-370
-61
92
-273
-144
220
146
36
-11
12
50
-5
31
7
-22
106
17
-66
-212
-220
148
345
281
-43
-359
-318
88
181
-87
-168
-148
19
146
179
109
-86
-79
-7
325
17
-317
-154
1
244
36
-90
-11
37
37
27
7
-35
7
-3
53
116
-90
-345
344
579
11
-295
-346
53
20
-286
-72
247
91
21
32
32
23
2
0
-11
2
5
66
55
-246
-146
148
325
318
-133
-461
-260
181
107
-149
-162
-107
57
92
125
117
-74
-54
47
323
77
-350
-226
16
265
81
-116
-4
18
-15
13
25
-2
20
-21
37
171
-13
-359
249
550
8
-393
-357
105
0
-291
-27
264
86
28
44
25
-10
19
-61
-22
51
-42
115
71
-225
-4
80
132
319
41
-294
-263
44
10
-167
-167
-94
109
21
52
150
-43
-8
129
273
102
-309
-344
-24
283
112
-101
33
27
-58
-10
21
-9
12
-18
41
227
43
-363
156
524
8
-401
-350
81
6
-260
-49
233
112
64
26
-7
-15
18
-93
-25
61
-22
143
19
-98
80
-46
-37
216
233
-7
-292
-132
-6
-186
-179
-69
159
-17
-20
170
-5
4
133
193
141
-144
-419
-121
269
103
-53
16
9
-19
10
0
-42
10
13
26
208
24
-337
143
524
15
-351
-343
37
-20
-263
-46
205
116
111
36
-28
-12
-15
-76
6
1
-8
154
-49
-14
92
-126
-70
161
302
80
-283
-119
-15
-246
-188
-20
191
-25
-65
177
29
-34
49
115
161
59
-303
-222
176
108
-26
-27
-2
27
35
-1
-43
21
27
-22
149
-23
-309
175
535
21
-290
-384
-16
-46
-289
-8
214
134
134
44
-52
-34
-39
-13
54
-45
-23
94
-76
1
68
-123
-37
254
282
-120
-240
34
-64
-300
-163
61
189
-56
-87
188
75
-70
-36
42
124
160
-78
-221
42
93
-34
-22
25
26
30
15
-9
27
-9
-60
146
-36
-341
192
582
19
-206
-443
-79
30
-277
-66
193
183
103
23
-68
-50
-12
40
46
-40
-13
3
-40
19
2
-74
-9
335
218
-307
-173
102
-110
-302
-127
176
182
-145
-120
196
132
-63
-51
-13
67
127
49
-68
-30
-5
-26
-2
20
19
18
25
20
21
-65
-39
162
-77
-366
271
641
10
-98
-474
-159
139
-235
-192
131
232
52
-7
-33
5
4
20
11
-37
-3
-48
22
35
-64
-8
5
326
178
-343
-109
92
-157
-306
-47
272
99
-236
-125
180
158
-21
-35
-22
37
42
66
94
-26
-111
-5
22
-2
24
14
38
30
-15
-95
31
106
-200
-297
441
654
15
-6
-482
-258
108
-213
-218
99
269
24
-39
14
82
15
-24
-3
-38
-30
-60
38
20
-46
33
16
298
219
-360
-122
140
-225
-240
150
198
-97
-203
-106
104
151
19
-29
1
24
4
66
115
8
-113
-28
30
10
22
12
44
30
-31
-99
78
17
-326
-143
599
587
37
46
-419
-344
-30
-159
-161
56
251
37
-58
2
83
73
9
-17
-57
-58
-31
4
-2
5
29
36
287
287
-365
-201
104
-243
24
316
-46
-206
-76
-156
24
160
-1
-16
15
8
33
37
57
58
-48
-74
13
40
6
1
7
28
16
-114
72
-23
-381
53
687
441
38
59
-245
-423
-145
-26
-149
-53
157
96
-48
-16
56
49
60
23
-78
-56
-8
-27
-3
29
36
69
257
231
-303
-267
-73
-95
294
308
-211
-158
2
-258
0
190
-26
-20
-3
-17
54
-4
12
80
-2
-68
17
45
-12
-17
-14
54
26
-87
66
-85
-377
241
701
278
28
38
-69
-459
-263
18
-175
-135
108
167
-13
19
36
-42
33
88
-36
-50
-35
-27
28
56
47
164
163
-47
-118
-192
-231
97
315
215
-123
-108
-52
-326
-6
215
-5
-55
-32
-30
44
-7
-6
51
5
-11
35
28
5
-36
-23
48
0
59
56
-220
-301
404
642
144
26
12
11
-361
-421
-111
-108
-166
81
203
55
56
-8
-69
-6
96
24
-47
-61
2
58
64
101
263
-21
-344
67
17
-199
133
133
137
108
-117
-174
-303
-37
225
1
-96
-41
-7
51
5
-17
15
-9
16
39
33
32
-52
-67
-24
75
208
-22
-316
-144
544
523
35
6
13
37
-157
-502
-265
26
-201
-70
181
148
60
-38
-72
21
76
21
-30
-82
16
77
89
268
219
-269
-436
43
165
60
117
-15
65
232
-129
-253
-220
-78
224
8
-127
-50
25
67
-2
-34
5
-24
-14
43
47
5
-49
-71
-20
206
161
-145
-292
66
624
344
-32
-14
30
41
13
-437
-421
3
-142
-190
101
207
77
-20
-50
49
18
2
-19
-117
5
152
229
262
-16
-403
-403
23
257
218
131
-3
-1
256
-99
-385
-183
-37
218
72
-122
-75
22
47
-13
-25
22
-27
-38
40
14
-34
-19
-8
122
216
-56
-226
-217
317
636
132
-41
-8
38
30
63
-274
-550
-189
7
-154
-17
178
123
23
-1
7
-30
5
-40
-103
23
279
309
-90
-246
-290
-280
139
287
144
116
83
16
273
-69
-538
-230
12
196
176
-61
-89
3
5
-6
14
30
-25
-12
27
-40
-18
-3
52
250
67
-224
-239
-119
544
576
-18
-13
6
22
23
37
-90
-483
-369
28
-99
-145
90
176
53
-5
-30
-23
-16
-58
-24
77
337
208
-391
-302
-118
-79
243
214
40
89
139
88
265
-112
-600
-276
-7
205
211
-4
-35
-18
-30
13
41
-1
-30
35
32
-68
-2
12
125
204
-104
-230
-241
102
667
384
-67
12
21
2
14
22
16
-270
-483
-150
-29
-176
-24
172
78
-21
6
-49
-53
-27
28
114
292
142
-388
-327
-81
102
289
106
-3
76
107
87
229
-81
-547
-320
-41
239
203
2
27
-27
-50
1
24
-3
-12
9
18
-58
7
94
165
36
-195
-186
-134
417
619
117
-48
6
33
8
9
24
36
-78
-434
-347
-41
-74
-127
-10
116
48
33
-62
-67
-3
28
120
261
117
-307
-358
-88
239
263
22
13
57
22
39
128
71
-302
-397
-152
192
257
20
0
13
-36
-45
-19
26
8
-60
-18
2
113
172
14
-111
-198
-188
187
634
359
-32
12
-17
27
8
21
19
15
22
-203
-385
-243
-51
-121
-175
48
142
64
-46
-43
-8
12
104
264
29
-320
-279
7
293
158
-12
48
43
-1
24
18
103
-15
-378
-337
96
288
80
-16
39
-28
-77
-22
16
-35
-53
7
87
233
98
-205
-183
-138
-93
504
622
78
-21
27
-33
18
-7
33
9
-10
49
-11
-257
-414
-211
-40
-92
-111
49
115
16
23
-16
-32
65
237
-20
-376
-161
163
244
50
-26
36
44
41
6
-4
45
78
-206
-388
-42
229
146
31
42
-59
-127
-1
25
-79
-30
105
185
187
-104
-282
-179
-73
224
619
393
-18
9
-5
-41
14
-10
24
-7
-4
60
34
-78
-331
-376
-96
-5
-146
-112
22
100
134
-5
-73
18
201
19
-393
-144
216
175
32
-8
-4
41
65
-21
2
33
43
-2
-261
-238
121
160
58
67
-58
-143
-30
10
-53
21
200
177
19
-203
-259
-140
120
545
473
135
-13
-5
17
-40
-5
5
15
-14
18
39
11
15
-86
-339
-304
-127
-96
-65
-127
13
180
77
-22
-31
166
35
-322
-167
125
146
65
38
-11
31
52
21
20
6
-9
122
-105
-384
-12
113
43
67
-3
-53
-66
-40
29
103
140
4
-86
-149
-201
67
458
519
179
15
-6
-21
33
-17
-25
26
31
5
25
5
12
31
24
-129
-347
-347
-134
5
-149
-93
85
99
58
-45
134
21
-147
-110
-76
90
92
49
27
42
21
75
29
-35
-4
207
-11
-432
-115
23
-17
63
53
19
-25
19
93
53
-40
-113
-109
-100
59
439
489
227
20
-20
4
-21
-6
8
-22
47
63
43
21
1
26
38
3
5
-140
-362
-277
-142
-96
-61
-31
62
36
-94
96
80
7
24
-187
-43
65
14
110
84
-1
28
-45
-23
78
210
60
-302
-175
-83
-74
81
63
13
51
67
42
-3
-98
-165
-109
113
446
491
169
23
14
-25
-4
-16
-16
8
-6
66
69
60
25
13
29
39
-6
5
19
-140
-284
-344
-140
-73
-53
97
-60
-143
51
90
26
104
-47
-119
-51
-20
140
111
-14
-60
-67
52
89
38
135
-43
-199
-99
-58
79
39
-18
61
-20
-85
44
-11
-105
76
414
437
178
5
-28
3
-20
-18
-15
-4
3
1
43
40
41
26
20
26
29
-3
-2
24
13
-86
-303
-226
-196
-117
72
-110
-69
48
-16
6
53
45
-75
-93
-18
66
90
-28
-71
0
79
27
-75
107
102
-104
-56
-20
61
12
-61
0
-118
-138
119
208
184
274
333
128
-16
7
-24
-25
-26
-18
-14
-4
2
4
3
10
16
20
22
19
14
14
-2
13
54
12
-116
-121
-217
-287
-114
-135
-4
55
-92
-23
9
-7
-23
19
-9
-8
32
-23
10
45
22
-17
-47
11
98
15
-32
15
25
-69
-133
-45
-37
66
271
380
291
167
72
-20
-20
-9
-30
-37
-9
-12
-9
-4
-4
7
-3
-6
4
19
27
21
8
21
-3
25
41
-4
15
11
-94
-247
-240
-202
-48
-56
-147
-44
-16
-45
18
116
-35
-43
26
-24
65
79
-17
-39
-47
-29
62
10
-11
9
-45
-67
-32
90
174
288
299
229
110
14
-10
-26
-16
-17
-39
-30
6
-5
-4
-4
-11
9
9
-11
0
18
28
23
9
3
5
39
7
7
69
2
-28
-47
-120
-156
-106
-164
-202
-71
-144
-156
42
76
-80
-20
63
-25
46
83
-15
-76
-75
-35
63
50
60
53
3
86
190
225
177
184
116
29
-9
-21
3
-7
-27
-23
-19
-22
-7
-3
-3
-5
-13
22
23
-9
0
15
25
23
12
-18
4
50
15
1
27
1
-1
8
10
-32
-61
-66
-155
-118
-192
-232
-41
-60
-139
-22
-11
-48
-7
44
58
-12
8
23
107
151
128
154
145
128
125
105
37
22
-5
-7
-14
-22
9
-20
-32
-2
-10
-26
-10
-9
-8
-6
-8
28
26
5
8
11
18
21
15
-18
0
42
24
-27
-17
52
30
-23
16
5
3
39
-45
-80
-59
-106
-111
-121
-140
-79
-110
-103
-66
28
139
118
128
115
122
111
63
77
105
46
-22
-3
2
-8
-24
-18
0
-2
1
-33
-25
4
-23
-23
-7
-11
-10
-5
-5
21
21
20
14
4
5
14
17
4
0
19
23
-21
-11
56
30
-16
-2
-7
8
29
5
-12
21
11
-48
-51
-40
-40
-71
-83
-62
31
101
79
69
64
58
28
-9
-15
3
-1
-11
-6
-2
0
-17
-32
-6
8
2
-13
-18
-20
-28
-22
-12
-4
-5
-4
-8
22
19
17
9
1
1
10
16
16
2
8
19
-8
4
39
19
4
-3
-15
4
12
3
4
15
20
8
7
24
16
-13
-28
-18
25
35
0
-19
-18
2
6
-12
6
1
-11
6
-18
-18
9
-7
-31
-14
3
1
-8
-20
-26
-23
-17
-10
-6
-5
-3
-6
25
12
6
4
4
6
7
7
13
10
11
4
-17
17
48
4
0
9
-8
8
12
4
6
17
13
5
14
24
11
-15
-20
-3
21
21
-3
-18
-17
-2
2
-10
9
2
-10
6
-18
-18
9
-8
-25
-12
-6
-8
-15
-21
-21
-16
-3
-6
-18
-12
-1
1
23
12
2
7
8
7
0
-5
14
23
14
-8
-27
21
53
-8
-7
17
1
15
14
5
10
22
16
-2
-2
14
13
-3
-5
8
5
-1
-3
-11
-9
-1
3
-3
-1
-10
-6
10
-14
-14
10
-8
-22
-13
-11
-14
-18
-17
-14
-8
1
-9
-25
-17
0
4
16
21
5
11
10
3
-6
-9
20
33
20
-7
-33
14
49
-9
-7
21
5
14
8
-4
5
23
42
5
-37
-8
18
22
21
22
-9
-24
-7
-7
-6
-6
-2
1
3
-9
-4
12
-13
-15
6
-10
-24
-15
-11
-15
-16
-11
-6
-2
-4
-14
-22
-16
-1
2
