3
5
8
11
12
14
21
33
28
-3
-7
15
15
9
2
-7
-6
-5
-4
9
31
27
18
28
4
-64
-138
-211
-274
-316
-365
-408
-396
-351
-323
-284
-232
-181
-109
-33
16
46
60
44
26
16
20
18
4
10
11
5
13
24
15
-9
-15
-5
1
4
6
6
5
3
1
-2
-6
-7
-1
11
25
26
13
-2
-13
-1
12
-5
-13
7
21
31
15
-50
-134
-229
-300
-324
-336
-349
-347
-333
-362
-403
-348
-303
-346
-387
-425
-425
-394
-390
-348
-242
-123
-19
36
22
10
24
23
13
4
10
20
16
12
11
6
0
1
7
11
12
4
4
3
0
-4
-9
-15
-20
-7
16
1
-22
-10
0
-4
-4
15
24
-20
-123
-250
-319
-344
-364
-347
-292
-220
-176
-166
-109
-21
46
87
72
55
16
-87
-152
-216
-359
-460
-469
-477
-463
-333
-131
-12
11
17
18
23
27
2
-25
2
46
45
28
23
20
17
15
6
14
16
16
15
12
9
7
-2
-10
-7
9
30
23
3
5
-6
-73
-207
-342
-370
-357
-333
-203
-47
2
-10
-7
-25
-46
5
66
5
-47
33
94
100
92
90
92
32
-85
-225
-362
-436
-395
-260
-101
0
22
15
4
15
40
38
14
1
10
16
12
9
7
-2
-4
-7
-3
2
4
4
3
0
12
31
17
-1
20
42
-3
-144
-271
-310
-285
-184
-86
-56
-59
-47
19
123
230
301
298
260
146
-55
-159
-151
-113
-51
-48
-49
53
145
152
141
118
-22
-292
-498
-448
-221
-40
5
-17
8
46
7
-34
-14
8
8
4
0
-3
-5
-14
-16
-11
-6
-3
-1
0
-2
-5
-1
6
9
-22
-103
-193
-267
-279
-171
-73
-49
91
224
131
-20
15
181
229
207
219
166
18
-84
-84
-91
-88
-70
-72
-73
-71
-63
-39
56
181
196
80
-108
-313
-413
-296
-82
17
-7
-42
-33
12
37
19
4
3
1
0
7
3
7
8
9
11
12
12
11
0
-3
16
2
-120
-282
-321
-252
-197
-142
-40
39
103
113
50
79
152
106
3
-42
-101
-210
-187
0
81
19
-19
-33
-12
33
14
-26
-46
-59
6
139
257
277
123
-180
-393
-299
-80
17
15
27
33
1
-4
8
8
9
11
16
10
12
12
12
11
8
5
9
19
9
-79
-222
-312
-309
-258
-207
-133
-41
39
72
9
-85
-94
-10
20
-24
-11
-1
-70
-114
-8
124
77
-47
-45
69
93
31
21
39
17
-86
-186
-164
-22
129
176
110
-95
-357
-370
-137
15
26
13
5
9
15
14
15
16
-7
-2
1
-12
-12
7
6
0
3
-17
-101
-221
-292
-235
-150
-152
-83
77
149
123
138
68
-72
-13
22
-92
-74
32
10
-39
81
182
15
-102
-36
14
40
8
-40
-28
-9
-8
-11
-68
-163
-180
-94
34
148
144
-36
-299
-370
-165
-22
-6
28
29
14
23
26
14
-13
-4
-18
-22
-17
-6
44
75
17
-109
-236
-260
-207
-174
-112
18
136
148
102
151
149
-65
-155
-27
24
-12
2
59
66
1
5
69
-1
-41
41
15
-60
-15
35
24
17
-5
-4
25
16
-41
-97
-81
36
179
224
74
-231
-342
-160
-20
7
29
27
3
7
14
12
7
-11
1
27
24
16
-1
-73
-167
-193
-147
-122
-123
-3
162
168
131
201
179
-113
-274
-94
8
-26
10
72
120
127
64
-53
-81
59
113
60
26
18
60
51
1
-8
11
39
28
-9
-23
-17
-34
-46
23
107
157
46
-275
-377
-154
-2
14
25
22
9
12
5
-2
34
58
30
3
-25
-116
-218
-207
-150
-156
-124
48
190
158
151
222
147
-137
-262
-2
191
114
31
61
96
26
-55
-26
-13
-96
-73
8
40
82
64
-7
-12
22
36
97
144
98
81
94
40
-4
-66
-150
-64
99
168
62
-240
-360
-150
-14
-5
41
33
6
-4
12
23
6
2
7
-48
-136
-142
-85
-93
-130
-12
147
132
102
90
-67
-290
-274
72
327
253
113
91
124
47
-151
-198
-53
29
-41
-107
-25
68
65
38
27
54
92
89
56
37
76
126
97
36
-3
-35
-76
-110
-34
118
219
114
-220
-318
-103
-10
-25
-2
11
14
19
-2
-17
10
-1
-95
-146
-89
-52
-60
42
196
168
20
-46
-43
-5
60
185
304
203
-3
-93
-45
-22
-135
-204
-134
-41
-13
-12
41
120
127
56
-19
-50
-51
-50
-47
-68
-88
-45
-10
-16
7
25
21
6
-77
-158
-85
78
178
43
-263
-252
-36
-9
-8
18
23
7
10
31
14
-64
-141
-148
-136
-161
-81
102
114
25
12
-33
-62
34
209
329
219
-13
-124
-107
-25
-20
-93
-66
-32
-49
-28
88
194
111
-8
-25
-40
-54
-52
-65
-48
-28
-27
-14
6
33
29
12
31
57
71
-9
-102
-49
43
92
-60
-260
-136
31
29
17
-10
-2
12
13
-40
-110
-102
-45
-54
-71
58
172
90
0
37
68
-25
-173
-114
69
41
-51
-32
45
155
220
126
-45
-133
-153
-48
145
125
-86
-205
-202
-109
63
100
14
66
107
17
-19
-24
-83
-134
-126
-49
52
92
56
-56
-102
28
155
119
-97
-198
-55
21
16
-19
-3
15
25
-71
-176
-117
-96
-130
-7
157
167
105
38
-45
-74
-57
-52
-12
8
-46
-52
-32
-16
-12
42
183
232
137
9
-10
6
-42
-70
-94
-114
-6
156
171
126
110
50
-41
-163
-269
-264
-183
-100
-19
51
59
5
-27
5
71
140
179
49
-143
-93
16
32
19
12
0
-25
-79
-97
-79
-120
-107
34
89
-13
-71
-11
25
-17
-49
-26
-6
-50
-67
-30
-26
-20
-103
-246
-104
233
391
342
179
12
18
113
110
110
111
-8
-26
154
181
49
7
-61
-101
35
150
144
77
14
56
129
125
43
-29
25
131
101
-56
-90
5
44
24
24
12
-61
-106
-30
21
27
68
113
67
-10
-29
-22
7
34
29
41
56
-7
-52
-37
-21
24
9
-156
-260
-94
127
152
61
0
-3
3
17
89
82
-80
-129
22
128
96
53
58
129
248
267
157
50
-31
-77
35
122
9
-60
5
96
123
-36
-182
-79
9
-13
-4
-2
-81
-141
-92
-84
-60
51
84
30
25
47
7
-44
-40
-10
47
70
15
-32
-65
-51
-2
10
9
-25
-25
1
-25
-11
-3
-76
-124
-70
2
35
34
-3
-46
-31
35
61
45
51
95
86
6
-31
-28
-85
-120
-54
11
3
1
59
113
-8
-211
-155
-37
-17
-24
-53
-127
-132
-78
-103
-73
59
55
-25
-45
-34
12
56
24
-11
47
46
-23
-57
-80
-24
30
-1
15
6
-86
-47
112
174
101
-15
-49
2
19
-5
-13
-2
-32
-56
-2
50
56
14
-39
-66
-68
-72
-63
-19
-38
-69
-26
-32
-79
-49
68
97
-75
-150
-37
17
28
-44
-118
-45
16
-27
-10
74
74
58
80
71
42
17
6
-2
-5
1
9
-13
-57
-20
44
26
-14
-39
-47
25
103
90
41
-22
-25
22
20
14
18
0
-32
-29
8
39
71
37
-51
-76
-36
4
2
-24
-29
0
10
-38
-105
-100
12
137
62
-106
-31
20
17
-73
-118
-11
4
-55
-25
-19
-33
18
55
39
29
33
29
4
-26
-51
-75
-72
-36
-3
-26
-46
1
68
111
55
-60
-81
-52
-43
12
46
-9
-13
35
-11
-94
-65
3
3
14
6
-48
-45
-2
20
27
32
31
5
-30
-12
-8
-49
-43
46
46
-83
-54
14
-21
-83
-72
23
-9
-56
10
6
-32
-59
-82
-42
10
27
58
101
114
62
-38
-81
-36
11
-5
43
202
254
28
-247
-239
-115
-100
-85
-37
-4
31
50
41
30
-14
-43
-21
-51
-73
-58
-51
-6
37
30
38
72
68
38
9
0
2
-28
-63
-46
-33
-59
-54
5
-35
-49
19
49
28
41
74
82
69
11
-34
4
15
5
57
111
84
7
9
75
75
54
141
282
275
46
-275
-379
-190
-81
-109
-74
-48
-25
48
59
18
20
-9
-61
-15
12
-36
-37
6
29
21
10
4
2
22
54
51
8
-23
-43
-54
-36
-36
-54
-47
4
-55
-88
3
16
-23
12
44
20
-18
-9
16
18
11
15
7
-6
-64
-111
-8
86
86
90
151
217
93
-165
-250
-100
9
-39
-76
-34
11
8
-27
-57
-64
-61
-57
-45
15
45
-6
-17
14
36
26
-5
-37
-65
-65
-51
-25
7
9
-19
-18
34
57
10
-29
25
-45
-120
-73
-44
-90
-66
1
-3
-35
-16
22
13
0
-28
-69
-50
-69
-74
-7
-14
26
96
15
-34
37
103
144
145
55
-33
-52
-47
-13
-26
-99
-115
-88
-54
21
61
59
56
2
-44
-39
5
34
46
66
23
-43
-53
-28
-14
-21
-27
11
91
131
69
-16
16
-15
-49
-55
-52
-31
-15
-20
-4
30
30
-3
-34
-37
-53
-84
-65
-44
-37
-39
5
128
132
-48
-191
-87
188
311
170
26
-1
-5
-2
29
23
-48
-72
-35
8
61
53
30
99
76
-36
-63
-58
-41
-1
25
34
34
17
-19
-48
-46
-33
-11
21
33
-2
-36
-10
13
46
35
14
30
23
-25
-46
-18
0
-17
-23
-26
-43
-47
-59
-50
-9
-31
0
88
42
-73
-202
-217
-13
122
58
10
2
-25
-15
29
47
8
-20
1
8
-29
-97
-115
20
133
73
-11
-39
-17
-26
-87
-75
-16
0
-18
-24
3
6
-50
-120
-125
-77
-56
-1
33
57
31
-18
-63
-56
-33
-36
-13
26
32
20
-7
-6
46
29
-26
-42
-77
-92
-84
-106
-104
-63
-34
-82
-121
-35
17
-44
-86
-56
-19
-13
-27
-37
-17
-28
-113
-207
-247
-159
47
122
12
-48
-38
-45
-38
-15
-3
5
21
37
35
-2
-53
-89
-103
-91
-69
21
54
50
-18
-48
-55
-50
-26
4
22
14
-8
-42
-61
-23
36
55
49
-10
-62
-59
-76
-75
-41
44
88
-84
-202
-92
-40
-82
-69
7
49
10
-29
-30
7
28
-8
-72
-142
-166
-46
105
82
-7
-40
-36
-11
-8
-26
-23
11
35
7
-30
-20
0
-31
-58
-16
5
54
83
29
72
167
116
13
11
11
-33
-48
-46
-16
26
12
-10
11
-11
-14
37
6
-12
31
55
28
-51
-53
-28
-58
-64
-43
32
98
41
-42
-66
-38
5
33
27
-15
-81
-107
22
126
45
-12
12
2
-13
-14
-19
-14
-15
-49
-47
-20
-65
-100
-19
77
0
50
98
41
27
83
50
-35
-46
-48
-85
-65
23
64
18
-23
-33
-41
-60
-46
-19
-38
-20
17
-2
-24
-21
9
38
11
-34
21
122
69
-48
-61
-58
-76
-51
-21
-8
-5
-54
-96
-46
16
-5
-33
-12
0
-2
0
14
32
7
-25
13
0
-134
-153
5
92
5
52
88
38
-78
-143
-114
-87
-71
-60
-83
-88
-52
-5
8
-9
-14
-34
-54
-64
-90
-68
-27
-12
-10
25
46
-14
-8
-1
42
250
272
55
9
74
14
-51
-43
-27
-11
-4
-6
-2
-31
-38
15
18
-18
-10
2
-4
-14
-26
-17
-5
0
-29
-110
-63
91
95
-11
16
95
122
14
-5
77
64
-13
-29
-12
-38
-85
-73
5
41
13
-14
7
12
-18
-11
-5
-4
3
25
67
43
-78
-139
64
286
186
50
114
126
56
50
31
8
19
10
25
21
-37
-38
24
40
13
18
20
-1
-39
-66
-30
-10
-36
-53
-67
27
157
95
8
-5
103
171
85
122
185
101
-25
-44
8
26
28
-35
-86
-31
16
24
28
15
13
29
54
93
89
-19
-55
-35
-157
-125
90
130
57
76
138
102
46
58
82
76
43
9
-10
-26
-54
-76
-70
-34
3
7
-8
-23
-24
8
8
25
72
21
-23
75
147
60
44
26
73
145
77
-34
-79
-103
-108
-67
-13
39
52
4
-63
-80
-20
20
-5
-19
14
56
69
136
141
-123
-180
60
99
101
99
-13
55
174
108
22
4
11
33
25
-6
-14
-18
-15
-8
-33
-61
-33
5
2
17
30
3
-44
-76
27
116
22
7
148
180
74
22
12
19
125
133
-43
-60
0
-53
-85
-35
18
-2
-25
-24
-38
-30
-7
-5
12
38
34
83
169
79
-138
-193
-39
163
229
85
-63
22
125
60
47
57
29
23
-4
-23
-1
33
49
43
21
-1
-16
-23
-11
6
4
-29
-98
-63
58
40
-40
36
192
181
59
-30
-39
-19
105
220
161
158
197
64
-77
-56
-12
-18
-28
-5
16
-15
-24
-30
-54
-47
1
144
181
-21
-144
-205
-235
-30
147
127
55
22
31
5
22
54
40
52
55
34
35
49
42
24
19
16
-14
-33
-27
-57
-79
-47
22
122
85
-67
-86
72
206
118
-6
-22
-16
-15
35
155
123
-53
-56
16
-43
-85
-53
-12
38
65
14
-32
-31
-49
-71
-14
153
144
-134
-301
-279
-205
-103
-58
-63
-17
1
-8
37
-39
-151
-105
-56
-10
56
57
28
-9
-33
-17
14
31
34
26
-16
-58
-45
16
152
204
34
-112
-99
69
198
86
-11
-2
6
2
-9
84
150
5
-35
78
55
-50
-65
-17
25
5
-34
-33
-52
-41
13
101
141
-122
-426
-376
-162
3
47
-42
-126
-101
-16
27
29
-18
-106
-150
-172
-136
-37
9
5
-19
-30
0
16
9
34
55
30
34
53
68
120
47
-100
-135
-63
94
132
34
9
30
20
1
-21
44
229
261
142
105
55
-56
-76
-41
-57
-78
-69
-84
-104
-54
25
49
-34
-173
-226
-160
-1
139
126
38
-9
-5
38
59
6
-52
-72
-93
-81
-73
-80
-15
22
-10
-15
1
-19
-48
-31
0
2
-14
-2
71
46
-98
-128
-101
46
233
126
-17
-16
-1
4
-6
-8
18
152
219
46
-25
64
30
-68
-82
-57
-16
-15
-63
-49
-16
-6
-38
-66
10
41
-13
46
133
84
21
12
-37
-113
-171
-123
19
48
-9
-21
-3
2
5
21
24
-3
-48
-47
-2
-27
-98
-104
-69
10
59
-44
-159
-176
-52
223
303
95
-10
2
-23
-10
1
0
-4
74
248
273
135
136
169
-18
-148
-66
-11
2
23
19
10
6
13
-15
-35
-16
0
71
95
34
29
35
-20
-77
-168
-165
90
229
98
-48
-59
8
-4
-7
44
39
-5
-20
-16
-40
-74
-44
87
192
70
-125
-160
-148
47
310
187
-14
2
27
17
-2
-1
7
-15
-14
143
311
209
29
25
53
-50
-106
-36
-2
17
40
28
0
-20
-77
-158
-111
47
125
50
-28
-22
-7
11
30
-4
-85
-21
146
111
-24
-78
-54
2
15
-2
-21
-12
-10
-67
-79
-13
67
141
82
-89
-185
-162
-19
198
240
70
1
11
-15
6
1
-3
-9
-22
-21
41
193
252
101
26
162
189
-7
-119
-40
69
104
64
9
-37
-56
-80
-65
51
80
-2
-46
-78
-104
-79
-74
-80
-79
-108
-10
146
92
-51
-68
-11
26
15
-47
-85
-57
-35
-44
11
127
105
-84
-192
-169
-123
116
331
175
20
23
11
-3
12
10
2
-17
-14
2
-4
68
271
340
194
89
114
114
-28
-116
-30
57
67
34
-3
19
65
50
4
-41
-46
-2
8
-9
-13
-21
-36
-43
-61
10
185
170
9
-68
-84
-69
-32
15
8
-64
-75
11
102
73
-81
-159
-127
-88
98
373
333
85
-13
-25
-5
32
-7
-9
5
8
20
5
-33
-35
100
313
288
63
-34
63
103
-45
-172
-131
-8
27
-20
-61
-20
43
-25
-100
-91
-56
-27
-27
-46
-9
66
64
3
4
109
134
16
-87
-133
-163
-145
-47
14
0
43
121
52
-152
-276
-249
-169
57
416
453
173
7
-8
-5
-25
-23
-59
-56
-33
-1
13
1
6
25
16
123
315
277
116
51
59
79
5
-109
-130
-99
-98
-103
17
186
110
-72
-110
-107
-87
-38
-39
-53
-65
-95
-70
19
93
114
81
-9
-113
-147
-113
-83
-31
83
163
99
-62
-155
-171
-172
57
463
507
209
38
10
0
7
-12
-28
-116
-95
-65
-27
-7
-3
2
4
-1
5
154
384
387
162
60
125
115
76
38
-64
-152
-126
-33
86
185
123
1
-64
-36
40
61
6
-103
-135
-66
-70
-70
110
213
137
78
73
67
41
59
69
-14
-57
-10
-27
-63
151
522
555
243
17
-22
-5
-8
-18
-4
2
-8
6
1
-14
-13
-1
9
11
8
-7
3
154
366
382
238
117
93
145
122
79
73
12
-52
-72
49
175
105
20
-12
-31
-38
-84
-85
0
17
-140
-237
-83
49
85
144
163
143
114
75
-12
-143
-180
-93
71
352
624
545
190
25
36
13
-10
-16
-19
-20
-19
139
109
62
29
10
6
0
-15
-19
-8
-20
-13
126
349
448
360
197
56
4
71
148
100
38
-13
-93
-83
-11
34
-6
-82
-110
-89
-32
-23
-75
-93
-137
-174
-66
36
58
59
34
-7
-72
-144
-164
-105
102
446
652
497
186
38
11
6
5
-6
-6
-2
0
-2
56
49
26
4
-8
-8
-7
-14
-8
-2
-1
22
22
84
277
449
421
206
47
20
15
-6
-49
-71
-87
-97
-5
71
46
-10
-35
30
99
78
29
31
7
-56
-49
-8
29
27
-65
-177
-229
-121
184
481
598
533
327
114
16
12
19
2
-15
1
24
31
34
30
-9
-5
-4
-10
-11
-7
-1
2
-3
-3
7
-17
-46
7
77
160
351
480
446
362
212
67
34
10
-37
-24
22
17
-19
-4
14
3
23
39
27
3
-13
-26
-74
-99
-121
-195
-171
44
332
570
698
651
411
144
16
-6
4
6
-5
-5
10
16
15
20
22
19
15
25
31
28
24
20
17
17
5
-5
7
11
17
29
4
-22
53
244
444
516
500
482
433
302
110
10
-52
-132
-118
-73
-55
-64
-99
-109
-132
-173
-191
-183
-94
42
179
345
522
682
751
651
422
182
39
-13
-39
-39
-17
-11
-17
-3
10
-1
-11
-13
-15
-15
-2
15
25
30
31
29
29
32
26
14
12
27
23
-37
-55
-3
4
-2
52
149
308
471
520
556
624
565
408
293
218
97
-18
-85
-142
-98
62
250
409
503
559
592
624
701
708
525
271
111
38
-5
-19
-8
12
17
-12
-36
-14
2
-6
-2
-1
-10
-14
-10
2
-6
1
18
21
12
3
1
10
18
8
-6
-21
-33
-8
22
15
-4
-15
-11
-1
51
150
285
476
591
617
670
687
652
613
566
548
569
620
682
735
748
667
529
355
161
32
-14
-15
2
10
4
-12
-20
-6
1
9
27
18
-5
-7
-5
-5
0
3
3
11
7
10
14
10
-1
-12
-15
0
14
1
-9
11
35
20
-6
8
16
-3
-14
-29
-41
-22
-9
-3
62
169
286
408
521
619
690
715
659
531
371
208
80
14
-3
7
7
-13
-3
6
-18
-22
-1
8
-4
-14
-10
3
12
4
-2
-4
-10
-8
-1
2
0
20
23
15
3
-1
3
6
4
0
0
4
-1
-12
-8
5
3
-2
9
19
18
12
5
0
-3
-6
-6
1
6
4
5
20
48
61
45
28
21
14
4
-8
-16
-8
11
19
16
12
8
5
3
5
10
7
-3
-12
-18
-18
-13
-1
12
10
1
-1
4
27
20
10
6
8
12
11
1
-7
-2
5
-2
-15
-15
-6
-10
-24
-27
-18
-6
4
12
20
27
25
15
12
14
11
3
-6
-11
-13
-15
-15
-10
-1
6
10
16
13
-2
-8
-4
0
4
7
8
11
14
10
2
-5
-7
-3
4
13
18
12
2
-1
3
-9
-4
2
5
10
11
6
-3
-6
3
12
10
1
-5
-5
-8
-13
-9
-1
3
2
-3
-6
-4
6
12
-8
-36
-41
-19
17
48
45
9
-13
-11
-5
-3
-5
-3
-3
-10
-12
-8
-4
0
2
2
2
1
-1
-4
-6
-3
4
12
15
11
7
5
4
4
-6
-9
-3
1
2
-1
-6
-7
-2
5
12
21
25
18
7
5
9
9
9
8
2
-8
-19
-25
-8
19
11
-18
-30
-22
-7
2
5
4
-1
-3
-2
-6
-14
-17
-9
3
8
8
7
3
-4
-10
-14
-17
-17
-15
-12
-7
0
6
4
-2
0
6
7
4
