3
5
8
11
12
14
21
33
28
0
0
15
15
9
2
0
0
0
0
9
31
27
18
28
4
0
0
0
0
0
0
0
0
0
0
0
0
0
0
0
16
46
60
44
26
16
20
18
4
10
11
5
13
24
15
0
0
0
1
4
6
6
5
3
1
0
0
0
0
11
25
26
13
0
0
0
12
0
0
7
21
31
15
0
0
0
0
0
0
0
0
0
0
0
0
0
0
0
0
0
0
0
0
0
0
0
36
22
10
24
23
13
4
10
20
16
12
11
6
0
1
7
11
12
4
4
3
0
0
0
0
0
0
16
1
0
0
0
0
0
15
24
0
0
0
0
0
0
0
0
0
0
0
0
0
46
87
72
55
16
0
0
0
0
0
0
0
0
0
0
0
11
17
18
23
27
2
0
2
46
45
28
23
20
17
15
6
14
16
16
15
12
9
7
0
0
0
9
30
23
3
5
0
0
0
0
0
0
0
0
0
2
0
0
0
0
5
66
5
0
33
94
100
92
90
92
32
0
0
0
0
0
0
0
0
22
15
4
15
40
38
14
1
10
16
12
9
7
0
0
0
0
2
4
4
3
0
12
31
17
0
20
42
0
0
0
0
0
0
0
0
0
0
19
123
230
301
298
260
146
0
0
0
0
0
0
0
53
145
152
141
118
0
0
0
0
0
0
5
0
8
46
7
0
0
8
8
4
0
0
0
0
0
0
0
0
0
0
0
0
0
6
9
0
0
0
0
0
0
0
0
91
224
131
0
15
181
229
207
219
166
18
0
0
0
0
0
0
0
0
0
0
56
181
196
80
0
0
0
0
0
17
0
0
0
12
37
19
4
3
1
0
7
3
7
8
9
11
12
12
11
0
0
16
2
0
0
0
0
0
0
0
39
103
113
50
79
152
106
3
0
0
0
0
0
81
19
0
0
0
33
14
0
0
0
6
139
257
277
123
0
0
0
0
17
15
27
33
1
0
8
8
9
11
16
10
12
12
12
11
8
5
9
19
9
0
0
0
0
0
0
0
0
39
72
9
0
0
0
20
0
0
0
0
0
0
124
77
0
0
69
93
31
21
39
17
0
0
0
0
129
176
110
0
0
0
0
15
26
13
5
9
15
14
15
16
0
0
1
0
0
7
6
0
3
0
0
0
0
0
0
0
0
77
149
123
138
68
0
0
22
0
0
32
10
0
81
182
15
0
0
14
40
8
0
0
0
0
0
0
0
0
0
34
148
144
0
0
0
0
0
0
28
29
14
23
26
14
0
0
0
0
0
0
44
75
17
0
0
0
0
0
0
18
136
148
102
151
149
0
0
0
24
0
2
59
66
1
5
69
0
0
41
15
0
0
35
24
17
0
0
25
16
0
0
0
36
179
224
74
0
0
0
0
7
29
27
3
7
14
12
7
0
1
27
24
16
0
0
0
0
0
0
0
0
162
168
131
201
179
0
0
0
8
0
10
72
120
127
64
0
0
59
113
60
26
18
60
51
1
0
11
39
28
0
0
0
0
0
23
107
157
46
0
0
0
0
14
25
22
9
12
5
0
34
58
30
3
0
0
0
0
0
0
0
48
190
158
151
222
147
0
0
0
191
114
31
61
96
26
0
0
0
0
0
8
40
82
64
0
0
22
36
97
144
98
81
94
40
0
0
0
0
99
168
62
0
0
0
0
0
41
33
6
0
12
23
6
2
7
0
0
0
0
0
0
0
147
132
102
90
0
0
0
72
327
253
113
91
124
47
0
0
0
29
0
0
0
68
65
38
27
54
92
89
56
37
76
126
97
36
0
0
0
0
0
118
219
114
0
0
0
0
0
0
11
14
19
0
0
10
0
0
0
0
0
0
42
196
168
20
0
0
0
60
185
304
203
0
0
0
0
0
0
0
0
0
0
41
120
127
56
0
0
0
0
0
0
0
0
0
0
7
25
21
6
0
0
0
78
178
43
0
0
0
0
0
18
23
7
10
31
14
0
0
0
0
0
0
102
114
25
12
0
0
34
209
329
219
0
0
0
0
0
0
0
0
0
0
88
194
111
0
0
0
0
0
0
0
0
0
0
6
33
29
12
31
57
71
0
0
0
43
92
0
0
0
31
29
17
0
0
12
13
0
0
0
0
0
0
58
172
90
0
37
68
0
0
0
69
41
0
0
45
155
220
126
0
0
0
0
145
125
0
0
0
0
63
100
14
66
107
17
0
0
0
0
0
0
52
92
56
0
0
28
155
119
0
0
0
21
16
0
0
15
25
0
0
0
0
0
0
157
167
105
38
0
0
0
0
0
8
0
0
0
0
0
42
183
232
137
9
0
6
0
0
0
0
0
156
171
126
110
50
0
0
0
0
0
0
0
51
59
5
0
5
71
140
179
49
0
0
16
32
19
12
0
0
0
0
0
0
0
34
89
0
0
0
25
0
0
0
0
0
0
0
0
0
0
0
0
233
391
342
179
12
18
113
110
110
111
0
0
154
181
49
7
0
0
35
150
144
77
14
56
129
125
43
0
25
131
101
0
0
5
44
24
24
12
0
0
0
21
27
68
113
67
0
0
0
7
34
29
41
56
0
0
0
0
24
9
0
0
0
127
152
61
0
0
3
17
89
82
0
0
22
128
96
53
58
129
248
267
157
50
0
0
35
122
9
0
5
96
123
0
0
0
9
0
0
0
0
0
0
0
0
51
84
30
25
47
7
0
0
0
47
70
15
0
0
0
0
10
9
0
0
1
0
0
0
0
0
0
2
35
34
0
0
0
35
61
45
51
95
86
6
0
0
0
0
0
11
3
1
59
113
0
0
0
0
0
0
0
0
0
0
0
0
59
55
0
0
0
12
56
24
0
47
46
0
0
0
0
30
0
15
6
0
0
112
174
101
0
0
2
19
0
0
0
0
0
0
50
56
14
0
0
0
0
0
0
0
0
0
0
0
0
68
97
0
0
0
17
28
0
0
0
16
0
0
74
74
58
80
71
42
17
6
0
0
1
9
0
0
0
44
26
0
0
0
25
103
90
41
0
0
22
20
14
18
0
0
0
8
39
71
37
0
0
0
4
2
0
0
0
10
0
0
0
12
137
62
0
0
20
17
0
0
0
4
0
0
0
0
18
55
39
29
33
29
4
0
0
0
0
0
0
0
0
1
68
111
55
0
0
0
0
12
46
0
0
35
0
0
0
3
3
14
6
0
0
0
20
27
32
31
5
0
0
0
0
0
46
46
0
0
14
0
0
0
23
0
0
10
6
0
0
0
0
10
27
58
101
114
62
0
0
0
11
0
43
202
254
28
0
0
0
0
0
0
0
31
50
41
30
0
0
0
0
0
0
0
0
37
30
38
72
68
38
9
0
2
0
0
0
0
0
0
5
0
0
19
49
28
41
74
82
69
11
0
4
15
5
57
111
84
7
9
75
75
54
141
282
275
46
0
0
0
0
0
0
0
0
48
59
18
20
0
0
0
12
0
0
6
29
21
10
4
2
22
54
51
8
0
0
0
0
0
0
0
4
0
0
3
16
0
12
44
20
0
0
16
18
11
15
7
0
0
0
0
86
86
90
151
217
93
0
0
0
9
0
0
0
11
8
0
0
0
0
0
0
15
45
0
0
14
36
26
0
0
0
0
0
0
7
9
0
0
34
57
10
0
25
0
0
0
0
0
0
1
0
0
0
22
13
0
0
0
0
0
0
0
0
26
96
15
0
37
103
144
145
55
0
0
0
0
0
0
0
0
0
21
61
59
56
2
0
0
5
34
46
66
23
0
0
0
0
0
0
11
91
131
69
0
16
0
0
0
0
0
0
0
0
30
30
0
0
0
0
0
0
0
0
0
5
128
132
0
0
0
188
311
170
26
0
0
0
29
23
0
0
0
8
61
53
30
99
76
0
0
0
0
0
25
34
34
17
0
0
0
0
0
21
33
0
0
0
13
46
35
14
30
23
0
0
0
0
0
0
0
0
0
0
0
0
0
0
88
42
0
0
0
0
122
58
10
2
0
0
29
47
8
0
1
8
0
0
0
20
133
73
0
0
0
0
0
0
0
0
0
0
3
6
0
0
0
0
0
0
33
57
31
0
0
0
0
0
0
26
32
20
0
0
46
29
0
0
0
0
0
0
0
0
0
0
0
0
17
0
0
0
0
0
0
0
0
0
0
0
0
0
47
122
12
0
0
0
0
0
0
5
21
37
35
0
0
0
0
0
0
21
54
50
0
0
0
0
0
4
22
14
0
0
0
0
36
55
49
0
0
0
0
0
0
44
88
0
0
0
0
0
0
7
49
10
0
0
7
28
0
0
0
0
0
105
82
0
0
0
0
0
0
0
11
35
7
0
0
0
0
0
0
5
54
83
29
72
167
116
13
11
11
0
0
0
0
26
12
0
11
0
0
37
6
0
31
55
28
0
0
0
0
0
0
32
98
41
0
0
0
5
33
27
0
0
0
22
126
45
0
12
2
0
0
0
0
0
0
0
0
0
0
0
77
0
50
98
41
27
83
50
0
0
0
0
0
23
64
18
0
0
0
0
0
0
0
0
17
0
0
0
9
38
11
0
21
122
69
0
0
0
0
0
0
0
0
0
0
0
16
0
0
0
0
0
0
14
32
7
0
13
0
0
0
5
92
5
52
88
38
0
0
0
0
0
0
0
0
0
0
8
0
0
0
0
0
0
0
0
0
0
25
46
0
0
0
42
250
272
55
9
74
14
0
0
0
0
0
0
0
0
0
15
18
0
0
2
0
0
0
0
0
0
0
0
0
91
95
0
16
95
122
14
0
77
64
0
0
0
0
0
0
5
41
13
0
7
12
0
0
0
0
3
25
67
43
0
0
64
286
186
50
114
126
56
50
31
8
19
10
25
21
0
0
24
40
13
18
20
0
0
0
0
0
0
0
0
27
157
95
8
0
103
171
85
122
185
101
0
0
8
26
28
0
0
0
16
24
28
15
13
29
54
93
89
0
0
0
0
0
90
130
57
76
138
102
46
58
82
76
43
9
0
0
0
0
0
0
3
7
0
0
0
8
8
25
72
21
0
75
147
60
44
26
73
145
77
0
0
0
0
0
0
39
52
4
0
0
0
20
0
0
14
56
69
136
141
0
0
60
99
101
99
0
55
174
108
22
4
11
33
25
0
0
0
0
0
0
0
0
5
2
17
30
3
0
0
27
116
22
7
148
180
74
22
12
19
125
133
0
0
0
0
0
0
18
0
0
0
0
0
0
0
12
38
34
83
169
79
0
0
0
163
229
85
0
22
125
60
47
57
29
23
0
0
0
33
49
43
21
0
0
0
0
6
4
0
0
0
58
40
0
36
192
181
59
0
0
0
105
220
161
158
197
64
0
0
0
0
0
0
16
0
0
0
0
0
1
144
181
0
0
0
0
0
147
127
55
22
31
5
22
54
40
52
55
34
35
49
42
24
19
16
0
0
0
0
0
0
22
122
85
0
0
72
206
118
0
0
0
0
35
155
123
0
0
16
0
0
0
0
38
65
14
0
0
0
0
0
153
144
0
0
0
0
0
0
0
0
1
0
37
0
0
0
0
0
56
57
28
0
0
0
14
31
34
26
0
0
0
16
152
204
34
0
0
69
198
86
0
0
6
2
0
84
150
5
0
78
55
0
0
0
25
5
0
0
0
0
13
101
141
0
0
0
0
3
47
0
0
0
0
27
29
0
0
0
0
0
0
9
5
0
0
0
16
9
34
55
30
34
53
68
120
47
0
0
0
94
132
34
9
30
20
1
0
44
229
261
142
105
55
0
0
0
0
0
0
0
0
0
25
49
0
0
0
0
0
139
126
38
0
0
38
59
6
0
0
0
0
0
0
0
22
0
0
1
0
0
0
0
2
0
0
71
46
0
0
0
46
233
126
0
0
0
4
0
0
18
152
219
46
0
64
30
0
0
0
0
0
0
0
0
0
0
0
10
41
0
46
133
84
21
12
0
0
0
0
19
48
0
0
0
2
5
21
24
0
0
0
0
0
0
0
0
10
59
0
0
0
0
223
303
95
0
2
0
0
1
0
0
74
248
273
135
136
169
0
0
0
0
2
23
19
10
6
13
0
0
0
0
71
95
34
29
35
0
0
0
0
90
229
98
0
0
8
0
0
44
39
0
0
0
0
0
0
87
192
70
0
0
0
47
310
187
0
2
27
17
0
0
7
0
0
143
311
209
29
25
53
0
0
0
0
17
40
28
0
0
0
0
0
47
125
50
0
0
0
11
30
0
0
0
146
111
0
0
0
2
15
0
0
0
0
0
0
0
67
141
82
0
0
0
0
198
240
70
1
11
0
6
1
0
0
0
0
41
193
252
101
26
162
189
0
0
0
69
104
64
9
0
0
0
0
51
80
0
0
0
0
0
0
0
0
0
0
146
92
0
0
0
26
15
0
0
0
0
0
11
127
105
0
0
0
0
116
331
175
20
23
11
0
12
10
2
0
0
2
0
68
271
340
194
89
114
114
0
0
0
57
67
34
0
19
65
50
4
0
0
0
8
0
0
0
0
0
0
10
185
170
9
0
0
0
0
15
8
0
0
11
102
73
0
0
0
0
98
373
333
85
0
0
0
32
0
0
5
8
20
5
0
0
100
313
288
63
0
63
103
0
0
0
0
27
0
0
0
43
0
0
0
0
0
0
0
0
66
64
3
4
109
134
16
0
0
0
0
0
14
0
43
121
52
0
0
0
0
57
416
453
173
7
0
0
0
0
0
0
0
0
13
1
6
25
16
123
315
277
116
51
59
79
5
0
0
0
0
0
17
186
110
0
0
0
0
0
0
0
0
0
0
19
93
114
81
0
0
0
0
0
0
83
163
99
0
0
0
0
57
463
507
209
38
10
0
7
0
0
0
0
0
0
0
0
2
4
0
5
154
384
387
162
60
125
115
76
38
0
0
0
0
86
185
123
1
0
0
40
61
6
0
0
0
0
0
110
213
137
78
73
67
41
59
69
0
0
0
0
0
151
522
555
243
17
0
0
0
0
0
2
0
6
1
0
0
0
9
11
8
0
3
154
366
382
238
117
93
145
122
79
73
12
0
0
49
175
105
20
0
0
0
0
0
0
17
0
0
0
49
85
144
163
143
114
75
0
0
0
0
71
352
624
545
190
25
36
13
0
0
0
0
0
139
109
62
29
10
6
0
0
0
0
0
0
126
349
448
360
197
56
4
71
148
100
38
0
0
0
0
34
0
0
0
0
0
0
0
0
0
0
0
36
58
59
34
0
0
0
0
0
102
446
652
497
186
38
11
6
5
0
0
0
0
0
56
49
26
4
0
0
0
0
0
0
0
22
22
84
277
449
421
206
47
20
15
0
0
0
0
0
0
71
46
0
0
30
99
78
29
31
7
0
0
0
29
27
0
0
0
0
184
481
598
533
327
114
16
12
19
2
0
1
24
31
34
30
0
0
0
0
0
0
0
2
0
0
7
0
0
7
77
160
351
480
446
362
212
67
34
10
0
0
22
17
0
0
14
3
23
39
27
3
0
0
0
0
0
0
0
44
332
570
698
651
411
144
16
0
4
6
0
0
10
16
15
20
22
19
15
25
31
28
24
20
17
17
5
0
7
11
17
29
4
0
53
244
444
516
500
482
433
302
110
10
0
0
0
0
0
0
0
0
0
0
0
0
0
42
179
345
522
682
751
651
422
182
39
0
0
0
0
0
0
0
10
0
0
0
0
0
0
15
25
30
31
29
29
32
26
14
12
27
23
0
0
0
4
0
52
149
308
471
520
556
624
565
408
293
218
97
0
0
0
0
62
250
409
503
559
592
624
701
708
525
271
111
38
0
0
0
12
17
0
0
0
2
0
0
0
0
0
0
2
0
1
18
21
12
3
1
10
18
8
0
0
0
0
22
15
0
0
0
0
51
150
285
476
591
617
670
687
652
613
566
548
569
620
682
735
748
667
529
355
161
32
0
0
2
10
4
0
0
0
1
9
27
18
0
0
0
0
0
3
3
11
7
10
14
10
0
0
0
0
14
1
0
11
35
20
0
8
16
0
0
0
0
0
0
0
62
169
286
408
521
619
690
715
659
531
371
208
80
14
0
7
7
0
0
6
0
0
0
8
0
0
0
3
12
4
0
0
0
0
0
2
0
20
23
15
3
0
3
6
4
0
0
4
0
0
0
5
3
0
9
19
18
12
5
0
0
0
0
1
6
4
5
20
48
61
45
28
21
14
4
0
0
0
11
19
16
12
8
5
3
5
10
7
0
0
0
0
0
0
12
10
1
0
4
27
20
10
6
8
12
11
1
0
0
5
0
0
0
0
0
0
0
0
0
4
12
20
27
25
15
12
14
11
3
0
0
0
0
0
0
0
6
10
16
13
0
0
0
0
4
7
8
11
14
10
2
0
0
0
4
13
18
12
2
0
3
0
0
2
5
10
11
6
0
0
3
12
10
1
0
0
0
0
0
0
3
2
0
0
0
6
12
0
0
0
0
17
48
45
9
0
0
0
0
0
0
0
0
0
0
0
0
2
2
2
1
0
0
0
0
4
12
15
11
7
5
4
4
0
0
0
1
2
0
0
0
0
5
12
21
25
18
7
5
9
9
9
8
2
0
0
0
0
19
11
0
0
0
0
2
5
4
0
0
0
0
0
0
0
3
8
8
7
3
0
0
0
0
0
0
0
0
0
6
4
0
0
6
7
4
