199
170
132
129
158
174
160
136
123
122
132
137
116
98
117
149
160
154
150
156
172
190
192
181
176
186
198
200
196
185
162
140
132
140
141
124
112
124
144
157
167
172
161
144
130
129
135
133
126
126
135
136
121
109
112
119
122
123
124
127
126
118
188
188
181
181
189
188
175
160
152
149
152
150
123
87
76
96
120
125
123
126
142
159
155
136
130
145
167
184
189
174
146
127
130
148
158
147
131
134
151
169
184
193
190
174
161
164
173
170
160
158
162
156
134
127
146
162
163
162
161
164
165
156
154
179
196
201
199
197
195
195
199
195
188
184
169
131
99
107
139
157
155
151
151
150
136
118
110
115
137
172
196
194
183
179
184
191
196
194
191
195
205
213
216
221
221
209
196
198
210
212
209
203
192
170
142
144
181
201
193
188
192
197
200
196
121
143
164
177
177
172
172
183
195
195
188
188
189
176
160
164
186
201
201
195
183
165
150
139
126
120
133
163
186
193
198
206
208
203
202
206
209
210
213
212
206
199
191
176
162
161
173
187
192
177
147
116
94
108
156
185
174
156
159
169
174
178
114
120
133
145
143
135
137
152
165
167
167
167
170
181
190
189
185
188
197
198
190
181
179
175
163
154
153
154
150
147
157
179
190
183
175
173
173
173
173
170
159
145
133
126
124
123
126
137
143
126
93
67
57
68
107
151
160
143
136
139
138
143
120
122
130
132
127
119
119
134
146
152
155
148
142
160
183
179
150
137
150
159
160
173
188
190
188
182
165
141
118
108
118
146
173
177
164
150
146
145
142
134
124
114
111
120
134
136
126
119
115
106
92
81
74
77
100
138
160
160
156
151
144
146
125
133
143
146
145
131
116
125
148
165
170
156
138
147
173
176
142
116
119
126
129
150
174
186
188
176
151
125
111
109
115
134
159
171
162
150
144
132
118
113
116
116
117
129
143
147
136
118
105
103
106
104
95
101
119
132
139
144
145
145
149
151
145
149
151
161
170
157
131
134
164
185
190
180
163
155
162
165
152
137
130
123
119
130
158
181
175
148
123
119
127
133
135
138
145
155
157
153
147
129
105
100
110
116
121
130
141
147
146
135
126
127
132
127
113
113
128
135
133
125
113
110
118
128
171
167
162
168
177
168
144
146
178
195
194
189
178
161
147
143
148
155
157
148
135
131
148
164
150
116
98
116
147
159
156
149
141
147
159
160
155
143
122
106
103
113
129
144
153
158
158
155
154
160
164
160
145
136
142
152
155
141
115
93
84
97
175
178
180
181
177
161
138
140
171
194
193
181
169
160
153
150
154
166
176
173
160
147
142
138
122
97
86
107
145
168
169
154
140
140
155
163
160
156
147
130
117
126
148
161
168
167
153
141
145
155
163
164
157
149
148
150
147
137
122
103
82
83
173
182
189
189
183
167
148
143
163
186
190
177
168
172
181
185
185
179
165
152
146
141
130
121
117
109
99
102
126
151
154
139
127
129
140
150
150
150
153
147
137
141
156
163
164
156
130
111
118
131
135
136
136
133
127
118
111
110
119
123
112
100
192
194
198
195
191
189
185
179
181
188
191
188
186
192
202
208
208
181
131
102
107
119
127
137
149
154
146
137
139
144
141
131
124
125
132
138
142
144
147
145
139
138
144
151
152
137
109
95
105
118
119
117
120
121
113
105
107
113
122
132
134
129
208
208
206
186
169
180
201
208
203
198
196
197
201
206
210
216
217
184
117
81
97
124
152
179
194
201
202
197
189
181
175
166
157
151
150
155
162
163
159
152
140
134
141
152
155
142
122
114
123
133
137
134
129
125
120
120
130
134
131
130
133
135
184
187
176
143
115
126
164
195
207
202
194
197
208
215
215
212
208
184
131
96
113
151
185
210
222
224
226
222
216
216
216
210
203
198
195
196
199
198
194
185
166
157
168
181
184
180
175
172
175
181
187
182
161
138
128
130
137
145
151
150
143
136
123
127
116
92
72
78
114
157
183
185
181
188
197
193
178
159
152
157
146
127
135
162
183
202
218
219
207
188
179
197
220
223
219
216
212
211
212
212
210
205
189
179
191
202
201
201
206
209
211
214
217
209
184
160
154
153
152
162
176
175
164
162
76
77
75
69
69
88
117
137
148
153
157
162
154
129
102
84
92
127
147
140
140
144
145
156
173
171
150
125
119
149
189
204
197
182
172
172
179
186
188
184
173
165
171
180
179
175
175
182
192
196
192
183
172
172
182
183
178
179
177
166
162
180
82
77
74
74
92
135
164
156
141
141
150
151
132
105
87
85
105
137
144
127
123
125
123
125
132
132
124
117
119
136
158
169
164
149
133
126
132
150
165
164
156
150
147
153
156
144
130
136
154
162
154
141
138
150
164
169
170
164
152
143
145
166
109
102
92
82
99
148
184
178
157
151
159
164
160
152
147
152
164
170
154
132
130
139
141
133
128
141
163
174
174
170
165
159
155
156
148
129
123
142
161
164
162
157
150
153
157
143
121
116
129
150
154
138
129
135
139
142
149
151
146
145
146
150
118
107
96
83
85
117
157
175
169
159
161
170
177
178
177
180
184
182
174
167
165
161
146
120
106
132
181
207
208
202
193
180
172
176
171
147
137
152
164
162
159
156
153
154
154
145
128
112
113
141
169
163
146
146
150
150
154
163
167
164
160
158
115
99
94
95
95
101
125
159
171
166
165
169
167
159
151
150
157
168
179
183
173
151
121
91
75
96
148
190
204
204
201
195
187
184
177
154
140
157
173
166
152
147
149
151
144
135
128
115
104
117
151
166
153
148
162
164
154
160
176
180
179
185
117
110
110
121
131
125
124
143
163
170
165
150
144
144
137
130
136
153
165
164
154
141
128
112
92
91
122
159
173
171
171
173
169
168
171
159
142
152
175
176
164
157
158
159
151
139
138
137
124
116
132
154
154
153
169
168
143
139
165
184
189
194
110
118
124
133
147
149
138
136
155
172
151
110
103
131
149
143
141
153
159
156
158
161
162
154
129
110
123
140
137
131
135
137
135
137
145
150
145
143
153
165
172
170
167
167
164
156
152
154
155
148
147
153
158
169
183
174
148
140
158
173
174
173
96
107
121
133
145
149
140
137
159
175
137
78
67
102
141
156
160
168
171
173
185
189
181
172
145
120
129
140
126
119
130
136
137
137
137
143
150
145
138
144
158
159
151
150
158
161
155
152
159
167
170
166
163
174
182
173
164
165
166
165
166
166
94
98
119
138
145
143
140
145
169
181
137
76
57
72
106
148
174
172
158
160
179
186
181
170
139
112
121
137
129
119
124
135
142
146
146
146
149
147
139
140
148
144
129
125
135
150
156
149
148
160
175
178
171
171
172
165
169
176
172
169
176
183
102
112
134
144
142
145
152
156
168
174
140
95
76
70
80
123
159
148
121
120
138
150
151
139
113
95
105
129
133
115
105
115
125
131
135
133
132
133
134
140
148
145
133
121
116
135
159
160
149
149
158
167
167
164
161
160
164
168
168
169
176
183
126
147
159
147
137
147
158
157
154
149
129
112
108
97
86
104
133
134
123
127
140
140
131
118
104
96
102
121
131
121
113
118
125
127
124
123
127
132
127
126
136
145
145
130
111
121
154
170
159
139
129
139
154
153
145
148
157
157
159
163
162
163
149
164
162
144
143
152
155
156
155
145
130
124
130
127
105
100
126
151
167
179
184
177
163
146
131
119
111
112
118
131
148
152
152
154
148
140
142
142
122
105
119
142
148
136
113
108
131
155
151
127
109
119
144
148
133
132
139
140
146
154
151
150
154
155
142
138
154
167
168
174
181
178
162
145
141
136
113
103
127
164
188
199
202
201
191
172
151
138
129
114
106
130
168
181
179
178
173
160
149
140
116
93
106
140
153
140
116
104
120
146
154
141
120
122
146
156
144
136
138
139
144
150
150
153
155
148
131
133
155
178
192
194
193
191
176
156
145
131
110
108
131
159
181
190
189
183
170
152
136
131
132
119
104
118
155
179
177
165
157
148
138
133
120
100
104
136
154
138
113
110
136
165
176
170
152
143
151
152
145
148
157
157
153
154
159
171
154
148
136
131
146
177
191
177
159
154
150
141
141
134
114
114
132
151
173
180
165
147
135
122
111
108
111
111
111
117
137
161
161
142
133
131
130
131
130
123
123
135
140
128
111
114
138
164
172
168
158
151
143
125
117
133
152
152
145
151
167
183
146
152
151
138
140
161
162
134
112
113
120
119
132
143
125
117
130
146
160
155
128
114
116
106
87
83
95
110
124
130
135
148
149
139
138
138
132
127
125
128
127
117
110
110
112
113
119
132
142
141
139
143
137
113
102
115
127
124
120
131
149
160
154
168
171
156
146
149
143
122
106
106
111
112
127
143
131
119
131
148
152
133
109
100
101
88
65
62
87
116
130
134
138
138
135
137
143
140
128
117
112
110
97
81
82
99
112
115
115
117
122
127
131
137
138
125
110
111
119
117
116
124
134
133
185
193
194
185
168
158
157
153
142
131
132
141
146
147
138
128
132
146
151
141
129
119
106
86
63
57
84
118
128
124
124
119
116
122
128
127
121
116
116
106
77
58
76
105
117
123
132
133
130
134
137
136
141
137
121
118
131
136
133
136
139
135
210
214
215
212
196
178
173
174
163
145
148
169
174
164
158
148
135
132
140
147
147
140
130
112
89
81
100
126
130
118
112
109
109
114
122
132
137
136
135
120
87
66
85
116
125
128
139
143
138
137
137
135
139
139
130
131
143
142
129
127
135
136
205
213
216
212
200
185
175
171
159
144
144
161
170
169
172
167
148
131
132
140
142
134
127
118
110
107
113
123
124
118
120
125
127
133
145
160
166
161
151
138
120
104
112
129
135
135
139
140
133
127
128
129
128
129
131
135
133
120
105
108
124
129
173
187
195
189
184
184
181
177
176
175
173
175
178
184
193
194
185
172
164
166
168
152
125
108
104
104
102
100
99
102
112
124
138
157
170
170
164
157
152
151
150
147
147
147
147
150
153
151
140
132
131
133
131
131
135
133
118
101
97
106
119
126
130
144
160
164
164
170
174
177
186
194
197
197
198
205
214
219
222
221
214
214
217
204
171
134
116
116
117
109
103
100
100
111
135
156
156
141
129
130
139
146
150
154
152
143
138
145
156
159
152
144
140
144
150
150
147
143
132
123
121
124
126
132
110
119
132
139
140
140
143
148
154
161
164
162
161
167
179
192
203
207
207
209
218
224
210
178
158
166
175
170
162
154
148
153
168
169
147
127
126
137
148
154
154
152
148
138
129
130
141
154
160
148
132
133
144
146
145
148
152
153
149
146
146
145
112
121
126
124
124
125
129
131
131
132
129
119
112
114
123
135
144
148
149
154
169
188
193
180
174
186
198
201
201
201
204
209
211
199
180
173
182
193
198
200
196
189
184
177
166
160
163
179
189
172
142
121
118
127
143
156
164
168
162
159
160
148
112
117
119
115
115
123
134
141
143
139
132
124
119
116
116
118
120
120
117
119
128
141
152
153
152
156
164
169
171
175
182
188
186
180
186
207
227
232
229
226
222
217
214
213
210
204
202
212
221
213
184
147
131
149
177
190
192
188
177
169
166
152
129
124
121
119
118
123
137
152
158
154
150
152
153
148
142
138
134
131
127
124
120
121
130
137
138
142
147
144
142
146
150
148
143
142
155
183
208
214
205
197
197
199
199
200
200
196
192
196
205
207
189
158
150
178
204
206
200
188
168
157
157
149
169
165
159
153
147
145
150
160
164
162
165
171
173
172
168
157
143
135
135
132
125
120
121
126
140
164
173
157
145
154
162
155
148
148
146
154
171
179
173
172
178
187
192
188
178
171
168
169
172
167
146
127
133
163
185
182
172
160
149
146
144
132
185
192
191
185
179
173
169
172
176
178
184
187
187
192
194
177
146
131
135
137
135
129
118
119
147
189
204
179
148
146
162
169
169
168
162
163
173
177
179
189
196
202
210
202
186
181
184
181
176
165
148
138
145
165
182
183
174
169
174
180
162
133
160
169
179
183
176
165
161
171
186
197
204
208
209
212
213
191
155
138
145
151
154
149
136
135
166
204
220
203
165
137
145
174
188
183
179
183
191
194
198
207
213
216
217
207
195
195
200
197
193
190
183
180
183
193
199
194
189
197
210
212
179
138
141
135
143
154
147
130
127
146
173
192
198
200
202
202
196
177
152
142
148
156
161
159
150
150
171
194
206
206
182
147
142
166
181
175
169
167
169
175
180
187
197
204
197
184
177
177
179
182
184
181
168
156
158
173
171
152
157
190
216
214
178
143
162
134
116
119
120
110
108
125
147
160
163
162
161
160
158
152
144
139
139
148
158
157
149
142
141
145
149
148
138
123
116
118
120
120
123
129
130
131
137
145
157
165
161
152
145
142
147
157
158
146
120
95
101
130
129
104
123
180
218
219
198
178
179
139
98
92
107
116
124
137
147
149
149
144
136
135
141
147
149
145
143
157
173
174
166
156
141
122
99
80
73
70
67
61
58
62
81
112
133
132
129
133
137
143
148
148
139
133
133
129
118
109
93
71
85
127
126
100
127
190
225
228
222
213
161
125
88
79
96
124
150
163
167
167
165
157
146
138
139
145
149
148
154
172
182
179
174
174
172
153
110
67
50
50
53
52
46
43
57
99
144
157
151
144
139
146
158
159
151
148
135
99
71
76
81
71
93
140
142
119
146
200
226
228
230
224
154
135
112
88
82
109
145
163
168
171
169
162
154
144
138
139
141
143
154
170
165
144
132
137
149
155
132
84
52
54
73
78
62
46
46
70
109
137
142
136
131
139
154
157
154
160
146
95
55
60
72
73
101
147
159
153
174
205
221
225
227
222
161
155
147
120
89
91
120
144
155
157
154
151
147
143
139
136
136
139
150
167
163
126
91
80
88
106
113
90
61
63
86
92
70
51
48
53
67
94
122
136
139
142
148
155
162
169
155
107
67
61
64
77
116
154
170
181
195
201
206
211
210
205
155
152
155
144
117
106
127
154
164
164
161
157
153
149
144
140
140
141
151
177
190
154
93
59
56
68
92
104
91
80
82
78
64
55
55
54
54
80
127
158
165
160
151
154
168
167
136
95
75
66
58
81
134
168
175
187
195
191
193
197
191
186
151
153
157
150
138
142
166
186
192
191
188
181
173
167
162
162
163
154
153
180
205
179
110
61
50
62
90
111
105
88
75
68
65
63
60
56
56
82
129
158
163
159
149
153
169
160
115
80
82
81
73
104
156
182
186
191
192
186
180
174
165
162
146
148
152
147
144
158
181
194
195
192
186
174
163
163
168
174
173
156
142
157
181
166
111
66
57
66
78
84
79
73
71
73
76
72
64
56
57
79
117
137
138
138
142
157
175
167
128
98
103
107
107
131
153
161
170
181
183
170
142
119
108
108
132
130
132
138
143
147
157
167
169
162
149
135
127
127
136
151
154
136
124
131
139
127
98
76
75
74
61
53
58
67
72
78
81
76
67
57
54
70
100
116
115
112
118
140
157
151
130
113
111
111
117
123
111
101
113
137
156
144
102
73
66
66
118
117
121
135
145
143
140
140
137
130
120
109
100
92
96
121
133
123
122
128
116
99
89
83
83
77
55
51
76
90
82
80
83
78
71
60
50
58
78
88
90
88
87
96
104
99
93
92
88
89
101
100
78
64
68
85
111
118
92
71
70
66
118
111
114
128
140
144
141
128
114
109
108
97
84
74
75
100
121
118
123
134
119
94
84
82
81
73
54
54
87
104
92
87
90
83
72
60
49
52
63
71
76
77
70
66
67
68
69
72
69
73
93
102
91
78
66
64
80
97
94
85
84
79
152
138
130
129
134
142
144
134
123
120
119
109
96
92
96
114
130
126
126
142
134
100
78
79
83
76
59
52
68
85
91
97
100
90
75
61
51
53
69
88
97
88
72
67
72
80
82
77
68
71
92
113
124
117
100
91
94
98
98
97
96
96
169
178
178
172
167
165
162
168
176
179
177
172
166
166
171
179
182
174
169
175
165
128
94
82
84
82
75
66
63
73
91
104
104
95
82
65
53
64
97
129
138
119
100
98
105
116
122
110
88
75
84
111
140
150
147
147
141
120
106
109
116
118
130
158
184
199
202
184
166
178
205
218
218
217
218
220
222
224
224
223
222
222
209
172
124
91
82
84
89
90
85
87
97
103
100
95
87
71
61
87
135
164
165
157
156
158
159
167
179
170
139
106
94
117
155
177
183
190
183
147
115
120
143
148
133
141
161
184
193
173
148
156
185
199
198
194
192
194
196
195
196
204
218
232
227
189
132
94
83
84
87
93
96
95
94
94
93
89
84
79
88
123
167
186
187
193
205
210
207
209
215
212
195
163
135
145
183
206
209
211
210
181
148
152
180
187
195
188
189
193
193
182
166
169
184
191
189
179
167
165
167
163
159
162
177
200
205
177
132
100
90
86
81
85
92
91
85
83
86
85
88
105
137
168
187
200
211
220
224
226
226
224
223
223
222
208
184
181
203
220
223
226
228
220
204
203
214
210
212
212
210
204
198
193
189
188
194
203
207
197
183
177
179
178
175
170
164
166
173
173
158
133
109
94
89
99
106
93
78
74
82
101
126
155
181
195
198
205
216
224
227
225
222
219
221
225
225
218
203
197
202
206
208
213
219
222
220
220
223
213
