206
212
172
79
72
157
206
194
171
168
160
174
186
157
149
196
225
217
213
208
218
227
221
224
226
217
217
221
214
206
209
215
209
185
173
133
102
125
186
214
195
190
194
181
182
157
156
151
154
147
163
165
168
154
136
112
112
127
136
142
134
112
120
119
207
210
166
97
94
153
169
142
99
85
85
100
133
99
61
108
168
174
145
140
146
165
201
204
189
174
191
214
201
198
200
163
130
112
137
163
131
95
108
133
138
150
164
136
117
96
99
109
118
96
97
114
128
96
85
94
108
96
100
95
114
119
105
92
185
205
203
198
201
207
190
172
153
147
140
146
155
104
57
47
70
102
99
102
104
121
165
150
115
111
140
169
184
181
156
101
79
88
123
144
123
90
93
114
152
176
198
186
169
143
156
176
162
142
140
145
159
124
109
139
166
158
169
149
156
162
146
121
112
154
191
219
213
205
214
219
219
227
225
208
203
197
134
60
72
138
157
145
140
139
151
133
105
99
102
119
182
213
212
196
202
210
218
217
217
217
230
238
245
228
241
255
250
228
237
255
248
244
250
239
227
165
157
225
240
217
226
235
236
230
240
211
86
113
135
166
179
178
174
168
180
206
201
173
187
214
199
171
174
216
235
223
216
196
157
134
133
119
106
110
166
205
215
216
229
221
209
212
225
226
226
223
228
217
211
202
183
148
154
173
193
205
186
138
108
67
85
179
205
153
130
143
173
169
187
182
106
113
101
121
154
147
123
120
142
167
167
177
173
156
184
208
205
193
199
211
215
210
187
192
195
161
147
158
157
138
139
144
182
191
166
158
168
164
161
160
168
155
137
108
103
92
93
88
120
136
114
52
32
34
39
78
159
163
112
99
122
108
118
132
146
124
123
127
117
107
109
120
143
144
128
142
137
130
163
187
176
124
111
156
158
146
177
203
195
204
206
176
152
109
90
96
143
184
186
161
136
132
147
148
133
104
99
97
121
152
160
130
127
119
124
100
90
77
70
71
145
191
190
181
175
137
152
169
123
99
131
157
142
153
129
87
115
148
168
185
151
107
122
184
203
132
72
102
123
108
150
182
171
183
189
148
109
95
102
101
119
163
191
169
150
150
135
113
110
123
125
115
135
152
158
134
110
78
86
99
117
94
113
142
137
123
151
152
162
160
170
144
132
150
152
148
165
196
169
117
120
168
194
204
193
164
152
168
183
167
147
133
116
114
121
155
207
193
149
121
123
126
140
147
141
137
153
146
147
156
123
77
90
120
123
112
128
124
140
143
134
112
121
122
121
82
92
130
126
105
109
75
96
120
140
118
168
187
162
145
154
176
191
148
140
205
197
179
200
200
168
132
122
139
163
157
138
118
107
138
182
155
104
70
106
172
158
140
153
126
144
174
161
146
155
115
94
88
99
123
143
156
164
167
175
169
186
183
184
157
136
130
166
182
167
111
91
59
82
141
175
193
183
200
191
181
164
115
127
180
210
206
173
160
151
143
138
137
158
191
206
182
160
150
143
119
89
74
109
163
192
191
169
143
136
164
179
165
169
163
134
104
120
162
169
175
178
154
141
144
159
167
180
169
164
165
170
154
158
130
103
59
62
122
142
148
172
189
183
179
156
132
116
141
190
195
168
154
168
190
192
191
191
180
157
152
154
124
102
106
100
77
79
105
162
162
134
122
124
130
154
152
140
160
162
134
144
171
164
164
179
126
91
109
132
127
133
124
129
117
118
90
84
105
138
117
81
78
210
197
197
193
194
210
202
193
180
183
184
186
190
182
197
213
217
222
192
110
73
94
107
120
124
141
163
140
122
118
128
118
113
102
124
132
134
126
144
141
146
145
141
140
155
150
134
93
83
104
130
106
109
118
131
93
81
92
109
124
155
148
149
132
238
204
212
233
200
166
193
234
224
210
199
202
207
206
207
199
204
224
199
85
48
104
107
139
194
206
220
221
214
200
180
171
167
147
135
125
145
154
157
141
144
119
118
125
139
153
133
95
90
97
117
121
122
104
128
132
131
150
156
112
110
115
147
138
192
206
207
200
148
88
114
180
206
213
204
186
188
201
217
231
229
234
221
131
66
110
168
203
230
222
215
229
241
236
237
237
227
219
215
203
204
211
210
201
198
158
141
169
186
181
191
177
181
183
191
194
201
169
133
110
124
131
145
147
158
135
123
100
87
122
130
108
78
55
47
84
165
211
204
184
199
229
225
205
178
148
162
156
112
127
174
193
213
241
246
229
205
177
206
234
220
221
235
235
230
223
224
225
233
213
189
217
235
213
223
232
241
228
230
240
241
191
144
143
148
124
148
190
198
167
162
173
54
61
55
66
66
53
68
104
114
129
141
142
160
154
112
76
46
39
118
172
154
159
154
133
154
186
185
145
104
72
135
212
227
208
185
168
177
194
195
179
183
168
155
167
185
174
176
173
185
196
208
193
194
176
193
214
214
196
204
195
173
157
196
232
88
73
64
66
69
82
156
201
157
131
129
143
148
104
58
45
52
78
142
147
101
113
116
93
96
103
99
78
83
91
109
139
164
153
126
95
98
104
139
165
152
137
143
123
142
148
129
102
118
152
160
132
126
116
143
170
174
171
172
134
131
116
164
204
128
115
119
102
79
97
179
220
187
153
154
179
180
178
174
164
172
189
194
155
107
107
133
154
154
141
162
188
198
197
183
157
148
144
166
158
126
100
134
174
177
169
173
146
155
177
149
108
108
125
154
151
122
107
130
109
124
132
140
118
149
148
141
151
130
123
115
106
79
52
101
170
180
170
147
147
161
184
199
199
207
200
185
174
173
181
188
174
138
91
134
219
230
206
212
205
180
160
184
198
155
138
169
159
151
166
160
154
157
158
162
135
113
99
154
217
174
143
172
152
152
153
183
182
171
155
149
140
141
106
76
80
90
85
79
103
175
194
161
171
181
167
145
133
138
152
170
192
205
191
151
88
58
35
65
142
200
214
212
208
212
194
182
171
133
116
161
182
157
137
132
146
152
128
127
120
110
77
94
159
192
143
129
180
180
152
166
187
177
168
200
191
125
131
110
104
129
155
123
99
143
159
166
174
156
157
148
125
108
121
145
166
168
141
126
122
114
84
75
108
171
188
182
179
191
186
183
203
190
128
148
212
193
159
156
146
166
151
128
131
152
118
88
98
165
154
124
162
174
119
110
171
208
198
211
221
99
110
132
136
132
163
172
145
131
151
196
166
84
85
148
170
142
139
160
147
129
141
160
179
181
142
105
117
142
115
104
112
113
102
109
127
151
143
128
141
173
187
186
177
183
167
165
155
171
171
162
148
157
159
185
209
195
136
119
153
177
165
166
160
81
84
104
124
117
133
154
141
120
142
193
138
47
41
102
174
166
136
170
190
178
209
207
161
173
149
96
140
160
117
114
146
142
138
145
120
133
154
148
117
131
158
164
150
151
168
173
139
139
164
179
168
162
138
166
191
162
164
177
163
158
152
153
147
118
93
81
117
152
160
138
127
142
178
216
141
50
49
56
89
166
205
193
166
169
205
208
192
200
159
100
125
157
124
114
138
152
158
167
160
160
162
172
145
133
147
140
105
106
134
159
168
152
133
165
188
204
179
178
182
157
174
199
176
176
185
202
199
109
87
93
130
143
138
141
160
151
164
206
152
74
70
58
46
122
184
146
89
89
124
142
158
149
99
78
88
128
144
102
77
99
112
118
140
133
113
122
127
144
167
149
132
120
98
124
166
152
126
144
156
176
158
156
164
156
152
162
156
162
172
192
183
114
113
160
185
153
124
145
182
162
149
150
125
117
127
102
69
96
138
123
92
102
125
117
99
92
83
89
96
135
156
119
100
116
127
119
107
112
123
133
125
128
136
147
159
144
93
119
181
202
180
148
117
140
163
164
142
156
179
166
168
179
162
165
165
162
142
192
181
125
133
151
142
140
149
125
105
105
130
148
99
84
129
161
182
206
212
187
172
151
131
126
90
104
109
127
160
143
137
160
139
131
140
165
123
84
112
153
134
144
101
89
121
163
150
113
84
104
150
146
104
116
140
128
133
153
137
135
151
149
150
156
134
128
175
178
157
170
194
188
175
144
139
161
118
87
122
176
207
206
208
217
213
195
163
149
135
118
87
133
208
203
192
202
198
180
149
154
114
73
104
159
161
148
125
93
99
138
142
139
100
105
147
174
143
126
124
125
136
165
154
150
179
129
168
150
111
124
156
175
206
204
211
220
203
164
140
129
93
95
133
158
175
179
184
195
171
156
128
123
161
132
81
97
154
184
180
161
162
153
129
125
124
80
68
137
173
138
97
99
143
190
185
204
155
140
158
178
158
164
176
170
153
149
140
155
180
154
173
149
137
128
139
191
220
191
158
150
139
131
155
143
99
117
143
142
187
210
172
144
120
107
113
110
103
106
114
115
126
178
170
121
110
119
121
138
147
130
118
149
154
140
103
110
150
193
175
178
166
165
148
108
92
129
172
171
148
166
185
220
212
145
131
142
159
118
120
174
164
119
84
99
140
106
122
171
113
104
132
130
164
165
117
98
134
121
76
77
92
99
127
136
110
149
156
136
142
148
130
130
117
146
151
131
96
109
107
114
98
123
145
140
118
140
143
96
85
108
119
111
99
124
143
171
146
132
142
172
192
153
141
150
137
97
86
90
105
90
114
175
129
112
139
154
160
115
83
82
103
95
50
50
96
133
141
146
152
154
130
138
161
154
130
122
98
104
91
66
66
96
118
123
101
107
104
122
126
143
151
129
108
120
122
108
98
115
117
124
98
165
191
188
190
178
158
140
160
161
152
128
121
137
125
135
129
112
120
153
169
136
129
120
82
71
49
31
66
125
121
107
133
115
106
127
120
119
109
100
114
111
62
38
69
112
112
113
146
143
120
138
144
119
137
148
107
93
130
144
140
156
157
139
139
213
235
217
229
234
211
183
182
198
188
159
167
217
209
169
168
155
134
127
144
163
171
168
150
133
78
67
95
140
143
108
99
91
96
111
109
129
130
131
142
141
73
39
80
141
131
122
154
155
145
148
147
139
154
154
134
133
164
165
125
126
138
137
141
195
208
219
220
221
212
179
159
162
142
104
99
144
171
160
180
176
134
103
112
135
119
115
133
136
124
128
123
141
140
121
124
138
126
119
131
168
186
180
145
135
119
86
95
122
125
129
121
133
125
115
121
127
115
124
125
138
142
123
93
90
125
133
108
169
175
203
202
178
173
188
192
171
178
188
177
163
152
161
180
185
183
168
143
148
165
138
87
78
99
101
91
92
86
105
127
147
147
180
199
191
171
169
157
161
170
167
161
160
156
160
153
158
132
122
123
135
115
121
127
138
100
75
81
103
128
133
125
125
114
134
177
174
167
186
192
188
213
223
225
234
236
244
248
240
244
252
233
232
251
230
177
122
88
93
97
79
72
76
62
75
112
161
163
145
115
117
138
149
143
167
166
153
134
158
182
178
158
162
148
152
164
160
150
155
125
118
114
126
102
119
139
109
92
98
116
128
135
126
128
138
146
152
160
158
155
166
188
210
220
228
231
230
228
245
247
194
155
185
201
181
169
154
130
135
160
161
111
84
89
112
126
134
127
132
119
114
98
106
114
139
151
141
117
139
167
164
145
154
163
179
160
159
152
161
157
118
119
137
137
125
125
116
126
125
111
121
119
97
86
86
93
114
130
130
129
138
160
201
205
184
184
211
226
230
238
242
247
255
254
236
190
174
194
209
207
213
205
191
186
183
157
149
140
175
198
165
107
95
91
105
122
142
141
164
142
145
169
149
107
93
104
118
125
110
114
133
142
143
146
140
130
119
112
110
114
106
104
109
101
101
112
130
143
146
142
144
149
164
159
167
180
198
191
187
201
239
255
253
249
252
244
241
240
243
236
239
226
237
247
242
207
146
102
134
183
202
198
197
186
180
171
150
118
121
118
99
100
107
98
109
130
157
174
158
148
157
163
153
143
142
145
139
129
132
119
108
130
144
126
127
133
125
121
123
118
119
108
104
120
187
220
226
205
191
191
195
178
194
202
203
184
205
209
230
226
187
167
218
246
227
226
219
179
159
172
177
148
180
187
172
161
156
147
136
140
160
161
152
163
176
182
178
166
157
146
137
141
142
124
119
124
129
141
173
185
162
150
175
189
161
155
170
138
137
153
174
151
146
159
176
183
181
157
153
141
150
149
158
114
92
97
156
180
165
148
141
111
111
125
113
100
186
201
211
215
190
196
191
174
178
174
173
183
181
170
180
203
181
124
114
132
124
128
126
103
96
127
204
235
172
115
147
187
169
152
173
161
149
166
173
164
203
200
204
234
212
180
181
193
181
170
160
121
116
118
148
163
180
153
159
168
200
179
119
124
150
154
176
191
192
183
176
170
180
198
201
212
222
216
222
236
215
155
132
152
155
160
162
128
123
164
209
225
215
158
94
110
184
203
179
174
201
214
210
200
228
221
208
223
216
198
203
224
216
204
216
207
222
218
227
229
237
215
223
223
248
201
121
147
146
120
108
133
166
149
110
109
138
188
215
213
214
225
220
208
187
148
138
162
168
166
177
164
153
199
232
223
243
225
155
141
195
217
201
185
185
171
194
199
191
211
234
210
188
183
187
176
180
177
195
171
170
154
187
183
135
137
195
213
217
165
91
139
174
170
123
103
122
126
100
96
111
138
152
151
150
147
148
146
137
131
133
125
136
153
139
133
132
120
130
149
159
142
140
127
122
114
118
114
112
99
112
119
132
142
166
149
137
130
134
132
167
164
150
105
64
61
126
124
58
86
181
230
223
204
168
190
212
222
168
85
76
108
109
109
133
142
131
138
137
121
122
142
151
156
154
128
148
184
175
163
146
114
94
68
54
46
49
46
43
30
43
67
124
143
107
103
127
121
126
130
151
125
115
126
142
127
113
102
54
61
145
143
78
126
208
243
228
234
232
204
177
152
105
58
73
112
140
170
180
178
176
178
164
141
138
141
149
155
153
160
186
206
205
205
208
212
189
99
44
47
51
42
45
37
43
42
107
190
191
171
164
148
163
177
182
157
165
151
82
39
65
100
63
76
183
157
72
128
214
230
223
221
234
191
162
149
127
108
67
47
105
170
171
170
186
175
173
171
146
123
132
142
126
143
179
161
121
118
140
155
189
169
88
43
51
77
94
63
41
29
44
113
155
145
134
112
128
156
155
132
157
159
75
24
57
79
52
77
157
162
141
174
219
224
231
240
240
200
186
173
176
187
130
68
73
108
135
150
151
145
142
139
140
152
142
137
150
148
170
164
101
67
63
58
100
129
85
30
48
108
122
73
47
56
52
47
77
112
120
126
134
136
161
160
176
194
123
52
66
73
74
124
174
176
200
213
202
211
217
203
211
202
152
147
124
144
168
116
79
112
150
155
145
152
145
140
141
131
124
122
129
136
177
218
173
69
45
60
42
78
115
91
74
81
76
54
47
52
57
41
67
142
183
184
180
150
154
180
181
143
87
75
71
34
53
137
169
146
181
199
173
173
204
176
177
176
158
153
165
159
149
138
143
178
203
211
207
204
194
187
181
157
167
179
152
151
192
233
214
107
48
52
53
104
147
132
103
69
63
58
67
61
65
48
71
149
173
166
172
136
132
171
165
87
38
82
85
42
86
181
210
189
203
194
200
200
201
181
190
183
166
135
155
176
153
137
166
211
209
197
202
204
191
165
175
189
185
197
175
126
151
203
192
110
44
45
56
84
88
64
69
68
74
81
78
57
54
49
71
126
130
123
143
143
168
183
190
133
75
115
121
93
162
175
174
192
200
179
178
134
116
92
93
113
132
137
114
113
133
142
138
147
165
179
162
137
124
112
120
137
155
153
128
111
118
138
130
91
72
87
85
50
34
41
56
69
82
87
80
68
57
51
67
111
136
122
114
111
160
184
177
154
125
130
129
122
150
102
70
108
134
185
164
74
42
52
44
55
117
117
129
122
137
155
132
127
135
134
127
113
102
103
86
68
125
149
102
116
140
102
82
88
80
83
98
49
36
84
102
69
80
80
73
73
63
39
48
78
85
84
84
67
88
101
83
75
93
77
68
98
92
52
46
55
60
118
126
90
57
83
67
50
114
97
97
105
139
157
154
158
134
103
106
124
100
85
79
60
101
136
117
133
156
119
87
93
89
72
77
43
40
122
151
80
85
98
83
74
64
44
51
66
58
64
87
69
58
47
55
49
71
66
62
97
117
74
74
56
48
55
109
102
81
91
88
55
171
154
112
101
100
109
134
138
114
97
89
95
80
55
59
59
79
120
105
87
141
148
84
59
73
89
82
50
36
53
81
89
98
105
90
69
59
45
45
56
79
90
74
59
63
68
89
82
80
58
64
100
128
139
134
81
79
76
95
80
97
85
86
99
193
216
219
205
169
155
155
158
173
186
186
183
178
172
173
183
192
191
167
151
175
167
107
77
82
90
91
75
62
45
55
92
114
111
101
84
67
46
58
93
143
174
123
79
82
92
108
109
98
66
66
71
99
150
162
149
160
150
122
109
123
117
124
131
64
98
168
219
237
249
224
179
205
249
254
253
253
255
255
254
252
252
255
253
235
228
198
128
83
69
77
98
105
89
88
100
110
90
97
92
73
41
66
148
176
160
152
151
169
151
167
205
192
136
87
70
110
153
167
182
201
211
139
86
107
143
142
115
113
94
83
109
157
183
151
91
110
172
188
182
183
190
197
200
198
204
216
228
250
247
207
134
89
93
85
87
103
105
104
94
103
94
91
87
78
64
116
191
197
172
194
225
238
215
218
230
228
214
174
112
129
202
227
207
200
219
183
115
127
198
207
174
239
238
213
204
196
195
192
164
170
188
176
174
159
127
128
140
124
116
125
153
213
228
172
102
72
80
85
68
74
86
92
76
73
91
83
63
87
136
182
179
197
221
235
215
222
226
228
213
212
232
231
184
174
206
234
227
236
237
238
214
203
227
230
194
215
220
225
238
228
211
213
209
208
214
224
235
227
201
201
211
197
190
176
152
147
163
179
166
135
106
101
81
87
102
86
82
78
71
90
110
159
206
218
199
212
226
235
232
235
228
229
230
234
224
229
213
211
214
214
218
233
226
246
247
251
237
202
175
181
175
178
170
164
169
160
168
160
152
191
202
186
182
169
165
187
210
207
183
152
144
180
210
189
127
89
95
150
173
105
54
62
79
141
214
216
189
189
193
200
190
207
222
221
196
190
203
228
221
205
182
177
183
170
151
160
175
182
158
167
212
230
224
