85
73
75
91
100
104
105
104
104
106
108
108
108
107
107
108
109
110
111
111
111
111
111
110
110
110
110
110
109
109
109
110
110
111
111
111
110
110
110
109
108
107
108
109
110
110
110
111
111
111
110
108
109
111
111
109
109
109
109
108
108
107
92
84
85
93
100
104
106
107
107
108
108
108
108
107
106
107
108
110
111
110
110
110
110
110
110
110
109
108
108
108
109
110
110
110
110
110
110
110
110
109
108
109
109
110
110
109
109
110
111
111
111
110
110
110
110
109
109
109
108
108
107
107
97
93
93
96
100
104
107
108
109
109
109
109
108
107
106
106
107
109
110
110
110
110
110
109
109
109
109
108
108
109
109
110
110
110
110
109
109
110
110
109
109
110
110
109
109
108
109
109
110
111
111
110
109
110
110
109
109
108
108
107
107
107
101
99
99
100
102
105
107
108
109
110
110
110
109
108
107
107
107
109
110
110
111
110
109
108
108
109
109
110
111
110
110
110
109
110
110
109
109
110
110
109
109
110
109
108
107
108
109
109
109
109
109
108
108
109
109
109
109
108
108
108
108
108
103
103
103
102
103
105
106
107
109
110
111
110
110
109
108
107
108
109
109
110
110
110
108
105
105
107
109
111
112
112
111
110
110
110
109
109
109
109
109
108
108
109
109
107
107
108
108
108
107
108
107
106
107
108
109
109
109
109
108
108
109
109
104
105
105
104
104
105
106
107
109
110
110
110
110
110
109
108
108
109
109
110
110
109
106
100
99
103
106
110
113
114
113
111
110
109
109
109
109
108
107
106
107
108
109
107
107
107
107
106
106
107
107
106
106
107
108
109
110
109
109
109
109
109
106
107
107
106
105
105
106
108
109
110
110
110
110
110
109
108
108
109
109
110
109
109
105
97
96
101
105
109
112
114
113
111
109
107
106
107
108
107
106
106
106
108
108
108
107
107
107
106
106
107
107
107
107
107
108
109
110
110
110
110
110
109
108
109
108
107
106
106
107
109
110
110
110
110
110
110
109
108
108
109
110
109
109
109
105
97
96
101
105
109
111
112
112
110
107
103
102
105
106
107
107
107
107
107
108
108
108
108
107
107
107
107
108
109
109
108
108
110
111
110
110
111
110
110
109
109
109
107
107
107
108
109
110
110
110
109
109
109
109
108
108
109
110
109
109
110
106
99
98
102
105
108
109
110
109
107
104
99
98
103
106
107
107
107
107
107
107
108
108
108
108
107
107
108
109
109
109
108
108
110
110
110
110
111
111
110
109
109
108
108
108
108
109
109
109
110
109
108
108
108
108
108
108
109
110
109
109
109
107
103
101
103
105
106
107
106
104
102
99
93
94
102
106
106
106
105
106
107
108
108
108
108
108
107
107
108
109
109
108
108
108
109
109
110
110
110
110
110
107
107
107
109
109
109
109
109
109
110
110
108
107
107
108
108
109
110
110
109
108
109
108
106
105
105
105
106
106
104
103
100
97
93
95
103
107
106
105
105
106
107
108
108
108
108
107
107
107
108
109
108
108
108
108
108
108
109
110
109
109
110
104
104
106
108
110
109
109
109
110
110
110
109
108
108
108
110
110
110
110
109
108
109
109
108
107
107
106
107
106
106
104
100
98
99
101
106
107
107
107
107
107
108
108
109
108
107
106
106
106
108
108
108
107
108
108
107
108
109
109
107
107
109
103
103
104
107
109
109
109
110
110
111
110
110
109
109
109
110
110
110
109
108
108
108
109
109
109
108
108
108
107
107
105
101
100
102
105
107
108
108
107
108
108
109
109
109
108
107
106
105
106
107
108
107
107
108
108
107
108
108
108
107
107
109
103
102
103
106
107
107
108
109
110
110
110
110
110
110
110
110
109
109
109
108
107
107
108
108
109
109
109
109
108
108
107
103
102
104
106
108
109
108
108
107
108
110
110
109
109
108
107
106
106
107
107
108
108
107
107
108
108
108
108
108
108
108
101
101
102
104
105
106
107
109
109
109
108
109
109
110
110
109
109
108
108
107
106
107
107
108
108
109
109
109
109
109
108
105
104
104
105
107
108
107
107
106
107
109
110
109
109
108
107
106
106
107
107
107
107
107
108
108
108
108
108
109
109
109
99
99
100
102
103
105
106
108
108
106
105
106
107
109
110
109
108
107
106
105
105
106
107
108
108
108
109
109
109
108
108
107
105
104
104
106
106
105
105
104
105
108
109
109
108
108
107
107
107
107
107
107
107
107
108
109
109
109
109
110
111
110
97
98
99
102
104
105
106
108
107
105
105
106
107
109
110
109
108
107
106
104
104
105
106
107
108
108
108
109
109
108
108
108
107
105
104
105
106
105
104
103
104
106
107
107
107
107
107
107
107
106
106
106
106
107
107
109
109
109
109
111
111
110
96
97
99
104
107
107
108
108
108
108
108
109
109
109
109
109
108
108
107
106
105
106
106
106
107
107
108
109
109
109
109
109
108
106
105
106
106
105
104
103
103
103
104
104
105
106
106
106
105
104
104
105
105
105
106
108
109
109
109
109
110
110
97
97
100
105
108
108
109
109
109
109
110
110
110
109
109
108
108
108
108
107
107
107
106
106
106
107
108
109
109
109
109
109
108
105
105
106
106
106
105
103
103
103
103
104
105
106
106
105
104
103
103
105
105
104
105
108
109
109
108
109
109
109
98
100
102
105
107
109
110
110
110
110
110
110
110
109
109
109
109
109
108
108
108
108
107
106
106
107
108
109
110
109
109
108
106
103
103
105
106
106
106
104
104
105
106
106
106
106
105
104
103
103
104
106
106
106
106
108
109
109
109
108
108
108
97
100
103
104
106
109
110
110
110
110
110
110
110
110
109
109
109
109
109
108
108
108
108
107
106
106
107
109
109
109
108
107
105
102
102
105
106
107
106
104
103
104
105
106
107
106
105
104
103
104
105
106
106
106
107
108
109
109
109
108
108
108
95
98
101
104
107
108
109
109
109
109
109
109
110
110
110
109
108
109
109
108
108
109
108
107
105
104
104
107
108
109
109
107
105
103
103
104
106
107
106
103
101
100
102
105
106
107
106
105
105
105
106
106
106
106
107
109
109
109
108
108
108
109
92
95
99
103
106
107
108
108
108
108
108
108
109
110
110
109
108
109
109
108
108
109
108
107
104
102
102
105
107
108
108
106
105
105
105
106
107
108
106
103
100
97
98
103
106
107
107
106
106
106
106
106
106
106
107
109
109
108
108
108
108
109
89
92
96
102
105
105
106
106
107
106
106
107
108
110
110
109
109
108
108
109
109
108
108
106
104
100
100
103
105
105
105
105
106
108
109
108
108
108
107
105
101
95
95
101
105
107
107
105
105
107
108
108
108
108
108
108
108
108
108
107
108
108
85
89
93
100
103
104
105
106
106
106
106
107
108
110
110
109
108
108
108
108
108
108
107
105
103
101
101
103
104
102
101
102
104
108
110
110
109
108
107
106
102
97
97
102
106
107
107
105
105
107
108
108
108
108
108
108
108
108
108
107
107
108
80
86
92
98
102
104
106
106
106
106
107
107
108
109
109
107
106
106
107
107
107
107
106
105
104
103
103
105
103
99
97
98
101
107
110
110
110
108
107
106
105
102
103
106
107
108
107
106
105
106
106
106
106
107
108
108
108
108
107
107
107
107
75
83
90
94
98
102
105
105
106
106
106
106
107
108
108
107
106
106
107
107
107
106
106
105
104
104
105
106
104
100
98
98
100
105
108
109
108
107
106
106
106
105
106
107
108
108
107
106
106
106
106
106
107
107
108
108
108
107
107
107
108
108
72
81
87
88
92
98
102
103
104
105
105
105
106
108
109
109
108
108
107
107
106
106
106
105
105
105
105
106
106
105
104
103
103
104
105
105
105
104
105
106
106
106
106
106
107
108
107
106
106
107
108
108
109
109
108
108
107
107
107
109
110
109
67
77
83
83
87
94
98
100
102
104
105
105
105
107
108
109
109
108
107
106
106
106
106
105
105
105
105
106
107
108
107
106
105
104
104
104
104
103
104
105
106
106
106
106
107
107
107
106
107
108
108
109
110
109
108
107
106
106
108
111
112
112
62
72
78
80
84
91
95
96
99
104
106
106
106
106
107
108
108
108
107
106
105
105
105
105
104
105
106
107
108
108
108
107
106
106
106
107
106
104
103
105
105
105
106
107
107
107
107
106
107
108
108
109
109
109
107
105
104
105
108
111
114
116
56
62
67
70
76
86
92
95
98
103
105
105
105
105
105
107
108
107
107
106
105
105
104
103
103
104
105
107
108
108
107
106
106
105
106
107
107
105
104
105
105
105
106
107
107
107
107
106
107
108
108
109
108
107
105
101
101
104
107
111
114
117
48
48
50
54
64
79
90
95
99
102
104
104
104
104
105
107
108
107
107
106
105
105
104
101
101
102
104
107
108
107
106
105
104
103
103
106
107
107
106
106
106
106
106
106
106
106
106
106
107
108
108
108
107
105
102
97
97
101
106
110
113
115
44
39
37
40
51
70
84
93
99
101
103
104
104
104
105
107
108
107
106
105
104
104
102
100
99
100
103
106
108
107
106
105
103
102
103
105
107
108
108
107
107
106
106
105
105
105
105
105
106
107
108
108
107
104
100
94
94
100
105
109
112
113
45
35
30
29
39
60
76
88
96
100
103
105
105
105
105
107
108
106
105
103
102
101
100
98
98
100
103
106
107
108
107
106
105
104
105
106
107
108
108
108
108
107
105
104
104
104
104
104
104
106
107
107
106
105
100
94
93
99
104
108
111
112
48
36
29
26
34
53
70
85
94
99
103
105
106
106
106
107
107
106
105
103
101
99
98
97
98
100
102
105
107
107
107
106
106
105
105
105
106
107
108
108
107
106
105
104
104
105
105
104
104
105
106
106
105
105
102
96
96
100
104
107
110
111
52
43
36
30
35
51
67
83
94
99
103
106
107
107
107
107
107
107
105
103
100
98
98
98
99
99
101
105
106
106
106
106
105
106
105
104
105
106
107
105
104
104
104
103
104
106
107
106
105
105
104
103
103
105
104
101
101
102
104
106
108
109
55
49
43
37
41
54
69
84
94
100
104
107
108
108
108
107
107
107
105
102
98
93
90
90
91
93
96
100
103
105
106
106
106
106
105
104
104
106
106
104
103
103
103
103
104
106
107
107
106
104
103
102
103
105
105
104
104
104
105
106
107
108
58
54
50
46
50
64
76
88
96
101
105
107
108
108
108
108
107
107
104
101
93
82
76
74
76
81
87
92
97
102
105
106
106
106
105
104
104
106
106
105
104
103
103
103
104
106
107
107
106
104
103
104
105
106
106
105
105
106
106
107
108
108
66
64
61
58
62
73
82
91
98
103
106
107
108
108
108
107
107
106
103
99
90
75
68
67
70
75
80
85
92
99
104
106
106
106
106
105
104
105
105
105
105
103
103
103
103
103
104
106
106
104
104
105
106
106
106
106
106
107
107
107
108
108
79
77
75
74
76
82
88
94
100
105
107
108
108
107
107
106
105
104
101
97
87
72
66
69
72
74
76
80
86
97
103
104
105
106
106
105
104
103
103
105
105
103
102
103
102
99
99
103
104
104
105
106
106
106
105
106
106
106
106
106
107
108
90
87
86
85
86
89
93
98
102
106
108
108
108
107
106
105
104
103
100
96
87
74
69
72
74
73
74
76
83
94
100
102
104
106
106
105
103
101
101
104
104
102
102
102
101
97
97
101
103
104
105
106
106
106
105
105
105
105
106
106
107
107
97
94
92
91
92
94
98
102
105
108
109
109
109
108
107
106
105
103
101
96
90
81
76
76
75
73
73
76
82
91
97
101
104
106
106
103
101
99
99
102
103
103
102
102
100
98
98
100
102
104
105
105
106
106
105
105
104
104
105
106
107
107
102
99
98
97
98
99
102
105
107
108
109
110
110
108
107
107
106
104
101
96
90
84
79
76
73
70
71
77
83
90
95
100
103
105
105
102
100
97
97
101
102
102
102
101
100
98
98
100
102
104
105
105
105
105
105
105
104
104
105
107
107
106
106
105
104
103
103
104
105
106
107
108
109
110
110
109
108
108
107
105
101
95
89
83
77
73
69
64
68
80
88
91
95
100
102
103
103
102
99
94
94
99
101
101
100
100
98
95
96
100
103
104
105
104
104
104
104
105
105
105
106
108
108
107
108
107
107
106
106
107
107
106
107
108
109
111
111
110
109
108
107
106
102
94
86
80
75
71
67
65
70
82
89
91
95
99
102
102
102
102
100
95
95
99
101
102
102
101
99
95
96
100
103
105
105
104
103
103
103
104
104
105
106
107
108
107
108
107
107
107
107
107
106
106
106
107
108
111
112
111
110
108
107
107
102
92
83
75
71
69
69
73
78
84
88
91
95
99
101
102
103
104
103
100
99
100
102
105
106
104
101
99
99
102
104
105
105
105
104
104
103
102
102
104
105
106
107
106
108
107
107
108
108
107
106
106
106
106
107
110
112
112
111
108
107
106
101
92
82
73
67
67
70
77
82
85
89
91
95
99
101
102
103
104
104
103
102
102
104
107
108
106
103
101
101
103
105
105
104
103
102
103
102
101
101
104
105
106
106
106
108
107
107
108
108
107
106
105
105
106
107
109
111
112
111
108
106
105
101
94
85
72
65
65
69
76
82
87
90
91
94
99
102
102
103
104
104
105
105
105
106
107
108
106
105
103
103
105
105
104
102
98
97
100
101
100
101
104
106
106
106
107
108
107
108
108
108
107
106
105
105
106
107
109
110
112
112
109
106
104
101
97
88
74
67
66
69
76
82
88
91
91
94
98
101
102
103
104
105
106
106
106
107
107
107
107
106
104
104
105
105
104
102
97
97
100
101
100
102
105
106
106
107
107
107
108
108
109
108
107
106
105
105
107
108
109
111
112
112
110
108
105
102
99
91
80
73
71
72
76
82
88
91
92
94
96
99
103
105
106
106
106
106
107
107
107
107
107
106
105
105
106
106
105
104
101
100
102
102
102
103
106
107
107
107
107
108
108
108
109
109
107
106
105
105
107
109
110
111
113
113
111
108
105
102
99
93
84
77
74
74
78
82
88
92
93
94
95
98
103
106
107
107
106
106
106
106
105
105
106
106
106
106
106
106
106
105
103
102
103
103
104
105
106
106
107
107
107
108
108
108
109
109
107
105
103
104
107
109
110
111
114
114
111
108
104
100
97
92
85
80
77
77
81
85
89
92
93
94
95
98
103
106
107
107
106
105
103
103
102
103
105
106
106
107
107
107
107
106
104
103
102
103
106
106
105
104
105
106
107
109
109
109
110
109
107
105
103
104
107
109
110
112
115
115
112
109
104
101
97
92
86
81
80
80
82
85
89
91
92
93
95
98
103
106
106
106
106
105
103
102
102
103
105
106
106
107
107
107
107
107
105
104
103
104
106
106
105
104
105
106
107
110
109
109
110
110
109
107
105
105
107
109
110
112
115
115
114
111
107
103
99
94
86
83
82
82
81
83
87
90
92
93
94
97
103
106
106
106
107
106
104
104
104
105
105
105
105
106
106
106
106
106
106
106
105
105
105
106
105
105
105
105
107
110
109
109
110
110
109
108
107
106
108
109
111
113
115
116
115
112
109
104
100
94
86
82
81
81
79
81
86
89
91
92
93
97
103
106
106
106
108
108
106
105
105
105
105
105
105
105
105
105
106
106
107
107
105
104
103
102
102
102
102
104
106
110
110
110
110
110
110
109
108
108
108
110
112
114
116
117
115
113
110
105
99
92
84
79
77
76
76
79
84
87
89
91
93
97
103
106
106
107
108
109
108
107
105
104
104
104
106
106
106
106
106
107
108
107
105
103
100
97
94
94
98
102
105
111
111
110
110
110
110
110
109
109
109
111
113
115
117
117
115
113
110
106
100
92
84
78
74
72
74
77
83
87
89
91
93
96
102
106
106
107
108
108
108
107
104
102
103
105
106
107
106
106
106
107
108
107
105
102
99
95
90
91
97
102
105
112
112
111
111
111
111
111
110
110
110
111
114
116
118
118
116
114
110
106
100
93
85
78
72
70
72
77
83
87
90
91
92
95
101
104
106
106
106
106
107
106
102
101
104
106
106
106
106
106
107
108
108
106
104
102
100
97
90
91
98
103
106
112
112
112
112
111
111
111
111
111
110
112
114
116
118
118
117
115
111
106
101
94
86
77
67
64
66
71
80
86
89
91
92
95
100
103
104
105
105
105
106
106
103
102
105
106
106
106
106
107
107
107
107
106
104
103
102
99
94
94
101
104
106
112
112
112
112
112
111
111
110
110
111
112
113
115
117
118
118
116
113
108
103
96
87
75
60
53
54
61
74
82
87
90
93
96
100
102
102
103
105
106
107
107
106
105
106
107
107
107
107
107
107
106
106
106
106
105
103
101
100
101
104
105
105
112
112
112
113
112
112
111
111
111
111
112
112
114
116
117
118
117
114
111
106
99
90
76
56
44
41
48
64
76
84
90
94
97
99
100
100
102
105
107
107
107
107
107
107
107
107
107
107
107
106
106
107
107
107
106
104
103
104
105
106
106
105
113
112
112
112
112
112
112
111
111
112
112
112
112
114
116
117
117
116
113
109
103
96
80
55
37
26
30
49
66
80
90
95
98
98
99
101
103
106
107
108
107
106
106
106
106
106
106
106
106
106
107
108
108
108
108
106
105
105
105
106
107
106
