91
90
90
89
88
87
87
87
87
86
83
81
82
83
81
79
79
82
84
83
82
83
83
83
84
88
92
97
101
104
107
111
110
108
105
101
94
88
84
81
78
75
73
73
74
75
76
77
80
81
81
83
84
85
86
88
89
90
91
92
92
92
91
90
89
88
88
87
86
84
84
85
83
80
82
82
80
80
80
82
83
81
79
84
91
95
102
112
122
132
140
144
153
161
157
148
147
143
135
126
116
107
98
87
77
72
70
73
74
75
78
79
80
82
82
83
84
88
90
90
91
91
91
91
90
89
89
88
88
88
87
85
83
82
82
82
83
82
80
80
80
80
83
86
94
107
121
132
143
150
157
165
172
172
177
184
173
163
165
166
167
162
154
154
149
132
115
102
89
80
74
72
75
77
78
79
81
83
83
84
87
89
89
89
89
89
89
88
88
87
88
88
87
86
83
82
83
82
82
81
80
80
80
83
97
116
133
150
163
168
167
169
171
176
184
182
178
177
167
161
160
159
166
166
162
171
176
166
158
154
137
112
91
78
74
75
76
77
80
82
81
80
84
86
87
87
87
87
89
88
87
87
87
87
86
85
83
82
81
81
80
78
77
80
89
105
129
155
168
177
187
184
173
167
164
162
166
166
161
163
170
174
167
160
163
163
159
162
165
162
164
169
166
155
139
112
88
76
75
78
78
77
78
82
85
85
85
86
87
87
90
89
88
87
87
87
86
85
83
81
79
79
80
78
81
92
115
139
159
177
182
177
177
180
177
165
145
133
135
134
135
153
179
189
182
173
170
171
167
163
159
155
151
150
155
169
176
160
128
97
80
78
78
77
80
83
83
83
84
86
87
87
89
89
89
88
87
86
85
84
83
82
79
78
79
87
105
124
147
169
179
184
183
165
156
168
174
155
127
119
124
126
137
164
184
190
187
179
177
176
169
166
165
160
152
138
134
148
166
172
165
140
103
82
78
78
80
80
81
83
84
85
86
87
88
89
88
86
85
85
84
83
82
80
79
82
93
114
142
161
176
189
190
184
176
158
154
171
169
144
122
119
127
137
158
176
177
180
189
183
175
171
165
164
164
162
161
150
135
133
140
153
169
170
144
110
85
76
77
77
81
82
82
84
85
85
87
88
87
86
85
84
83
83
81
80
85
101
125
148
171
186
194
193
183
174
163
153
164
178
169
148
128
118
126
144
160
165
168
181
194
185
168
165
166
165
162
162
167
166
156
146
138
140
153
167
169
152
117
86
76
77
79
80
80
81
82
83
89
88
88
89
87
84
80
78
80
88
106
131
156
174
187
195
191
179
168
157
145
153
178
180
166
155
132
112
122
146
154
149
167
190
194
183
169
165
166
165
162
162
168
168
165
159
150
143
142
147
157
166
154
117
88
79
76
76
78
80
80
81
89
88
90
90
87
83
76
73
83
105
133
156
177
193
194
183
172
161
149
136
142
174
193
181
166
155
128
101
110
142
157
150
163
186
187
181
172
162
161
163
161
162
165
165
164
163
157
150
142
134
136
152
166
156
121
89
76
74
75
78
79
80
88
88
88
86
83
81
77
81
101
129
154
175
192
197
183
163
152
139
127
134
166
191
187
174
166
151
117
92
105
140
161
161
164
178
181
174
167
159
158
162
160
155
154
157
160
159
156
153
149
142
134
136
153
169
160
122
86
74
73
74
76
79
88
87
85
82
81
80
82
96
124
147
169
193
201
185
162
147
137
130
136
159
178
171
160
160
158
139
108
100
121
145
160
170
175
179
174
165
160
158
156
155
152
146
143
146
147
147
151
153
156
157
145
132
135
152
168
158
115
81
74
73
75
78
87
85
84
83
80
80
90
114
138
156
179
199
189
165
153
144
134
134
150
165
154
138
144
158
155
133
114
122
142
150
159
173
180
173
162
157
159
159
156
152
149
146
146
144
140
142
148
152
156
161
156
144
133
133
150
169
151
103
77
75
75
76
85
84
83
82
79
84
105
132
152
169
188
190
170
153
151
149
140
132
134
133
122
126
152
171
159
135
128
139
152
156
162
168
165
159
155
155
163
166
162
159
155
152
153
148
140
141
146
149
153
157
157
154
144
131
136
160
171
135
88
74
74
74
84
83
82
79
80
95
120
144
164
183
189
172
157
152
148
146
146
141
128
108
105
130
162
175
151
123
126
146
162
169
167
154
145
157
168
170
172
165
159
162
154
147
154
150
141
144
153
156
154
150
147
151
154
141
131
145
168
157
109
75
71
72
86
84
80
77
87
113
134
153
176
188
176
151
145
149
148
147
151
155
136
103
106
136
166
173
142
106
107
134
162
178
170
144
140
167
187
189
179
151
142
154
143
138
155
161
159
166
173
171
159
144
137
147
159
147
125
127
149
160
130
85
68
69
86
83
79
77
97
130
146
167
190
187
160
142
143
148
150
152
157
160
137
106
113
142
169
175
150
119
102
105
129
156
160
143
141
164
186
190
173
142
133
136
125
131
157
175
183
180
175
168
155
140
130
139
153
144
122
116
130
151
143
96
67
64
83
81
78
82
108
138
150
173
193
177
151
143
149
150
148
151
159
159
134
109
120
146
172
175
155
144
125
96
97
125
145
142
140
157
178
177
161
148
143
125
105
122
154
176
181
162
149
149
147
141
131
129
138
141
128
114
115
137
148
113
72
60
82
80
78
91
124
145
154
175
185
165
145
142
148
151
150
152
157
153
126
109
125
152
177
174
154
153
142
104
89
117
142
142
145
165
181
172
153
151
151
127
99
114
146
169
170
141
127
139
146
144
141
134
134
139
132
114
106
122
151
138
86
62
84
81
81
104
141
156
166
183
179
156
144
143
147
150
149
153
159
148
118
109
131
161
181
172
154
152
144
111
92
112
131
136
151
175
185
170
151
149
151
132
105
112
140
163
166
137
125
143
152
150
148
144
141
140
133
119
105
111
145
156
105
67
84
81
87
119
152
160
174
188
170
148
142
141
145
146
145
151
160
145
115
110
135
170
184
167
152
152
146
119
93
98
115
127
153
180
184
168
151
149
151
136
110
112
134
155
162
143
134
149
157
154
151
148
146
141
138
130
114
106
131
156
121
71
82
78
94
134
155
159
179
190
167
146
137
133
138
142
141
149
159
147
119
114
141
176
186
166
153
153
144
115
88
95
114
128
157
181
180
167
151
146
152
143
116
111
131
150
160
149
142
152
155
152
150
148
145
143
141
137
124
108
119
150
133
76
80
79
104
146
155
159
186
191
168
150
140
134
138
139
138
143
153
141
118
121
150
180
185
168
154
140
124
106
100
114
127
138
165
182
177
166
148
141
151
150
123
112
134
153
163
155
145
149
152
148
144
142
143
144
142
138
129
114
119
149
142
83
79
82
112
149
150
158
187
186
162
148
143
142
140
138
136
136
140
129
114
123
151
178
181
159
133
110
105
122
139
141
139
151
175
188
179
161
142
137
148
152
129
114
137
160
169
158
143
146
149
145
139
136
137
140
141
139
133
122
125
153
149
89
78
88
121
148
146
157
183
179
156
144
143
143
139
136
134
132
133
128
120
123
141
168
172
141
102
87
112
155
169
152
146
162
182
190
180
159
141
140
150
156
136
114
133
163
172
157
139
143
149
147
143
139
137
138
140
140
137
126
125
152
152
94
76
94
134
152
148
164
187
176
155
148
144
140
137
135
135
136
137
136
132
124
136
161
160
131
91
79
116
161
166
148
151
170
187
190
181
167
152
150
158
158
135
110
127
163
176
158
137
139
147
146
145
146
143
142
141
141
140
127
117
140
147
97
74
98
145
160
154
172
192
177
155
148
144
139
138
138
140
146
144
143
139
127
137
151
146
133
105
82
98
133
147
143
153
174
190
189
181
177
164
157
160
153
128
104
117
158
181
165
140
139
144
140
142
146
145
145
145
145
143
127
110
130
143
100
73
98
145
162
156
172
191
180
158
147
142
140
142
142
146
154
151
149
141
131
136
137
135
140
129
101
87
106
132
141
153
176
191
186
177
179
170
159
159
151
130
110
110
145
179
169
146
143
145
144
144
145
144
147
149
148
145
131
116
136
148
106
74
95
138
157
156
174
193
183
163
149
140
140
142
144
149
154
153
154
145
138
142
137
139
152
146
117
93
106
131
139
156
183
196
185
175
180
173
160
161
160
149
132
118
134
167
169
152
147
150
152
150
146
144
147
148
145
145
137
129
150
158
114
73
90
132
157
161
181
200
187
165
149
138
138
143
148
151
149
148
152
148
147
151
147
151
161
147
114
103
126
139
141
163
192
199
183
175
184
177
161
161
167
167
157
139
134
152
164
155
151
155
155
152
148
145
145
144
143
147
142
135
158
168
119
71
83
123
156
159
174
196
188
164
147
139
142
149
153
151
146
145
149
149
152
153
152
156
161
141
106
112
142
146
147
173
199
196
174
172
188
183
163
159
166
170
166
154
143
144
151
153
155
156
155
153
151
148
145
142
145
152
144
139
166
172
115
71
76
112
152
153
159
186
189
167
149
146
149
150
150
148
146
148
150
154
155
152
154
158
158
138
106
116
145
146
150
179
201
187
163
172
195
191
170
161
165
169
168
163
156
146
142
150
157
156
155
154
151
148
144
143
150
154
145
151
182
173
105
70
70
100
147
156
163
190
197
174
156
157
158
152
146
147
148
151
155
161
162
159
160
161
158
138
106
115
145
144
149
178
184
162
156
174
194
194
178
167
168
170
168
166
162
151
143
150
158
158
156
154
152
148
144
144
152
153
147
166
196
167
93
71
66
89
137
160
172
192
198
179
161
163
166
161
151
146
146
151
158
164
165
165
165
163
159
139
103
108
143
149
158
172
150
133
149
167
181
190
178
168
169
169
168
165
161
155
148
147
155
159
155
152
152
151
149
147
153
155
152
177
198
152
81
71
65
77
118
154
165
175
188
182
166
163
167
164
158
151
146
149
158
162
164
166
164
160
153
133
102
107
143
164
174
162
124
118
141
151
167
183
171
161
164
165
167
164
161
161
155
150
154
158
154
152
153
155
153
148
152
153
154
183
192
133
72
68
64
66
99
144
159
169
188
190
173
163
163
159
160
160
153
149
155
160
164
164
159
152
139
119
111
122
141
167
176
150
117
111
126
136
159
180
167
154
158
163
167
166
164
165
162
158
159
157
153
151
153
157
155
152
148
141
152
184
178
112
63
64
61
60
82
131
164
178
195
200
182
166
159
156
161
166
160
153
154
161
164
161
153
143
120
105
128
145
140
151
155
139
122
106
107
125
155
176
164
150
156
165
168
165
162
162
162
162
162
158
154
150
151
158
164
161
143
132
153
181
156
90
55
64
63
60
67
109
156
171
182
199
192
172
159
157
164
167
161
155
156
163
167
161
151
129
98
101
145
170
157
143
132
125
122
104
97
121
151
169
160
146
153
164
166
160
156
158
160
161
164
162
156
153
156
163
169
157
134
133
161
175
132
71
52
67
66
62
59
85
139
165
174
194
200
181
163
159
164
164
160
158
159
168
175
165
141
111
95
121
172
195
178
148
126
118
119
103
93
123
159
172
161
143
146
158
162
157
155
158
158
158
162
162
159
160
163
165
158
137
127
144
172
166
106
58
53
69
67
63
57
70
122
168
179
188
199
189
170
161
160
159
161
162
165
173
178
160
123
109
130
164
199
208
181
155
138
126
120
102
89
127
175
188
175
152
145
154
160
159
159
159
156
156
158
157
158
162
163
160
141
121
131
160
182
156
86
51
53
67
65
63
59
62
98
151
173
177
192
196
179
165
162
164
167
170
174
179
176
150
116
128
171
197
209
199
171
155
147
132
118
96
87
131
186
204
191
165
152
155
158
161
162
159
156
158
158
154
156
160
160
151
131
124
145
175
183
135
70
50
53
65
64
63
61
58
74
121
161
172
185
197
188
172
169
170
172
179
184
184
175
150
122
138
182
208
207
182
158
151
147
135
123
103
94
133
187
210
198
170
157
155
155
160
163
162
160
161
161
160
162
165
159
143
130
140
164
184
166
102
56
51
54
67
64
63
61
57
60
92
141
165
172
185
193
187
177
171
173
181
186
184
175
151
127
139
181
209
199
168
150
148
144
139
135
124
112
126
170
204
202
174
157
155
154
156
161
165
165
162
166
171
172
164
147
135
141
160
184
184
133
71
51
52
52
67
65
63
61
59
56
68
104
144
162
173
191
199
187
174
173
179
182
182
175
152
133
151
189
206
187
159
150
148
142
139
138
135
128
122
147
191
206
182
159
155
154
153
160
166
166
168
173
176
170
150
129
136
160
180
195
169
99
55
51
51
51
66
65
63
61
61
58
56
73
115
154
170
178
190
194
184
176
173
173
176
174
155
142
166
200
200
174
156
154
154
149
143
141
140
138
130
138
175
202
190
167
156
151
152
164
172
171
174
181
176
158
135
130
154
182
198
189
136
73
49
50
50
53
65
64
64
62
63
60
54
57
82
126
156
162
172
188
193
186
171
163
168
171
158
144
167
201
196
172
159
157
158
156
149
146
148
145
141
138
155
186
193
176
162
154
154
166
177
178
181
183
169
145
133
145
174
199
200
158
95
57
49
50
49
51
64
64
63
63
63
59
56
54
59
85
126
153
167
177
189
196
184
168
164
167
159
146
164
195
198
181
167
161
159
158
153
148
146
144
144
137
136
167
192
185
175
169
165
168
176
182
183
175
159
150
156
170
192
200
168
107
63
51
50
52
51
50
68
68
65
63
61
59
58
55
52
58
88
131
161
169
178
194
194
183
173
172
166
157
165
181
192
191
180
171
166
162
158
152
146
146
149
136
124
151
185
191
191
188
181
176
177
177
170
161
160
170
183
197
199
168
110
65
50
50
51
52
54
53
79
78
71
64
60
59
57
53
51
50
59
90
130
156
171
181
187
185
179
182
182
171
166
164
174
188
187
182
174
162
157
155
156
160
157
139
122
137
167
183
193
193
184
179
175
167
161
158
165
181
198
198
163
104
63
51
49
49
51
53
55
55
87
83
75
67
62
59
57
52
50
50
49
56
83
122
152
166
174
171
169
181
187
178
171
163
159
170
180
185
177
161
155
160
168
169
160
152
141
136
151
169
179
178
170
169
166
164
170
173
171
178
180
149
96
58
46
48
49
50
53
55
56
56
79
76
71
66
62
59
56
53
51
51
50
48
52
76
110
136
155
158
161
172
173
171
172
168
162
164
174
181
178
169
165
171
175
170
164
167
165
152
152
162
167
164
159
162
166
174
190
191
170
146
117
79
51
44
44
45
48
51
54
56
57
57
67
66
66
64
62
59
56
54
53
52
51
47
43
49
64
85
117
142
157
166
163
165
172
173
173
175
175
175
176
174
174
175
171
167
167
171
173
166
159
160
161
159
161
174
185
190
188
167
127
85
56
41
38
40
42
45
49
52
53
54
55
56
64
64
64
64
63
60
57
55
53
52
51
47
44
44
42
47
69
99
127
142
149
161
173
177
181
183
174
169
174
175
175
172
163
160
163
168
173
171
167
167
167
169
176
182
179
162
133
97
64
42
35
34
37
39
41
45
49
51
51
51
52
53
63
62
62
63
62
59
56
54
53
53
50
47
46
41
37
39
43
54
71
87
104
127
144
158
176
184
176
176
183
180
178
176
168
164
170
179
186
184
177
170
163
160
154
137
111
86
63
45
35
34
36
37
37
40
43
45
48
50
50
51
51
52
63
60
59
60
59
56
53
51
51
52
49
45
44
42
40
40
40
39
40
46
54
68
85
104
131
148
154
166
176
178
182
186
183
177
174
174
172
164
148
131
113
94
77
61
47
38
35
33
34
36
38
39
39
43
45
45
48
50
51
52
53
54
63
59
57
57
55
54
51
49
49
50
48
43
44
46
44
39
39
39
38
37
35
35
43
51
62
75
90
106
120
132
145
156
158
147
131
116
101
86
71
61
52
40
31
30
31
31
32
34
36
37
37
37
39
43
44
46
48
50
51
53
54
54
62
59
57
55
53
53
52
50
48
48
47
44
44
46
43
38
37
38
39
39
36
34
35
34
32
35
41
46
51
58
68
77
79
71
59
50
42
34
29
28
29
30
30
31
32
32
32
33
36
39
39
38
39
41
43
46
49
51
52
53
53
54
60
57
55
53
53
53
52
50
48
47
47
45
44
45
42
38
37
37
38
39
38
37
36
35
33
31
30
28
26
25
28
31
30
27
25
26
28
29
29
29
29
29
29
30
31
33
33
33
36
38
39
39
39
41
44
47
49
51
52
53
53
54
57
55
54
53
52
52
51
50
49
47
46
45
46
46
42
39
38
38
38
38
37
36
35
33
32
30
29
27
25
25
27
29
27
25
24
25
27
28
28
29
29
28
29
29
30
32
33
33
35
37
38
39
40
43
45
48
49
49
51
53
53
53
56
54
53
52
51
50
50
50
50
47
45
45
47
47
43
40
41
40
39
38
36
35
34
32
30
29
29
28
27
26
26
26
25
25
25
26
28
28
28
28
28
29
30
30
30
32
32
32
34
36
37
39
41
43
45
47
47
47
50
52
53
53
57
54
53
52
51
50
50
51
50
47
44
43
45
46
42
40
41
40
38
37
36
36
36
34
30
27
29
32
31
29
26
23
22
24
26
27
28
29
29
29
29
29
30
30
30
32
32
32
35
37
39
40
42
44
45
45
46
47
49
52
53
53
