0
26
0
0
0
0
0
0
179
392
268
38
0
0
0
0
119
110
0
0
3
48
10
0
0
0
141
49
0
0
41
55
11
0
0
94
39
10
11
0
0
33
43
8
11
0
0
92
152
86
89
59
0
0
0
0
0
0
0
18
60
52
0
0
0
0
0
95
0
0
43
356
374
134
0
0
0
0
0
146
87
7
0
0
0
0
0
15
139
103
0
0
0
100
65
0
0
58
54
43
52
0
0
50
83
10
0
0
0
105
224
129
22
0
0
0
0
0
0
0
0
0
79
100
0
0
0
0
0
160
75
0
0
47
213
152
29
105
104
0
0
41
123
47
0
26
4
0
0
63
75
52
0
0
0
98
80
0
0
17
52
21
17
28
22
32
65
17
0
0
9
33
141
152
0
0
73
39
0
0
0
0
0
0
41
41
0
0
0
0
0
30
100
0
0
0
0
0
1
211
274
43
0
21
101
0
0
66
58
0
11
47
0
0
0
0
0
17
0
0
95
90
45
0
0
42
51
25
28
11
0
0
0
0
0
210
25
0
284
170
0
0
0
0
0
0
9
0
101
18
0
0
0
0
0
0
0
49
0
0
0
0
222
85
0
132
196
1
0
44
48
99
80
11
0
0
0
1
23
0
0
0
169
222
126
0
0
19
35
36
20
0
8
0
0
0
0
327
186
70
365
207
0
0
0
0
0
0
0
0
124
46
15
0
0
0
0
0
0
172
73
0
0
0
56
0
0
152
295
158
40
0
2
153
162
40
0
0
7
62
17
0
0
0
13
215
194
0
0
0
54
47
18
0
0
0
0
0
0
367
358
135
248
155
0
0
0
0
0
0
0
0
84
59
46
0
0
33
0
0
67
112
0
0
0
0
4
0
0
0
181
275
154
0
0
161
207
58
0
0
49
81
35
0
0
0
0
60
101
60
12
19
75
24
0
8
0
0
0
0
0
259
466
210
115
114
0
0
0
17
29
0
0
0
109
61
44
24
11
0
0
65
128
10
0
0
0
28
38
0
0
0
0
218
213
15
13
179
193
33
0
0
0
43
89
71
44
0
0
0
0
67
97
37
12
0
0
0
0
0
0
0
0
171
495
267
33
44
0
0
0
11
13
0
0
0
121
47
0
58
25
0
0
127
118
0
0
0
0
55
69
0
0
0
0
52
76
0
0
185
208
132
0
0
0
0
73
143
116
16
0
0
10
21
70
0
0
0
0
0
0
0
0
0
0
168
394
220
0
0
0
0
0
0
13
58
123
28
95
79
11
9
0
0
0
141
85
0
0
21
5
72
68
0
0
0
0
0
0
0
0
63
154
222
148
3
0
0
0
79
192
77
0
33
29
21
36
0
0
0
0
0
0
0
0
0
48
143
192
102
0
0
0
0
0
0
0
114
170
29
95
186
128
0
0
0
0
163
97
0
0
57
81
53
0
0
0
0
13
34
0
0
0
0
18
85
114
72
160
100
0
0
246
126
0
0
0
74
62
0
0
0
0
41
18
0
0
0
39
90
38
36
60
0
0
37
24
0
0
158
187
34
74
194
171
0
0
0
40
133
170
102
30
65
94
0
0
0
0
1
51
95
65
0
5
40
18
6
6
0
127
194
0
0
200
209
0
0
0
77
54
61
40
0
0
101
36
0
0
6
42
45
1
26
94
0
0
31
20
0
0
120
185
79
30
82
82
20
0
0
0
53
269
296
101
6
13
0
0
0
0
27
93
88
0
0
0
36
31
53
60
0
10
227
27
0
67
235
0
0
0
27
0
108
141
0
0
100
67
0
0
29
8
0
31
54
104
14
0
0
10
0
0
45
75
45
5
38
36
26
0
0
0
8
303
313
74
0
0
0
0
0
18
89
136
62
0
0
0
0
0
0
23
0
0
206
194
0
0
125
0
0
0
0
9
86
172
60
0
9
79
0
0
0
0
0
49
135
150
5
0
0
0
42
97
32
0
17
25
32
28
32
18
0
0
3
216
184
13
0
0
0
0
0
20
108
105
13
0
0
0
0
0
0
0
0
0
23
189
186
69
89
70
0
0
0
1
35
99
87
2
0
48
66
0
0
0
0
64
171
127
0
0
0
0
83
163
14
0
92
43
0
0
64
68
28
0
2
80
84
21
0
0
0
4
0
2
91
82
0
0
0
0
0
0
0
0
0
0
0
13
129
141
177
167
0
0
0
0
30
91
64
33
0
0
7
0
0
0
68
104
101
25
0
2
0
0
51
108
0
0
112
0
0
0
125
145
4
0
15
10
35
20
0
0
13
68
0
0
57
108
62
0
0
26
1
0
13
20
0
0
0
0
0
33
119
160
161
71
0
0
117
150
48
0
0
0
0
0
0
0
90
83
5
0
4
0
5
4
0
41
0
0
98
0
0
75
203
133
0
0
22
9
0
0
0
57
104
38
0
0
53
68
80
71
0
0
18
9
8
6
0
0
0
0
0
0
0
3
111
141
0
90
246
109
8
0
2
0
0
0
0
0
14
4
0
0
10
17
17
0
0
1
0
0
175
0
0
137
168
26
24
0
0
0
0
0
0
129
101
0
0
43
133
0
0
102
16
0
8
0
8
0
0
62
106
27
0
0
0
0
0
0
0
216
263
0
0
72
120
110
7
0
56
44
0
0
13
11
0
37
0
0
0
40
0
0
189
20
55
51
0
0
39
3
0
0
0
12
53
67
36
0
0
138
204
0
0
62
100
0
0
0
22
44
15
162
235
76
0
0
0
0
0
0
0
163
126
0
0
88
183
167
43
11
115
175
46
0
0
17
75
89
4
0
0
54
0
0
94
21
281
72
0
0
57
17
1
0
0
46
67
0
0
31
0
87
177
0
0
0
127
0
0
52
72
63
0
57
212
98
0
15
43
0
0
0
0
80
18
0
0
0
95
51
0
0
57
268
168
0
0
0
120
135
139
101
0
0
33
0
77
0
195
114
0
0
86
95
54
0
0
0
0
0
0
28
0
23
78
0
0
0
27
7
84
224
185
10
0
0
140
136
0
0
80
82
50
0
0
42
39
0
0
0
0
0
0
0
0
180
156
0
0
0
6
79
260
288
0
0
0
0
79
0
0
0
3
1
44
75
3
0
19
0
0
0
0
0
29
0
8
14
0
0
0
0
29
262
306
4
0
0
144
170
0
0
76
128
28
0
0
32
106
31
0
0
0
0
0
0
0
40
48
0
0
0
0
12
203
252
0
0
0
25
24
0
0
0
15
78
39
0
0
0
62
12
0
0
0
0
24
2
9
44
0
0
0
0
0
162
360
78
0
0
147
133
34
0
50
89
0
0
0
0
144
84
0
0
0
0
0
0
0
29
0
0
0
0
0
42
100
86
0
0
0
29
33
48
1
0
0
96
113
0
0
33
43
34
0
0
0
17
19
43
44
41
49
0
0
0
0
73
320
115
0
0
72
24
9
19
28
40
27
0
0
0
93
9
0
34
31
0
0
0
51
89
0
0
0
0
4
85
82
31
0
0
0
0
34
6
34
0
0
50
127
0
0
48
50
13
0
0
0
5
47
71
60
41
44
27
0
0
0
39
222
66
0
0
0
0
0
21
23
1
58
58
0
0
0
0
0
6
116
78
0
0
66
140
46
0
0
0
0
1
12
48
84
69
0
0
0
0
5
28
0
2
66
34
0
1
53
0
0
0
0
0
68
54
25
16
38
35
7
0
0
27
131
20
0
0
0
0
0
26
13
0
36
93
25
0
0
0
0
0
162
150
0
0
90
214
116
0
0
0
0
0
0
0
259
252
32
0
0
0
0
40
35
0
13
17
0
0
2
0
0
0
0
9
34
12
0
0
0
33
28
0
0
8
51
21
0
0
0
16
44
46
0
0
3
49
48
0
0
0
0
12
129
125
0
0
105
242
129
0
0
0
0
0
0
0
319
378
92
0
0
45
0
0
12
0
6
6
16
2
0
12
0
0
17
38
2
0
0
0
0
66
103
5
0
0
0
18
0
0
0
0
107
79
0
0
2
0
18
49
0
0
41
79
30
34
0
0
56
140
123
67
0
0
0
0
0
0
171
255
130
22
0
54
0
0
0
0
29
13
15
21
5
21
0
0
34
66
49
0
0
0
5
126
146
18
0
0
0
12
0
0
0
0
111
79
0
0
22
0
24
63
2
0
60
44
0
0
0
0
17
41
63
97
16
0
0
0
0
0
0
32
83
117
54
42
45
0
0
0
36
16
0
20
37
0
0
0
39
83
74
0
0
0
0
94
105
19
0
0
22
22
19
3
0
0
71
50
0
0
44
52
56
45
33
57
51
0
0
0
0
0
20
11
0
80
42
0
0
82
88
0
0
0
45
92
37
4
113
24
0
0
0
0
7
46
58
0
0
0
38
45
20
0
0
0
0
38
49
15
0
0
0
12
49
41
0
0
0
38
0
0
34
56
0
0
38
86
62
0
0
89
36
0
0
8
0
36
10
0
0
103
167
0
0
0
109
102
0
0
100
57
0
0
0
0
35
63
67
51
6
0
0
0
14
1
0
0
50
69
34
0
4
0
0
0
0
0
16
0
0
72
99
0
0
0
0
0
0
17
47
0
0
163
140
0
0
45
0
0
0
0
0
84
270
76
0
0
46
158
10
0
30
19
0
0
0
0
1
5
4
107
153
47
0
0
43
49
0
0
79
78
24
0
0
0
0
0
0
0
18
17
0
115
288
4
0
0
0
0
0
0
9
40
28
139
77
0
0
26
0
0
0
0
35
94
281
223
0
0
0
0
117
110
12
0
0
0
0
6
0
0
0
95
276
132
0
0
0
38
104
89
37
2
23
12
0
0
50
22
0
0
0
0
0
119
372
50
0
42
16
0
0
0
0
15
56
53
12
0
0
0
12
0
0
0
63
48
110
225
157
0
0
0
0
170
83
0
0
0
22
27
2
0
0
53
276
193
0
0
0
0
191
138
0
0
40
64
0
0
98
74
0
0
0
0
0
85
251
7
0
37
96
48
2
0
0
0
0
0
72
40
0
0
0
0
0
0
21
0
0
93
213
125
0
0
0
80
95
12
0
28
35
0
25
30
0
4
168
195
75
0
0
0
207
145
14
0
22
33
0
0
110
60
0
0
0
14
0
43
66
0
0
0
172
149
55
0
0
0
0
0
67
113
0
0
0
0
16
0
0
0
0
0
52
103
83
0
0
18
0
0
0
0
7
0
13
32
0
0
32
88
75
0
0
6
139
138
76
38
15
0
0
43
157
37
0
0
47
80
31
14
0
0
0
0
206
186
26
0
6
0
0
0
0
147
35
0
0
0
0
36
15
0
0
0
0
31
23
0
0
70
0
0
30
0
0
41
3
0
0
0
0
0
0
25
24
0
33
88
41
13
53
0
0
68
153
21
19
37
28
76
54
0
32
34
0
0
168
124
0
0
21
31
0
0
0
97
10
0
0
0
0
17
4
0
0
0
9
1
0
0
0
177
0
0
0
13
28
53
5
0
0
139
74
0
0
14
53
0
0
0
34
2
41
29
0
11
59
20
27
50
16
7
9
6
49
64
16
74
107
34
0
0
27
30
0
0
0
13
0
0
0
0
0
0
0
0
76
129
65
0
0
0
0
261
6
0
0
0
8
0
14
0
0
229
143
0
0
0
117
36
0
0
86
127
50
68
26
0
0
62
0
6
87
0
0
51
12
6
133
163
60
0
0
20
37
18
10
29
10
0
0
0
0
0
0
0
0
0
106
143
80
0
24
51
0
223
122
0
0
0
0
0
0
7
0
135
123
0
0
0
148
81
0
0
0
143
136
105
87
4
0
58
0
0
175
0
0
35
0
0
163
184
39
0
0
0
81
86
29
27
27
0
0
0
0
0
0
0
0
9
12
0
16
71
66
70
31
98
204
16
0
0
3
0
0
0
0
0
63
49
0
0
85
40
0
0
0
0
77
59
115
143
0
0
0
39
198
36
0
0
0
0
82
48
0
20
0
0
107
137
2
0
46
42
35
32
0
0
0
0
25
146
0
0
0
107
59
16
34
6
160
105
0
0
73
95
0
0
0
0
1
73
0
0
3
0
14
0
0
0
0
0
59
146
16
0
0
88
123
7
0
0
0
19
0
0
0
129
0
0
59
103
0
0
27
55
81
112
0
0
0
0
0
185
0
0
0
28
35
2
3
0
34
65
0
0
56
118
13
0
0
0
0
41
24
0
0
0
0
28
78
8
0
0
0
42
48
31
2
33
27
0
7
24
0
8
41
0
0
148
35
0
28
74
0
0
0
33
57
108
0
0
0
0
0
123
58
0
0
0
0
5
0
0
0
15
4
0
27
57
6
0
0
6
10
27
3
0
0
0
0
0
72
58
2
0
0
0
64
115
27
0
0
0
0
0
0
0
83
30
0
63
0
0
60
59
0
0
0
9
19
42
0
0
0
1
44
47
38
0
0
0
0
0
32
0
23
27
15
10
30
38
14
0
0
0
43
0
0
0
7
20
0
0
34
52
0
0
0
0
66
114
43
0
16
66
0
0
0
0
0
92
64
0
0
0
68
23
2
13
6
14
23
26
0
0
0
57
60
36
0
0
0
0
0
25
77
0
0
8
39
40
45
54
29
0
0
14
22
0
0
42
54
32
0
0
0
0
0
0
48
79
66
53
43
13
28
79
35
2
16
0
0
53
55
0
0
0
10
0
0
0
35
80
56
25
0
0
0
21
30
70
0
0
0
0
86
149
83
0
0
0
84
135
23
0
44
32
34
41
0
0
0
64
153
86
5
0
0
0
0
0
91
100
12
0
58
82
9
51
148
87
0
0
0
27
13
3
0
0
0
7
0
0
51
145
82
0
5
11
0
0
18
57
18
0
0
0
60
134
48
0
0
0
97
167
0
0
0
41
102
67
0
0
0
66
183
156
36
0
0
108
0
0
49
41
0
0
25
77
3
48
200
132
0
0
0
8
33
23
0
0
0
45
0
0
62
138
80
0
0
0
0
0
22
28
8
0
0
0
2
31
4
0
23
42
45
83
31
0
0
0
126
67
0
0
2
24
76
114
66
0
20
298
55
0
0
0
0
2
0
28
34
72
146
84
11
0
0
0
91
57
0
0
64
95
0
0
84
123
63
0
0
0
0
6
14
27
28
102
104
19
17
9
0
36
26
27
0
0
44
0
0
0
67
39
0
0
0
0
0
11
36
25
94
299
105
0
0
0
17
32
8
38
62
51
73
42
3
0
0
0
106
40
0
0
155
98
0
0
72
98
47
12
0
0
4
79
12
0
33
166
108
29
22
7
53
31
0
0
0
0
4
65
0
0
13
43
0
0
0
0
0
0
14
65
44
99
130
0
0
0
0
0
0
67
48
0
26
71
6
0
0
0
76
0
0
59
257
74
0
0
14
30
50
22
0
0
88
162
24
0
0
69
63
82
0
0
131
4
0
0
5
24
23
60
0
0
0
57
72
7
0
0
0
7
53
93
0
0
87
73
0
0
0
0
0
0
7
0
0
49
53
11
0
0
91
54
0
0
239
74
0
0
14
12
52
29
0
24
178
167
47
0
0
0
1
45
0
0
132
22
10
28
0
0
93
63
0
0
0
69
93
17
0
0
0
0
73
106
46
4
29
24
0
0
0
57
0
0
0
22
0
0
67
101
0
0
174
303
0
0
72
44
0
0
97
65
20
36
0
21
174
86
70
66
0
0
0
0
0
18
32
42
59
59
0
0
89
90
0
0
71
106
42
0
0
0
0
0
42
36
82
142
76
0
0
0
0
163
65
0
0
75
0
0
33
122
0
0
188
395
32
0
0
35
0
0
91
66
0
26
0
33
94
42
71
189
95
0
0
43
0
0
0
38
58
10
0
0
10
75
0
0
119
89
0
0
42
9
0
0
33
0
24
194
145
0
0
0
0
173
147
0
0
67
0
0
30
94
0
0
78
230
17
0
0
113
0
0
0
0
0
1
32
18
18
70
60
163
135
0
0
32
0
0
0
23
29
0
0
0
0
17
1
32
91
23
0
1
69
35
0
0
32
0
0
131
152
0
0
0
0
138
133
0
0
1
40
102
48
23
1
0
0
68
0
0
13
162
18
0
0
0
0
0
40
4
0
0
31
141
209
17
0
0
0
0
96
0
28
38
0
0
62
7
0
0
105
28
0
0
37
0
0
0
0
26
24
64
116
52
0
0
0
51
103
0
0
0
98
184
20
0
0
11
0
2
0
0
0
138
79
0
0
16
0
0
83
52
0
0
0
146
257
69
0
0
0
0
109
0
0
33
0
15
146
55
0
0
99
97
0
0
42
0
3
17
0
39
77
40
36
13
0
0
0
0
69
0
0
10
98
120
0
0
0
1
0
0
0
0
2
96
55
0
0
4
0
0
83
76
0
0
0
106
142
30
0
0
0
0
34
0
0
0
31
98
164
111
0
0
0
162
41
0
51
0
0
35
13
8
59
44
0
0
0
0
0
0
31
52
0
5
77
42
0
6
0
0
28
57
0
0
0
17
26
19
0
0
27
26
30
27
0
0
0
31
0
0
0
0
0
78
2
0
0
0
0
80
170
161
0
0
0
181
106
0
0
0
8
36
50
26
32
59
34
0
0
0
0
0
0
42
0
0
50
35
29
45
5
6
74
103
40
3
0
0
8
37
0
5
71
46
0
0
0
0
0
0
0
0
0
0
31
113
20
