98
366
246
0
0
20
212
165
52
0
0
61
279
0
0
0
29
77
0
0
0
0
69
106
0
0
0
35
35
141
217
145
0
0
83
198
0
0
0
0
0
27
135
147
75
0
0
64
55
0
0
68
168
31
0
0
0
0
0
0
42
88
0
62
54
0
0
67
139
99
34
6
0
96
337
242
0
0
0
27
6
0
0
0
158
142
0
0
0
0
27
212
234
63
0
0
7
176
70
0
0
0
0
0
96
153
57
0
0
92
63
0
0
134
213
0
0
0
16
1
2
0
25
128
0
0
0
7
14
17
21
0
0
72
43
23
224
374
136
0
0
0
48
20
0
45
166
122
8
0
0
0
0
103
83
0
0
0
0
40
3
0
0
0
0
0
39
151
68
0
0
24
25
74
105
240
213
0
0
23
100
0
0
0
0
66
0
0
0
0
40
33
0
0
0
75
44
0
34
171
91
0
0
0
39
61
135
148
86
95
105
1
0
0
0
0
0
0
40
44
0
0
0
0
0
27
69
50
81
151
81
0
0
0
18
223
261
234
109
0
0
0
211
66
0
0
0
0
0
0
0
0
75
51
0
0
0
15
0
13
0
0
0
48
16
0
0
39
96
41
0
76
112
43
0
12
49
0
0
0
9
98
30
3
2
0
0
60
113
116
74
31
10
5
0
0
22
254
276
130
29
0
0
0
124
148
0
0
17
0
43
0
0
18
60
67
0
0
0
0
0
123
0
0
0
193
267
0
0
15
0
0
0
28
8
94
178
207
149
14
0
0
0
73
139
71
0
9
46
83
84
69
0
0
0
66
87
30
36
101
119
69
37
0
0
0
0
55
9
71
42
0
0
0
0
0
30
198
43
0
0
0
26
208
73
0
0
168
363
62
0
17
0
0
0
0
11
170
240
168
59
0
0
0
0
2
138
57
43
137
97
0
0
31
0
0
0
39
135
154
64
0
0
73
57
0
0
0
0
0
6
0
0
2
0
0
0
0
0
252
163
0
0
0
16
137
143
0
0
47
162
80
36
71
0
0
0
0
176
264
130
0
0
0
0
0
0
0
36
27
69
226
152
0
0
0
0
0
0
0
49
116
39
0
0
111
110
0
0
17
19
102
91
0
0
0
0
79
0
0
0
201
188
0
0
0
32
44
127
149
74
0
0
0
33
106
103
0
0
0
268
287
2
0
0
15
32
86
39
0
0
45
46
143
190
70
0
0
0
0
0
0
21
37
0
0
0
90
141
10
0
0
27
196
220
130
15
0
0
0
0
17
44
207
165
0
0
0
93
112
76
66
48
4
0
0
0
85
126
72
11
63
188
204
0
0
0
0
79
150
85
0
0
4
40
27
109
171
41
0
0
0
0
69
151
35
0
0
0
25
84
42
0
0
57
104
132
182
148
0
0
0
0
22
73
177
139
0
0
0
75
132
15
0
0
0
7
80
139
81
18
62
104
46
19
104
63
0
0
0
94
144
42
0
0
0
28
0
0
107
55
0
0
0
0
154
264
33
0
0
0
0
2
43
66
66
52
0
0
23
161
31
22
0
7
43
18
13
53
35
0
0
2
45
0
0
0
0
56
374
423
41
0
0
0
0
0
16
109
37
0
0
71
96
20
0
0
0
0
0
0
40
54
0
0
0
33
210
233
0
0
0
36
0
0
29
108
11
0
0
0
0
32
48
50
0
86
229
40
0
0
25
48
40
0
0
0
0
0
0
43
493
576
0
0
0
0
0
0
0
27
57
66
57
51
82
65
30
0
0
0
21
36
83
114
0
0
0
28
177
147
0
0
0
1
47
34
28
53
0
0
28
33
0
0
5
0
0
182
344
106
0
0
0
0
89
29
0
0
0
26
26
37
337
511
52
0
0
0
0
0
0
0
59
41
0
19
73
41
40
17
0
0
31
28
120
184
0
0
0
8
47
45
0
0
0
0
116
227
138
11
0
0
0
0
44
69
41
0
29
152
231
94
0
0
0
0
68
7
0
0
96
148
148
0
0
219
92
0
0
0
0
0
58
137
170
0
0
0
48
24
28
29
0
0
21
6
78
173
0
0
0
28
0
0
0
0
0
0
140
263
117
0
35
0
0
0
96
84
0
0
11
25
63
0
0
0
0
0
0
0
0
160
239
185
98
0
0
19
89
0
6
0
0
0
119
219
185
0
0
0
7
107
124
49
0
0
0
2
62
109
12
0
0
43
29
0
0
0
14
51
99
82
0
0
54
22
0
53
117
0
0
56
22
19
0
0
0
0
182
62
0
0
67
234
210
80
0
0
0
133
129
0
19
19
0
0
44
77
38
0
0
0
0
100
142
104
14
0
0
0
72
50
52
0
0
41
162
54
0
0
17
114
93
0
0
0
0
0
89
104
44
0
0
57
50
111
48
0
0
0
204
127
0
0
4
64
72
2
0
0
25
227
123
0
0
28
99
0
0
0
0
22
33
47
57
0
0
137
167
0
0
0
31
8
72
40
0
20
207
142
0
0
0
78
178
0
0
1
0
0
36
35
0
5
0
104
73
98
108
0
0
0
0
113
43
0
0
0
18
0
0
0
46
76
35
0
70
172
232
0
0
0
0
39
48
99
117
4
0
147
233
0
0
0
36
11
38
4
0
21
123
156
98
0
0
0
208
59
0
0
3
0
0
4
43
29
4
160
96
0
0
6
0
0
0
38
54
0
0
42
85
46
0
0
0
0
20
135
232
248
227
29
0
0
0
0
22
23
66
64
0
120
245
0
0
0
136
78
7
0
27
83
59
59
135
55
0
0
50
169
0
0
98
61
0
0
38
0
0
62
54
0
0
0
112
0
0
0
0
112
119
0
13
93
20
0
0
0
57
107
103
96
166
147
0
0
0
4
27
0
10
50
0
0
189
79
0
0
105
86
27
0
18
119
60
0
53
153
0
0
0
117
0
0
187
218
0
0
0
0
0
0
0
0
0
0
84
96
0
0
0
380
276
0
0
0
104
0
0
31
18
0
0
4
124
268
35
0
0
111
0
0
21
13
0
0
9
73
0
0
0
0
41
9
0
52
73
0
0
42
62
0
0
0
0
0
216
201
0
0
0
24
0
0
0
0
0
0
35
105
0
0
30
570
367
0
0
0
0
0
0
39
0
0
71
55
94
330
77
0
49
173
0
0
6
0
9
0
0
0
93
28
0
0
68
63
0
0
36
69
0
0
0
0
58
0
0
19
135
4
0
3
1
0
1
67
0
0
0
0
36
16
0
0
90
610
363
0
0
0
0
0
119
97
0
0
40
43
137
348
88
0
0
158
10
0
0
0
0
11
0
0
57
73
0
0
127
110
0
0
0
20
85
0
0
0
46
68
0
46
55
0
0
65
0
0
0
23
0
0
2
26
0
0
0
0
85
463
254
41
66
0
0
0
275
159
0
0
0
19
167
245
43
0
0
111
176
0
0
0
0
0
36
0
0
0
0
0
89
95
105
0
0
0
116
57
0
0
0
42
6
29
0
0
1
10
0
0
0
0
0
31
162
0
0
0
55
0
104
218
53
3
171
12
0
0
134
54
0
0
58
79
132
102
26
0
0
35
128
0
0
0
10
28
0
0
0
69
0
0
0
44
199
101
0
0
13
166
162
0
0
0
82
46
0
0
25
0
0
16
0
0
0
169
116
0
0
13
0
24
131
117
0
0
141
208
0
0
0
0
0
12
101
119
148
99
97
29
0
0
0
0
35
0
10
87
31
0
67
248
21
0
0
32
168
190
0
0
0
153
237
60
0
0
117
116
0
0
13
0
0
65
0
0
50
149
0
0
0
0
0
0
90
164
110
0
120
246
0
0
0
0
0
0
43
119
184
150
64
75
157
0
0
0
29
8
4
81
130
46
92
288
87
0
0
30
181
204
0
0
0
34
180
141
0
0
54
140
0
0
6
0
0
42
0
0
166
101
0
0
0
0
15
0
54
175
146
41
171
168
0
0
0
0
0
23
73
137
143
109
0
17
197
46
0
0
0
104
90
40
104
63
19
179
151
0
0
18
239
163
0
0
0
0
111
175
0
0
60
55
0
0
58
7
0
0
0
0
101
92
0
0
0
26
199
86
0
87
49
0
168
153
0
0
0
0
68
183
100
90
115
71
0
0
23
0
0
0
0
150
152
0
23
8
0
45
80
0
0
39
167
94
0
0
0
0
75
90
8
120
170
0
0
0
91
18
0
0
0
0
0
88
127
0
0
163
273
88
0
5
11
0
59
223
0
0
0
0
186
233
0
0
176
130
0
0
0
0
11
0
0
99
57
0
44
49
32
0
0
49
99
23
0
0
0
0
0
0
41
0
0
159
215
0
0
0
88
0
0
0
0
0
0
72
173
0
0
140
190
67
0
0
0
0
0
216
0
0
0
60
241
149
0
0
197
174
0
0
0
0
0
0
25
33
0
0
85
101
72
9
32
164
98
0
0
0
9
0
0
0
0
0
0
43
174
61
0
0
58
0
0
0
53
0
0
22
133
130
29
0
61
112
64
0
0
0
18
123
42
0
0
37
130
60
95
120
191
191
0
0
0
55
9
0
79
0
0
0
32
68
10
0
180
286
4
0
0
0
0
0
58
2
0
26
0
0
123
140
0
0
43
8
0
14
52
0
1
0
76
182
109
0
13
169
116
0
0
82
69
35
123
88
0
0
0
26
75
98
186
180
0
0
0
102
92
9
31
0
0
0
0
3
12
14
216
326
3
0
0
30
0
0
40
37
0
25
0
0
60
83
0
0
117
99
0
0
29
0
0
4
63
125
116
36
42
138
108
0
0
18
0
0
123
191
74
0
0
45
71
53
78
59
0
0
0
59
35
0
0
0
0
0
0
0
84
88
108
194
50
0
0
5
0
0
22
79
15
0
13
5
0
0
0
61
156
77
0
0
34
0
0
8
76
10
0
49
24
0
33
0
0
0
0
0
44
95
113
28
0
42
216
207
74
0
8
19
18
0
0
0
0
0
0
0
49
60
46
29
0
19
19
0
12
0
0
0
62
106
32
0
6
23
0
0
62
178
98
0
0
0
0
0
0
0
30
0
0
1
0
0
0
0
8
0
0
0
0
0
51
58
0
0
207
327
258
44
0
41
87
20
18
0
0
0
0
98
146
50
0
0
0
0
0
53
90
0
0
0
32
66
63
9
0
0
38
3
59
112
44
0
0
0
0
0
0
0
0
1
0
0
0
0
0
1
32
0
0
0
0
0
0
8
0
0
0
227
294
20
0
3
77
45
79
26
0
0
111
232
88
0
0
0
0
8
12
58
103
45
0
0
0
22
169
84
0
0
27
0
0
0
16
51
1
0
15
0
0
2
16
0
0
0
8
0
0
63
89
23
0
0
0
0
0
0
0
0
0
69
135
0
0
0
0
0
0
0
0
23
167
149
0
0
0
0
8
57
50
32
83
80
28
0
0
13
256
238
87
0
0
0
0
0
13
75
0
20
172
0
0
20
36
0
0
0
0
9
50
67
54
33
9
0
0
0
23
15
0
0
0
0
27
0
0
0
0
0
0
0
0
56
32
0
0
0
14
33
26
40
40
5
13
33
55
0
0
0
154
305
285
0
0
0
0
0
70
113
10
38
192
27
41
8
29
0
0
0
0
9
66
0
0
15
54
47
26
23
40
17
26
42
0
0
0
0
0
0
49
0
0
0
43
32
0
0
0
0
38
99
25
0
6
0
0
14
62
1
0
0
41
248
240
0
0
0
57
45
143
167
15
0
126
13
56
45
49
37
4
0
0
20
13
0
0
1
19
52
117
110
18
0
48
68
14
0
0
0
0
56
202
1
0
10
113
0
13
7
0
0
21
61
0
0
0
0
82
78
37
4
0
0
102
219
96
0
0
0
94
77
106
79
0
59
129
0
0
42
60
34
64
0
0
0
0
0
3
0
0
26
259
237
0
0
17
12
82
89
0
0
0
69
342
158
0
0
11
0
28
59
0
0
20
0
0
0
0
0
159
103
0
0
58
34
130
148
12
0
0
0
66
80
0
0
0
287
189
0
0
0
19
87
88
0
0
0
0
0
0
0
0
46
301
282
0
0
0
0
91
132
0
0
0
9
252
355
108
0
0
0
81
0
0
0
2
0
0
0
0
22
131
58
0
0
62
6
49
57
0
0
0
0
84
0
0
0
81
461
189
101
4
0
0
150
123
0
0
0
0
0
0
0
15
84
216
185
0
0
0
0
56
94
0
0
0
0
70
316
231
0
0
0
93
16
3
0
0
0
0
0
0
113
98
18
0
0
0
0
68
130
67
0
0
162
144
0
0
0
144
434
120
184
258
36
0
67
99
0
0
0
0
0
13
13
0
26
76
54
26
0
0
0
63
67
40
0
0
0
34
131
114
2
0
2
0
0
0
8
0
0
0
0
0
79
70
43
2
0
0
48
149
256
146
0
0
255
139
0
0
0
109
232
84
211
435
217
0
0
0
0
0
0
0
2
75
58
0
0
0
0
57
0
0
0
63
62
104
125
176
196
103
22
20
36
50
6
0
0
0
0
79
0
0
0
0
0
49
92
2
0
78
92
48
206
150
0
0
313
101
0
0
0
53
36
104
223
366
216
0
0
0
0
0
0
0
31
95
94
27
0
0
0
17
0
0
0
66
4
0
41
258
431
252
28
0
0
40
57
0
0
0
0
46
55
61
9
0
0
69
68
0
221
358
81
0
68
91
0
0
305
63
0
0
0
11
0
130
152
162
198
187
0
0
0
0
0
0
47
51
82
83
15
0
0
0
0
0
166
184
0
0
0
14
362
403
104
0
0
68
183
80
0
0
0
0
26
75
0
0
0
44
0
0
300
524
110
0
4
0
0
0
117
0
0
0
0
0
0
111
83
16
108
327
165
0
0
0
0
8
31
28
35
31
27
20
0
0
0
0
200
386
185
0
0
0
58
311
152
0
0
111
232
70
0
0
0
0
0
0
0
0
0
0
0
0
282
487
148
0
7
0
0
0
0
0
0
0
0
0
30
42
59
0
0
196
241
0
0
0
0
18
22
47
23
35
46
11
0
0
0
0
55
521
460
82
0
0
0
45
163
5
0
100
129
18
0
44
0
0
0
0
0
88
65
0
0
124
368
283
42
101
27
0
0
0
0
0
17
48
0
21
71
0
25
0
0
109
88
0
0
0
4
10
37
85
46
45
35
0
35
113
0
0
0
494
608
184
0
0
0
0
148
132
73
36
17
20
18
45
0
0
0
0
0
74
81
0
0
255
463
96
0
143
0
0
0
0
0
0
36
59
29
77
72
0
33
0
1
70
0
0
0
0
13
35
73
120
49
0
0
0
62
212
18
0
0
359
520
189
0
0
0
21
60
27
4
0
0
64
73
46
0
0
0
0
0
1
0
0
0
214
409
65
0
92
0
0
0
0
0
0
17
195
245
125
55
0
35
2
0
0
0
0
0
0
21
98
112
99
40
0
0
0
87
188
6
0
0
201
266
78
0
69
132
3
0
0
0
0
7
69
80
76
0
0
0
0
32
19
0
0
0
136
209
64
0
17
0
4
194
0
0
0
0
295
375
93
9
6
11
6
0
0
0
50
0
9
47
63
94
84
57
70
0
0
57
111
0
15
173
101
60
35
0
134
212
0
0
44
84
0
18
57
62
115
33
0
0
0
0
40
0
0
0
80
16
3
55
0
0
135
215
6
0
0
0
120
288
47
0
99
81
32
0
0
0
0
57
144
89
0
46
128
79
81
0
0
0
72
0
0
253
155
9
17
0
131
182
0
0
63
137
0
19
91
79
118
55
0
0
0
0
38
65
1
0
8
0
0
59
0
0
53
126
91
93
0
0
0
123
24
0
91
109
109
32
0
0
0
42
109
65
0
32
130
68
6
0
0
0
109
0
0
251
294
45
0
0
122
158
0
0
0
0
0
31
123
115
116
50
0
0
0
1
152
92
0
0
0
12
74
73
0
0
0
0
135
138
10
0
0
23
0
14
0
0
0
43
62
7
35
3
0
0
4
26
60
29
0
0
0
21
112
0
0
230
369
176
3
0
40
76
66
0
0
0
0
47
88
123
151
39
0
0
0
69
230
76
0
0
0
4
179
185
14
0
0
0
31
25
0
122
203
28
0
0
0
0
0
0
0
46
229
61
0
0
0
15
0
0
0
0
0
1
14
0
15
185
403
373
146
7
0
0
30
40
0
0
1
51
30
95
163
0
0
0
0
71
60
0
0
0
0
0
197
296
229
0
0
0
0
0
0
179
395
119
0
0
66
0
0
0
0
29
285
123
0
0
0
28
29
1
0
5
18
0
0
0
0
164
452
451
163
1
0
0
0
0
21
0
0
27
40
46
24
0
0
0
0
0
0
0
9
36
0
0
82
194
318
124
0
0
0
18
0
94
356
179
0
0
109
72
35
0
0
29
156
90
0
0
0
36
120
74
0
11
65
1
0
0
0
93
362
362
145
12
55
18
0
0
51
47
0
0
24
0
0
0
0
0
0
0
0
0
0
14
9
17
0
21
209
177
0
0
0
4
0
0
129
121
0
0
152
9
3
25
64
38
36
32
0
0
0
16
135
100
0
0
21
21
66
25
0
0
54
179
225
155
94
0
0
29
169
78
0
0
0
0
0
0
0
0
0
0
0
0
23
37
2
0
0
14
109
121
0
0
3
0
0
0
0
40
0
8
145
