4
0
0
0
0
4
78
79
80
89
107
143
229
386
545
574
499
449
440
440
382
292
315
402
400
312
211
137
133
245
411
471
374
186
7
0
142
321
336
200
67
1
0
35
41
0
0
0
25
71
72
68
96
57
0
0
0
0
0
0
0
0
182
0
0
0
0
0
0
0
0
0
0
0
0
0
119
276
156
7
0
33
108
197
276
314
323
348
298
118
0
0
0
0
0
0
0
0
0
0
0
0
0
0
0
0
0
0
0
0
0
0
0
0
0
0
0
0
0
0
0
0
0
0
351
260
154
105
96
65
0
0
0
0
0
0
0
0
0
0
0
0
0
0
0
0
22
0
0
119
170
71
0
0
0
0
0
0
0
0
0
0
0
0
0
0
0
0
0
2
0
0
0
0
19
166
189
65
0
0
10
89
34
0
0
0
178
319
345
274
266
339
366
313
255
207
150
132
62
0
0
0
0
0
0
0
0
0
0
0
0
0
0
86
248
273
197
111
110
182
219
210
224
269
302
305
327
428
545
577
563
591
606
531
480
567
705
708
575
514
493
363
303
418
500
486
480
445
0
52
152
234
269
249
198
184
234
239
185
215
254
140
2
72
306
407
316
233
138
0
0
0
0
0
0
58
331
466
451
329
183
134
214
323
356
327
324
378
433
442
384
225
48
27
146
261
300
248
156
64
13
128
291
190
0
0
0
0
97
115
0
0
0
0
0
15
87
106
64
9
5
85
182
197
112
89
251
424
437
395
333
186
81
36
0
0
26
149
171
160
186
197
94
0
0
39
72
113
178
195
134
49
0
0
0
0
0
32
154
67
0
0
0
0
0
20
63
0
0
0
0
0
0
0
0
0
0
0
0
25
0
0
0
0
0
7
42
0
0
0
52
139
162
192
140
35
67
180
196
96
0
0
0
0
129
128
52
0
0
95
209
141
0
0
0
0
69
55
0
0
10
0
0
0
0
0
0
65
272
354
372
281
125
92
0
0
0
0
0
0
0
0
0
0
0
0
0
0
139
207
0
0
0
0
8
120
120
50
130
276
244
7
0
0
0
0
87
126
26
0
0
0
0
65
112
79
2
0
0
0
0
0
0
0
0
0
0
0
0
0
0
0
137
284
361
280
0
0
0
0
9
27
2
0
0
0
0
42
29
31
96
145
94
0
0
0
0
0
35
207
272
241
168
38
0
0
0
0
0
10
0
0
0
0
0
0
0
0
0
0
0
0
0
0
0
0
0
0
0
0
0
0
0
0
0
0
193
213
94
0
0
0
0
83
91
128
159
62
7
94
124
0
0
0
0
0
0
0
0
0
61
223
182
50
17
114
157
37
0
20
47
88
115
52
10
0
0
0
0
0
0
0
0
3
151
269
258
224
217
191
124
60
81
201
315
264
48
0
0
7
0
0
0
0
0
0
0
0
0
69
49
0
0
0
0
0
0
0
261
435
362
224
132
46
0
0
0
0
141
246
266
226
150
97
121
161
148
111
57
0
0
0
37
75
108
174
224
217
167
159
222
254
206
189
266
312
262
166
9
0
0
0
0
0
0
0
0
0
0
0
0
0
0
0
0
0
0
0
0
46
291
361
252
127
0
0
0
0
0
0
0
0
0
0
0
0
8
21
0
0
39
70
74
113
143
107
93
134
109
45
40
48
38
48
52
7
0
0
0
0
0
51
0
0
0
0
22
207
378
311
88
0
0
0
0
0
0
0
0
0
0
0
0
0
0
0
0
0
0
0
0
0
0
0
0
0
0
0
0
0
0
0
0
0
0
0
0
0
0
0
0
0
0
0
0
0
0
0
0
0
0
0
0
0
49
97
397
371
454
480
490
553
505
267
52
7
39
11
0
0
0
122
215
79
0
0
0
0
0
0
0
0
0
33
29
0
0
0
0
0
0
0
0
0
0
0
0
0
0
0
0
0
0
0
0
0
0
0
0
0
0
0
43
0
0
0
0
0
580
583
502
333
198
203
290
344
323
254
179
147
227
412
598
716
676
360
0
0
0
49
230
258
178
180
335
522
567
393
152
36
52
106
127
106
76
69
74
42
0
0
0
11
30
41
19
0
0
0
0
8
0
0
0
0
0
0
0
0
0
0
163
223
159
33
0
0
0
0
243
271
208
268
468
619
613
482
286
119
49
45
97
230
375
472
540
583
571
481
391
375
343
275
301
426
521
523
455
349
286
298
279
262
327
345
317
383
477
452
345
324
401
413
266
50
0
0
0
0
155
241
167
16
0
0
0
0
0
0
0
0
0
0
0
0
0
0
0
0
0
0
5
163
172
73
0
24
113
48
0
0
0
0
141
277
226
112
90
206
300
221
77
16
0
0
54
78
51
116
234
290
273
221
210
255
273
300
363
349
282
269
242
134
97
200
0
0
0
0
105
171
94
0
0
0
0
0
0
0
0
0
0
0
0
0
0
0
0
0
0
0
0
0
0
0
0
0
0
0
0
0
0
0
0
0
0
0
0
0
0
0
0
30
117
0
0
0
0
0
29
80
47
0
0
0
0
55
48
117
76
12
113
329
346
100
0
0
8
17
50
100
125
136
132
48
0
0
0
0
210
364
405
346
187
25
0
0
0
0
0
0
0
0
0
0
0
64
125
114
44
55
123
81
0
32
154
160
0
0
0
0
0
0
0
0
0
0
0
0
0
4
0
0
0
0
157
156
40
0
0
10
110
203
298
351
297
167
61
58
147
216
190
107
97
236
340
247
125
104
71
0
0
0
0
0
6
0
0
0
0
23
11
0
39
79
3
0
0
232
313
126
35
75
6
0
119
191
58
0
0
0
0
0
0
0
0
0
0
89
95
0
72
281
258
39
0
0
32
78
176
247
167
0
0
0
0
0
68
240
364
411
399
386
356
282
143
0
0
80
99
0
0
0
0
0
0
0
0
0
0
0
0
65
0
0
0
0
64
144
115
37
40
102
144
39
0
26
25
0
0
21
30
0
154
370
387
159
0
0
0
0
0
0
0
0
0
0
0
0
0
61
221
240
183
179
183
207
261
171
5
69
252
220
56
0
0
9
0
0
0
0
0
0
0
0
0
0
0
0
0
0
0
154
200
236
66
138
69
0
20
89
59
0
0
0
64
129
198
301
230
0
0
0
0
0
0
0
0
0
0
0
0
0
0
0
0
0
0
0
0
0
0
0
0
116
166
204
267
259
149
32
0
63
92
0
0
0
0
21
99
65
0
0
0
0
0
0
0
13
0
0
0
2
0
0
0
0
0
0
0
187
344
168
0
101
315
364
324
218
95
101
142
138
154
89
0
66
193
181
122
60
0
21
108
83
0
0
0
39
82
150
220
141
0
0
98
120
45
0
0
27
70
51
45
49
25
0
0
0
0
0
0
0
64
0
0
0
104
177
31
0
0
0
64
227
274
281
285
288
318
355
385
385
271
127
91
41
0
0
107
141
146
180
202
188
165
137
84
41
20
0
0
0
84
108
0
0
0
58
223
215
110
84
95
37
24
69
46
25
80
131
0
0
0
0
18
3
37
55
122
224
144
0
0
0
0
78
133
0
0
0
0
0
0
0
0
0
0
81
69
0
0
0
0
0
0
0
0
0
25
179
166
45
0
0
5
112
114
0
0
110
247
224
98
88
170
152
98
103
89
76
136
181
0
22
131
50
0
0
9
0
0
0
0
0
0
0
0
0
0
0
0
0
0
0
0
0
0
0
0
64
141
0
0
0
0
0
0
0
0
0
56
153
107
6
0
0
0
102
254
248
149
73
78
103
57
0
18
114
181
169
119
68
45
24
23
128
183
49
0
0
0
0
0
0
0
0
0
34
20
0
0
9
44
89
75
13
0
0
4
0
0
0
58
94
1
0
0
0
0
0
40
90
42
51
108
37
0
0
4
0
0
0
0
0
0
0
0
0
0
0
0
0
0
0
0
0
0
0
1
33
59
0
0
0
89
148
123
46
0
39
26
0
0
67
70
48
141
275
347
319
227
160
115
29
0
91
207
154
150
272
318
238
133
27
0
0
0
13
32
45
35
0
0
0
0
0
0
0
4
182
165
0
0
0
0
0
0
0
66
5
0
0
79
80
170
339
460
432
305
197
52
0
0
0
21
68
64
106
245
298
206
159
185
213
217
89
0
0
84
138
108
94
70
29
0
0
0
0
0
6
189
125
0
5
142
219
211
205
138
52
112
252
284
242
229
229
192
101
3
0
61
0
0
0
12
163
301
343
298
226
169
157
91
0
0
0
1
7
137
306
335
230
108
104
198
190
47
0
0
0
0
62
87
0
0
0
0
72
140
128
163
281
303
161
1
8
171
292
284
223
158
81
0
0
0
52
172
226
214
220
283
374
0
0
0
0
0
34
0
0
0
0
0
0
0
53
0
0
0
0
0
41
0
0
132
179
150
145
72
0
15
41
17
95
143
90
82
101
101
84
71
162
306
302
144
16
0
0
0
0
32
3
0
22
0
0
0
0
0
0
0
0
0
57
0
0
0
0
0
0
0
0
0
0
0
0
0
0
0
0
0
75
11
0
0
0
0
0
0
0
0
0
27
127
207
213
158
140
156
102
16
0
0
0
26
58
0
0
0
0
0
0
0
0
0
0
0
0
0
0
0
0
0
0
0
0
0
0
0
0
0
0
0
9
43
80
61
0
0
0
0
0
0
143
165
69
26
0
0
0
0
0
0
0
0
0
0
0
0
0
0
0
0
0
0
0
0
0
0
0
0
0
44
40
23
64
61
29
60
52
0
0
0
77
181
211
136
75
178
115
124
177
127
18
2
54
18
0
5
155
176
61
0
0
0
0
0
37
57
129
211
152
0
0
22
157
165
35
0
0
0
0
0
0
0
0
0
0
0
0
0
0
0
0
0
8
49
89
78
71
115
112
42
61
213
288
201
100
47
34
343
307
218
182
130
0
0
0
0
0
0
0
0
0
0
0
0
0
0
0
0
0
0
20
121
132
149
218
243
220
232
202
49
0
0
85
228
204
63
0
0
0
0
0
0
0
0
0
0
0
0
0
0
0
0
0
22
6
0
0
24
20
331
379
327
224
188
226
223
162
133
121
75
24
0
0
0
0
0
0
0
0
0
0
0
0
0
0
0
0
0
0
0
8
5
113
302
384
328
227
146
128
148
155
165
192
216
205
151
58
0
0
0
0
0
0
0
0
0
0
0
0
0
0
0
29
126
180
203
248
265
294
369
412
451
530
595
621
594
521
476
462
424
383
305
121
0
0
0
0
0
0
0
0
0
0
0
0
0
0
0
0
0
0
0
0
0
0
0
37
96
8
0
0
136
228
258
211
124
38
0
0
0
0
0
0
0
0
0
48
53
0
0
0
7
54
111
151
181
229
308
398
455
484
508
504
476
450
371
213
115
147
162
96
24
0
0
0
0
0
0
0
0
0
0
0
0
0
0
0
0
0
0
0
0
0
0
0
153
87
0
0
0
0
0
0
0
42
37
114
130
100
79
37
0
0
0
0
0
0
0
0
0
0
0
0
0
53
181
302
283
213
240
319
375
420
458
484
513
547
560
480
259
18
0
0
9
60
46
14
1
0
0
0
0
0
0
0
0
0
0
0
0
0
0
0
0
0
0
0
0
0
0
0
0
0
0
0
0
0
0
0
0
0
0
0
0
0
0
0
0
29
66
54
0
0
0
0
12
0
11
101
126
133
245
369
385
358
381
395
341
272
241
260
306
336
343
357
367
359
324
206
42
0
21
127
193
237
275
259
198
138
0
0
0
0
0
0
0
0
0
0
0
0
0
0
0
0
28
68
27
4
0
0
84
122
0
0
0
0
0
0
0
0
0
0
0
89
199
201
123
8
0
0
0
0
48
57
28
78
172
284
351
296
239
272
283
250
253
204
41
0
3
133
92
0
0
0
0
0
0
0
0
0
0
0
0
0
0
0
0
0
0
0
0
0
0
0
0
0
0
0
12
233
216
0
0
0
0
0
0
0
0
0
0
0
0
0
0
0
0
0
0
0
0
0
0
0
0
0
0
0
0
0
0
0
305
369
291
177
199
274
251
131
0
0
0
0
0
0
0
0
0
0
0
0
0
0
0
0
0
0
0
0
0
0
58
0
0
0
0
0
0
0
0
0
0
0
42
69
12
2
29
12
0
0
0
0
0
0
0
86
41
0
0
0
39
55
0
178
299
285
260
283
293
272
238
219
243
274
284
307
332
270
125
49
72
72
56
48
4
21
158
278
287
204
42
0
0
196
301
271
270
353
417
392
356
352
296
237
269
300
284
298
302
230
195
274
428
575
573
464
490
592
479
206
53
40
0
0
0
0
126
269
173
43
6
56
181
289
311
333
383
366
266
130
4
0
72
56
0
0
11
100
315
516
637
712
653
486
448
586
684
621
455
268
204
298
343
314
352
386
305
212
225
252
210
176
220
283
336
394
344
217
179
165
66
0
0
0
0
0
51
99
157
157
37
0
0
0
0
0
0
0
8
31
8
0
0
0
0
0
0
0
0
0
0
0
156
375
394
358
336
316
306
299
224
0
0
0
0
0
0
0
0
0
0
0
16
276
420
300
96
0
0
0
0
0
0
0
0
0
0
0
237
132
4
56
135
8
0
0
0
0
0
0
0
0
33
71
75
55
0
0
69
176
150
16
0
0
0
0
0
0
0
0
0
9
158
228
92
0
0
0
9
0
0
0
0
0
0
204
329
238
104
11
0
0
0
0
0
0
24
7
0
0
0
0
0
0
98
240
236
180
126
111
113
79
24
0
0
21
46
36
43
86
204
388
525
582
542
302
0
0
0
0
0
0
0
0
23
239
455
430
276
169
117
121
132
80
4
0
0
0
0
12
42
0
0
0
0
0
0
0
56
49
65
53
17
0
0
0
0
41
163
115
92
120
115
110
95
33
0
28
45
21
13
0
0
0
141
334
432
480
302
0
0
0
0
41
30
0
0
23
219
251
45
0
0
0
0
0
0
0
0
0
0
0
75
0
0
0
0
0
0
118
175
169
218
214
79
70
48
0
0
0
0
0
0
0
0
0
0
0
0
0
0
0
0
0
0
0
0
0
74
125
35
0
0
0
82
172
69
0
0
0
0
0
0
0
0
0
0
47
18
118
310
247
6
0
31
0
0
0
0
0
37
34
40
65
81
83
0
0
0
0
0
0
0
0
0
0
0
0
0
0
0
0
0
0
0
77
37
0
0
0
17
0
1
75
86
50
33
0
0
0
0
0
0
0
81
183
212
142
37
0
0
0
23
0
0
0
0
0
0
0
0
0
16
49
161
299
340
315
109
164
159
74
13
37
105
139
147
189
249
282
281
217
113
70
88
114
178
283
348
279
92
0
0
0
189
371
342
185
28
0
0
0
0
6
6
43
117
156
183
185
80
0
0
0
0
0
0
0
0
0
234
440
371
228
123
207
447
573
563
549
111
124
150
68
14
134
276
295
275
304
346
331
302
361
391
289
229
204
104
133
323
343
118
0
0
0
80
119
0
0
0
0
1
0
0
0
34
104
164
177
182
233
291
318
351
354
205
60
111
139
113
258
444
516
542
478
314
209
199
171
103
124
115
82
27
0
0
0
0
127
239
201
106
88
119
186
249
202
99
17
0
0
43
103
22
0
21
38
16
0
0
0
0
0
0
0
0
0
23
84
184
259
221
154
213
383
498
486
386
277
249
223
150
119
85
72
186
354
401
212
0
0
0
0
0
18
96
141
127
31
0
68
133
131
96
110
145
111
91
130
101
52
54
0
0
0
63
37
11
25
14
30
83
53
0
0
0
0
0
6
0
22
53
28
4
22
51
91
85
14
0
38
55
25
0
0
0
0
0
0
96
114
11
0
0
0
0
0
0
0
0
0
0
0
0
0
0
0
0
0
0
0
0
0
0
0
0
0
19
12
0
0
0
1
228
257
43
0
0
0
0
0
0
0
0
0
0
0
0
0
0
0
0
0
0
18
66
0
0
0
0
0
0
0
0
0
0
0
163
0
0
0
0
0
0
0
0
0
0
0
0
0
0
0
0
0
0
0
0
0
0
0
35
0
0
0
0
0
0
0
11
0
0
0
0
0
0
0
0
0
0
0
0
0
0
0
0
0
55
52
0
0
0
0
0
0
0
0
0
0
460
490
340
92
0
47
201
207
89
11
0
0
0
0
0
0
0
0
0
0
0
0
0
0
0
0
0
0
0
0
0
37
55
34
0
0
0
0
0
0
0
0
0
0
0
0
0
0
0
0
0
0
0
0
0
0
0
0
0
0
0
0
0
0
26
151
181
133
97
146
235
296
330
395
477
496
483
506
530
496
352
144
48
78
89
37
0
3
83
95
33
19
81
97
49
56
58
0
0
0
0
0
0
0
0
0
0
0
0
0
0
0
0
0
0
0
0
0
0
0
0
0
0
0
0
0
0
0
0
0
0
0
0
0
0
0
0
0
0
5
69
170
295
366
299
108
0
0
0
0
12
41
40
51
67
85
72
2
0
0
0
0
0
0
0
0
0
0
0
0
0
0
0
0
0
0
0
3
0
0
0
0
0
0
0
0
219
167
135
124
116
86
34
52
67
0
0
0
0
0
0
0
0
0
0
176
221
0
0
0
0
0
0
0
0
0
42
56
0
0
0
0
0
0
0
11
87
80
15
25
99
116
42
0
32
65
27
19
107
227
292
290
256
230
204
143
66
0
