56
61
8
0
0
0
0
5
10
14
30
46
35
11
3
0
0
0
0
0
11
3
0
0
0
0
0
24
36
15
0
0
0
89
3
185
589
356
0
43
70
7
3
69
69
11
0
4
7
6
6
6
1
0
0
0
0
0
0
0
0
0
38
114
69
10
0
0
0
7
8
9
15
15
2
0
1
0
0
0
0
0
13
0
0
0
0
0
0
0
33
10
0
0
0
155
16
119
522
366
0
4
92
82
39
61
47
6
0
0
7
5
5
9
0
0
0
0
0
0
0
0
0
0
21
114
99
30
0
0
3
8
2
0
0
0
0
0
0
0
0
0
0
0
0
0
0
0
0
0
0
0
23
7
0
0
21
118
55
172
405
330
13
0
61
141
86
38
18
3
0
0
4
3
4
9
2
0
1
0
0
0
0
0
0
0
46
92
63
19
0
0
7
7
0
0
0
0
0
0
0
0
0
0
0
0
0
0
0
0
0
0
0
0
10
22
9
0
23
61
78
233
320
340
102
0
54
147
84
11
5
2
0
0
1
0
3
7
5
5
0
0
0
0
0
0
0
0
83
52
16
0
0
1
10
4
0
0
0
0
0
0
0
0
0
0
0
0
0
0
0
0
0
0
0
0
0
34
15
0
23
52
87
263
333
343
108
0
57
91
37
0
3
3
0
0
0
0
2
5
4
5
0
0
0
0
0
0
0
0
74
15
0
0
0
3
10
2
0
0
0
0
0
0
0
0
0
0
0
0
0
0
0
0
0
0
0
0
0
24
7
0
23
53
125
369
406
244
41
0
32
27
8
0
1
3
0
0
0
0
1
3
1
4
3
0
1
1
0
0
0
0
31
2
0
0
0
3
6
2
0
0
0
0
0
0
0
0
0
0
0
0
0
0
0
0
0
0
0
0
0
0
0
0
12
53
259
520
362
101
1
0
9
2
2
1
1
0
0
2
1
0
0
0
0
5
4
1
3
1
0
0
0
0
1
0
0
0
0
7
3
0
0
0
1
2
0
0
0
0
0
0
0
0
0
0
0
0
0
0
0
0
2
0
0
0
0
107
474
527
192
26
0
0
0
0
0
2
4
0
0
4
1
0
0
0
0
6
4
2
2
0
0
0
0
0
0
0
0
0
4
11
0
0
0
0
1
2
0
0
0
0
0
0
0
0
0
0
0
0
0
0
0
0
32
1
0
18
32
281
557
328
58
9
1
0
0
0
0
0
5
5
0
2
0
0
0
0
0
5
3
0
0
0
1
0
0
0
0
0
0
0
6
10
0
0
0
0
1
1
0
0
0
0
0
0
0
0
0
0
0
0
0
0
0
0
35
22
0
35
220
449
378
107
15
7
4
0
0
0
0
0
2
6
2
1
1
0
0
0
0
2
0
0
0
2
1
0
0
0
0
0
0
0
6
5
0
0
0
1
2
0
0
0
0
0
0
0
0
0
0
0
7
2
0
0
0
8
11
11
8
165
450
406
133
19
9
7
6
0
0
0
0
0
0
1
4
4
3
0
0
0
0
0
0
0
0
2
0
0
0
0
0
0
0
7
8
0
2
0
0
1
1
0
0
0
0
0
0
0
0
0
0
0
0
0
0
0
5
11
0
6
116
389
465
200
25
9
8
5
4
0
0
0
0
0
0
0
3
7
4
0
0
1
0
0
0
0
0
1
0
0
0
1
0
0
0
23
12
0
2
0
0
1
0
0
0
0
0
0
0
0
0
0
0
0
0
0
1
2
2
11
3
93
339
456
254
48
9
5
8
4
0
0
1
4
0
0
0
0
0
6
5
1
0
0
1
1
0
0
0
0
0
0
0
3
0
0
0
48
17
0
1
0
0
2
0
0
0
0
0
0
0
0
0
0
0
0
0
1
2
2
5
11
71
298
447
276
64
8
6
3
7
4
0
0
2
4
0
0
0
0
0
14
7
5
0
0
1
1
0
0
0
0
0
0
0
4
0
0
11
70
21
0
0
2
0
1
0
0
0
0
0
0
0
0
0
0
0
0
0
12
3
0
12
63
261
432
295
73
4
8
6
1
5
3
0
0
2
0
0
0
0
0
0
65
29
5
1
0
0
0
0
0
0
0
0
0
0
6
0
0
18
70
17
0
0
3
0
1
0
0
0
0
0
0
0
0
0
0
0
0
0
6
4
0
51
247
423
312
86
0
0
9
6
1
2
1
0
0
2
0
0
0
0
0
0
155
101
5
2
1
2
2
0
0
0
0
0
0
0
13
0
0
15
46
7
0
0
1
0
1
0
0
0
0
0
0
0
0
0
0
0
0
0
0
6
10
204
455
351
101
6
0
1
6
5
2
0
0
1
0
2
0
0
0
0
0
0
201
213
28
5
5
6
5
0
0
0
0
0
0
0
17
6
0
11
20
1
0
0
0
0
0
0
0
1
0
0
0
0
0
0
0
0
0
0
0
16
137
416
438
150
11
0
0
3
3
3
2
0
0
0
0
2
0
0
0
0
0
0
87
256
138
58
9
11
11
2
0
0
0
0
0
0
11
37
26
11
6
0
0
0
0
0
0
0
0
1
0
0
0
0
0
0
0
0
0
0
0
92
370
467
222
32
2
0
0
3
2
3
2
0
0
0
2
0
0
0
0
0
0
0
0
123
201
130
50
66
52
24
15
2
0
0
0
0
0
57
58
18
2
0
0
0
0
2
0
0
1
0
0
0
0
0
0
0
0
0
0
0
0
290
483
290
54
4
0
0
1
1
2
3
1
0
0
0
1
0
0
0
0
0
0
0
0
0
65
84
73
105
90
59
38
14
9
0
0
0
0
58
73
27
5
0
1
1
0
0
0
0
1
0
0
1
0
0
0
0
0
0
0
0
0
399
339
86
7
0
0
1
4
0
0
2
0
0
0
1
1
0
0
0
0
0
0
0
0
0
0
0
0
0
13
67
66
43
37
22
0
0
0
49
61
28
17
9
4
4
0
0
0
0
0
0
0
3
0
0
0
0
0
0
0
0
0
240
112
10
3
0
0
3
5
0
0
2
0
0
0
0
0
0
0
1
0
0
0
0
0
0
0
0
0
0
0
46
65
54
70
124
84
0
0
39
35
17
24
23
14
9
1
0
0
0
0
0
0
3
1
0
0
0
0
0
0
0
9
51
10
5
1
0
0
3
2
0
0
1
0
0
0
0
0
2
12
6
0
0
0
0
0
0
0
0
0
0
0
23
16
22
101
276
215
19
0
46
18
0
11
25
23
12
2
0
0
0
0
0
0
0
1
0
0
0
0
0
0
7
6
0
1
4
0
0
1
1
0
0
0
1
0
0
0
0
0
11
23
10
0
0
0
0
0
0
0
0
0
0
0
0
0
0
85
333
321
67
0
61
11
0
0
13
15
7
1
0
3
0
0
0
0
0
0
0
0
0
0
1
4
3
0
0
1
3
0
0
3
0
0
0
0
0
0
0
0
0
7
26
24
5
0
0
0
0
0
0
0
0
0
0
0
0
0
0
21
274
388
148
6
56
5
0
0
5
4
0
0
3
5
0
0
0
1
3
0
0
0
0
0
6
3
0
0
1
2
0
0
0
4
0
0
0
0
0
0
0
0
0
18
36
21
0
0
1
0
0
0
0
0
0
0
0
0
0
0
0
0
186
405
233
33
33
2
4
7
10
6
0
1
3
2
0
0
0
1
3
0
0
0
0
1
6
1
0
0
1
2
0
0
0
5
1
0
0
0
0
0
0
0
0
16
37
21
1
0
1
0
0
0
0
0
0
0
0
0
0
0
0
0
96
399
327
61
13
2
10
21
25
16
2
0
0
0
0
2
0
0
1
0
0
0
1
3
2
0
0
0
0
2
1
0
0
6
2
0
0
0
0
0
0
0
0
9
35
21
0
0
1
0
0
0
0
0
0
0
0
0
0
0
0
0
51
405
387
85
2
0
8
25
33
19
1
0
0
0
4
13
2
5
11
0
0
2
4
3
0
0
0
0
0
1
0
0
0
4
2
0
0
0
0
0
0
0
0
7
34
19
0
0
1
0
0
0
0
0
0
0
0
0
0
0
0
6
60
395
402
125
0
0
2
15
23
9
0
0
0
0
8
19
4
19
39
20
3
3
4
1
0
1
0
0
3
0
0
0
0
1
0
0
0
0
0
0
0
0
0
8
31
15
0
0
0
0
0
0
0
0
0
0
0
0
0
0
0
9
31
362
447
197
0
0
2
5
8
4
0
0
0
0
3
11
6
27
59
44
8
0
3
0
0
3
0
0
3
0
0
0
2
0
0
0
10
0
0
0
0
0
0
12
22
7
0
0
0
0
0
0
0
0
0
0
0
0
0
1
0
0
0
342
516
276
0
0
3
0
0
5
0
0
2
0
0
11
20
37
54
39
9
0
1
0
0
2
1
1
0
0
0
0
0
0
0
4
31
11
0
0
0
0
2
18
14
1
0
0
0
0
0
0
0
0
0
0
0
0
0
0
0
0
4
278
558
359
0
4
1
0
0
0
0
0
7
0
0
19
46
49
33
17
6
0
0
1
0
0
1
1
0
0
0
0
0
0
0
20
43
18
0
0
0
0
1
16
10
0
0
0
0
1
0
0
0
0
0
0
0
0
0
0
0
0
13
162
601
442
0
2
0
0
0
0
0
0
10
4
2
26
63
44
12
8
3
0
0
2
3
1
0
0
0
0
0
0
0
0
0
32
44
19
0
0
0
0
1
8
4
0
0
1
0
0
1
0
0
0
0
0
0
0
0
0
0
0
3
104
647
451
0
0
3
0
0
0
0
0
7
4
7
34
65
34
4
8
1
0
0
2
5
4
0
0
0
0
0
0
0
0
7
37
46
19
0
0
0
0
4
2
0
0
0
0
0
0
2
0
0
1
0
0
0
0
0
0
0
0
0
115
674
374
2
1
6
0
0
0
0
0
2
0
10
43
63
31
2
4
1
0
0
2
2
3
2
0
0
0
0
0
0
0
8
36
50
23
0
0
0
0
5
1
0
0
0
0
0
0
1
0
0
0
0
0
0
0
0
0
0
0
0
151
669
308
1
0
0
0
0
1
0
3
0
0
19
53
58
24
0
0
3
1
0
2
0
2
4
0
0
0
0
0
0
1
9
33
53
27
1
0
0
0
2
2
0
0
0
2
0
0
0
0
0
0
0
0
0
0
0
0
0
0
0
124
670
356
0
0
0
0
0
2
0
2
1
6
37
56
38
8
0
0
6
3
0
3
0
1
3
0
0
0
0
0
0
3
10
31
52
28
3
0
0
0
0
1
0
0
0
2
0
0
1
0
0
0
0
0
0
0
0
0
0
0
0
0
726
438
0
0
0
0
4
0
0
0
14
33
49
32
0
0
0
6
14
14
8
5
0
0
0
0
0
0
0
0
0
5
7
27
51
31
4
0
0
0
0
0
0
0
1
0
0
2
1
0
0
0
0
0
0
0
0
0
0
0
0
0
635
322
0
3
0
0
1
0
0
5
35
59
37
0
0
0
2
9
20
34
27
10
1
0
0
0
0
0
0
0
0
5
2
24
56
36
3
0
0
0
0
1
0
1
0
0
0
1
0
0
3
0
0
0
0
0
0
0
0
0
0
0
312
59
4
0
0
0
0
0
0
12
45
66
17
0
0
0
9
4
13
43
43
19
3
0
0
0
0
0
0
0
0
3
5
28
59
36
1
0
0
0
0
1
2
0
0
0
0
0
0
0
3
0
0
0
0
0
0
0
0
0
0
0
36
0
0
0
0
0
0
0
2
10
33
61
14
0
0
0
17
0
2
37
50
29
5
0
0
0
0
0
0
0
0
3
14
32
56
34
1
0
1
0
0
0
1
1
0
0
1
1
0
0
0
0
0
0
0
0
0
0
0
0
0
0
0
0
0
0
4
0
0
0
1
3
19
58
18
0
0
0
17
1
0
30
54
36
6
0
0
0
0
0
0
0
0
5
15
31
54
33
3
0
1
0
0
0
0
2
0
0
2
3
2
1
0
0
0
0
0
0
0
0
0
0
0
0
0
0
0
0
1
0
0
0
1
2
26
54
6
0
0
0
11
3
1
26
56
38
6
1
0
0
0
0
0
0
0
6
10
33
54
27
2
1
0
0
0
0
0
2
0
0
1
5
1
0
0
0
0
0
0
0
0
0
0
0
0
0
0
0
0
0
0
0
0
0
1
7
48
43
0
0
0
1
2
6
10
24
54
36
7
2
0
0
0
0
0
0
0
3
10
41
51
17
0
2
0
0
1
1
0
1
0
0
1
5
0
0
0
0
0
0
0
0
0
0
0
0
0
0
0
0
2
1
0
0
0
0
0
9
60
28
0
0
0
0
0
12
21
27
48
28
7
2
0
0
0
0
0
0
2
0
17
50
42
9
0
1
0
0
0
2
0
0
0
0
3
1
0
2
0
0
0
0
0
0
0
0
0
0
0
0
0
0
7
8
0
0
0
0
0
17
51
4
0
0
2
0
0
14
26
35
41
17
6
3
0
0
0
0
0
0
3
0
26
57
33
4
0
0
0
0
0
3
2
0
0
0
2
0
0
2
0
0
0
3
2
0
0
0
0
5
0
0
0
0
20
20
0
0
0
0
2
39
35
0
0
0
1
1
0
10
26
43
37
11
6
1
0
0
0
0
0
2
0
0
32
61
28
0
0
0
0
0
0
4
0
0
1
0
0
0
0
0
0
0
1
7
5
0
0
0
0
4
0
0
0
0
30
34
0
0
0
0
2
53
24
0
0
0
0
4
2
10
27
45
35
13
5
0
0
0
0
0
0
2
0
1
38
60
22
0
0
1
0
0
0
2
0
0
1
0
1
1
0
0
0
0
7
8
8
1
0
0
0
0
0
0
0
0
29
44
2
0
0
0
0
49
14
0
0
0
0
2
7
13
31
45
30
17
3
0
0
0
0
0
0
1
4
7
46
55
13
0
0
2
0
0
0
0
1
0
0
0
1
0
0
0
0
0
13
12
11
4
0
0
0
0
3
0
0
0
23
49
14
0
0
0
7
38
0
0
0
0
0
0
9
15
39
41
18
18
2
0
0
0
0
0
0
6
6
8
51
48
4
1
2
2
0
0
0
0
0
0
1
1
0
0
0
0
0
0
14
17
12
6
0
0
0
0
2
1
0
0
19
53
24
0
0
0
18
29
0
0
0
0
0
4
12
17
46
28
4
21
2
0
0
0
0
0
0
8
7
15
52
38
0
2
3
2
0
0
1
0
0
0
1
1
0
0
0
0
0
0
10
16
11
4
0
1
0
0
0
1
0
0
21
59
24
0
0
0
23
16
0
0
0
0
0
8
13
22
48
18
0
23
0
0
0
0
0
0
1
4
8
30
51
26
2
2
2
1
0
0
1
0
0
0
0
1
0
0
0
0
0
0
7
12
7
1
0
4
2
0
0
0
0
0
30
62
12
0
0
0
21
0
0
0
0
0
2
8
14
29
49
14
0
20
0
0
0
0
0
0
1
0
10
45
48
16
4
1
2
0
0
0
0
1
0
0
0
2
0
0
0
0
6
2
3
8
4
2
3
2
2
0
0
0
0
0
38
59
0
0
0
13
14
0
0
0
0
0
4
10
15
35
52
8
0
15
0
0
0
0
0
0
0
0
16
55
42
9
4
0
0
0
0
0
0
1
0
0
0
1
0
0
0
0
14
7
0
4
5
4
4
0
2
2
0
0
0
0
43
51
0
0
0
27
8
0
0
0
0
0
8
9
11
45
54
1
0
3
0
0
0
0
0
0
0
0
24
55
32
5
4
0
0
0
2
0
0
0
1
0
0
0
0
0
0
3
18
13
0
1
4
3
3
0
2
2
0
0
0
0
50
39
0
0
0
32
0
0
0
0
0
2
11
6
9
56
53
0
0
0
0
0
0
0
0
0
0
7
35
49
19
3
3
1
0
0
1
0
0
1
4
0
0
0
0
0
0
7
14
16
6
0
1
2
0
0
2
4
0
0
0
0
53
21
0
0
17
23
0
0
0
0
0
0
12
6
15
61
49
0
0
0
0
0
0
0
0
0
0
20
48
40
8
2
1
2
0
0
0
0
0
2
4
0
0
0
0
0
0
11
8
13
13
2
0
0
0
0
1
5
0
0
0
0
48
0
0
0
29
8
0
0
0
0
0
0
8
5
28
63
42
0
0
0
0
0
0
0
0
0
1
36
53
26
3
1
0
1
0
1
0
0
0
1
1
0
0
0
0
0
2
12
9
11
13
6
0
0
3
0
0
0
0
0
0
0
37
0
0
2
28
0
0
0
0
1
0
0
2
7
42
63
33
0
0
0
0
0
0
0
0
0
7
47
48
13
1
0
0
0
0
2
0
0
0
0
1
0
0
0
0
0
0
7
13
12
10
9
2
0
2
0
0
0
0
0
0
0
17
0
0
20
16
0
0
0
0
0
0
0
0
10
51
63
24
0
0
0
0
0
0
0
0
2
17
50
37
6
0
0
1
1
0
1
0
0
0
0
1
0
0
0
0
0
0
4
12
9
6
11
6
0
0
0
0
0
0
0
0
0
0
0
0
31
0
0
0
0
0
0
0
0
0
12
55
63
18
0
0
0
0
0
0
0
2
8
33
48
22
4
0
0
2
2
0
0
0
0
0
0
1
0
0
0
0
0
4
4
9
7
5
10
6
0
0
0
0
0
0
0
0
0
