0
1
72
103
107
109
116
121
122
122
120
102
59
17
1
1
11
26
15
0
0
0
0
10
0
0
0
4
8
11
0
0
0
0
3
0
0
0
0
0
0
0
17
25
19
11
4
0
0
0
0
0
1
0
0
3
2
0
0
0
0
3
0
0
23
76
95
92
88
89
88
81
63
35
14
8
7
4
7
43
71
36
0
0
0
10
24
40
26
0
0
0
0
0
53
119
148
167
106
18
4
0
0
0
27
47
23
4
4
4
1
0
0
0
0
0
3
5
4
3
0
1
6
7
39
30
17
14
17
19
23
26
22
14
8
6
8
9
6
4
7
54
101
64
14
0
0
0
23
63
29
0
0
0
0
0
19
0
0
20
17
0
0
29
0
0
38
42
14
1
1
2
0
0
0
0
0
2
5
2
1
3
5
6
4
2
92
104
59
15
0
0
3
3
3
5
5
2
0
1
3
4
6
35
82
84
45
18
9
0
0
0
27
20
0
4
25
30
25
15
8
19
0
0
44
80
90
85
48
15
3
2
2
3
3
0
0
0
0
0
0
0
0
2
6
5
0
0
85
70
28
6
0
1
6
6
3
3
2
0
0
0
3
3
3
11
39
57
36
19
16
0
0
0
50
73
69
64
61
57
57
58
65
93
157
183
136
128
143
95
29
3
1
1
3
4
3
1
0
0
0
0
0
0
0
0
0
0
1
1
42
11
0
0
4
5
2
0
0
0
0
2
3
1
0
1
3
4
7
14
15
11
12
8
0
7
27
42
39
22
7
6
9
9
41
157
272
220
101
77
72
31
4
1
1
0
0
0
0
0
0
0
0
0
0
0
0
0
0
0
1
2
23
0
0
0
0
1
0
0
0
0
0
2
5
4
1
1
1
0
1
8
16
12
7
0
0
0
0
0
0
0
0
0
0
0
65
234
226
91
27
20
11
4
0
0
1
0
0
0
3
3
0
0
0
0
0
0
0
0
0
0
0
2
9
1
0
0
0
3
5
2
0
0
1
2
2
2
1
0
0
0
19
26
0
0
0
0
0
0
0
0
0
17
5
14
24
69
236
289
134
24
11
10
4
0
0
0
0
4
6
6
5
3
2
1
0
0
0
0
0
0
0
0
0
0
4
2
0
0
2
5
4
1
2
4
3
2
0
0
0
0
0
1
37
9
0
0
0
0
0
0
0
0
36
67
88
88
136
305
395
226
48
7
5
7
6
2
0
0
0
0
1
0
0
0
3
3
1
0
0
0
0
0
0
0
0
0
0
0
0
0
2
0
0
0
0
0
1
1
0
1
1
0
0
2
22
21
0
0
0
0
0
0
0
35
43
36
49
79
236
423
322
91
5
1
4
8
10
7
2
0
0
0
0
0
0
0
0
2
3
0
0
0
0
0
0
0
0
0
0
0
0
0
2
0
0
1
1
1
2
1
0
0
0
0
0
4
5
91
183
98
0
0
0
0
3
18
5
0
0
99
302
302
115
13
5
3
2
3
6
9
8
5
2
0
0
0
0
0
0
0
2
1
0
0
0
0
0
0
0
0
0
0
0
0
4
4
2
3
4
3
1
1
2
1
0
2
6
7
8
85
173
107
7
0
0
0
0
0
0
0
98
307
343
152
25
9
6
5
2
0
2
9
16
14
6
0
0
0
0
0
0
0
0
1
3
3
1
0
0
0
0
0
0
0
0
0
0
1
2
1
0
1
2
1
0
0
0
2
4
4
5
29
85
98
51
27
31
32
30
27
31
115
321
402
222
50
9
5
4
4
2
0
0
2
7
11
11
8
3
0
0
1
4
2
1
3
5
6
4
1
0
0
0
3
0
0
0
0
0
0
0
0
1
2
2
1
0
0
0
1
2
3
4
5
66
130
81
33
38
38
43
49
113
302
409
256
66
8
6
5
3
2
2
1
0
0
0
1
8
0
0
0
0
0
0
0
0
0
0
0
1
2
2
3
2
0
0
0
0
0
3
2
0
0
3
3
1
0
0
0
3
5
2
1
4
6
75
148
89
32
39
38
38
91
269
404
279
77
4
2
4
3
1
0
0
0
2
0
0
0
0
0
0
0
0
0
0
0
0
0
0
0
0
0
0
0
0
0
7
19
26
18
5
0
0
0
0
0
0
0
0
1
2
1
0
1
3
7
75
152
103
30
18
15
49
219
387
294
90
9
4
3
2
3
2
0
0
0
0
0
0
0
0
0
0
0
0
0
0
0
0
0
1
0
0
0
0
0
0
0
8
32
45
26
5
1
2
1
0
0
0
0
0
3
1
0
0
3
4
5
39
103
93
10
0
0
124
315
283
93
6
4
7
6
3
2
1
0
0
0
0
0
0
0
0
0
0
0
0
0
0
0
0
0
0
0
0
0
0
0
0
0
0
8
23
12
1
1
3
4
4
2
0
0
0
1
3
4
2
1
3
4
4
56
99
27
0
89
294
298
112
11
2
1
3
3
1
0
1
1
0
0
0
0
0
0
4
20
0
0
0
0
0
0
0
0
0
0
0
0
0
5
8
3
0
0
7
4
0
0
0
0
0
1
0
2
3
1
1
2
1
0
2
6
9
83
155
81
76
268
347
178
30
4
2
2
1
0
1
2
2
2
2
2
0
0
1
2
4
46
96
0
0
0
0
0
0
0
0
0
0
0
0
0
0
0
0
0
0
0
0
0
0
0
0
0
0
1
1
0
1
2
3
3
3
6
10
77
145
137
256
375
232
56
8
3
3
5
5
4
3
1
0
1
4
5
2
0
0
0
0
48
132
140
42
0
0
0
0
0
0
0
0
0
0
0
0
0
0
0
0
0
0
0
1
2
0
0
0
0
0
1
3
4
4
4
5
8
11
37
153
353
441
287
82
7
3
1
1
4
6
4
2
1
0
0
0
0
1
1
1
2
2
27
94
138
125
96
43
0
0
0
0
0
0
0
0
0
0
0
0
0
0
0
0
0
0
0
0
0
1
1
0
0
0
2
3
3
5
6
8
16
161
387
336
104
6
1
0
0
1
1
0
0
0
0
0
0
0
0
0
0
0
0
1
8
59
124
116
77
59
0
0
0
0
0
0
0
0
0
0
0
13
0
0
0
0
0
0
0
0
0
1
2
1
0
0
0
2
4
3
1
3
14
71
121
71
12
3
1
1
3
3
0
0
0
0
0
0
0
0
0
0
0
0
3
4
3
33
101
124
77
0
0
0
0
0
0
0
0
0
0
0
0
44
50
38
19
3
0
0
0
1
2
2
2
3
5
4
1
1
2
1
1
5
12
15
10
5
3
2
1
0
1
1
0
0
0
0
0
0
0
0
0
0
0
0
1
2
2
16
75
130
109
0
0
0
0
0
0
0
0
0
0
0
13
43
45
43
42
33
17
3
0
0
3
5
3
2
2
4
6
5
3
1
2
7
10
7
2
1
3
3
0
0
0
0
0
0
0
0
0
0
0
0
0
2
8
1
0
0
4
10
44
102
90
17
38
125
135
98
77
60
15
0
0
0
28
18
5
5
10
11
8
3
0
1
1
0
1
1
1
3
3
3
3
1
1
4
5
2
0
1
2
0
0
0
0
1
2
2
0
0
0
0
0
0
0
0
1
0
0
0
2
4
13
67
50
0
0
95
111
84
49
27
19
0
0
0
25
0
0
0
0
0
0
0
3
3
0
0
1
1
0
0
0
0
0
0
1
0
0
0
0
0
0
0
0
0
0
1
1
0
0
0
0
9
12
10
4
0
0
1
2
1
1
4
8
34
73
17
0
0
0
0
0
6
19
0
0
0
37
0
0
0
0
0
0
0
0
0
0
0
0
0
0
0
0
0
0
0
1
0
0
0
0
0
0
0
1
1
0
0
0
0
0
3
10
11
13
14
9
5
3
0
0
1
2
2
3
7
124
275
170
0
0
0
0
0
0
0
1
19
41
0
0
0
0
0
0
0
0
0
0
0
0
0
0
0
0
0
4
6
5
3
2
2
2
4
5
2
1
3
2
0
1
1
2
6
7
4
2
2
3
4
3
2
1
0
0
0
1
7
78
302
412
199
9
0
0
0
0
18
9
0
29
0
0
0
0
0
0
0
0
0
0
0
0
0
0
0
0
3
5
4
3
1
1
2
2
3
3
0
0
0
1
0
0
0
0
4
5
3
4
9
12
9
3
0
0
0
0
0
3
8
16
133
358
361
119
0
0
12
15
0
0
0
23
0
0
0
0
0
0
0
0
0
0
0
0
0
0
0
0
0
0
0
0
0
1
2
3
3
1
0
0
0
0
0
0
0
2
9
9
8
6
8
16
14
3
0
0
0
0
0
1
4
12
37
217
453
372
128
37
19
0
0
0
0
18
0
8
11
8
4
1
0
0
0
0
0
0
16
37
38
17
3
3
3
2
2
0
0
1
0
0
0
1
0
0
0
0
0
3
9
10
11
8
4
6
6
3
2
1
0
0
1
0
0
6
16
89
326
503
338
81
0
0
14
0
0
0
15
16
17
16
17
14
3
0
0
4
8
13
30
47
37
15
4
2
1
1
2
1
0
0
0
0
0
0
0
0
0
0
0
0
1
4
8
12
13
8
2
0
0
0
2
1
0
1
2
3
10
23
121
357
431
195
11
6
9
0
0
0
24
16
12
12
12
11
7
4
4
6
12
20
27
22
6
0
0
0
0
0
0
3
4
0
0
0
0
0
0
0
0
0
2
1
0
3
7
10
13
10
2
0
0
0
1
0
0
1
1
2
8
15
24
131
350
382
170
19
0
0
9
0
0
4
7
10
4
0
0
6
5
0
0
4
7
4
2
2
1
0
0
0
0
0
0
3
0
0
0
0
0
0
0
0
0
1
3
3
2
4
8
8
3
1
2
0
0
1
2
2
2
3
3
4
13
41
191
405
360
127
20
29
52
12
0
1
4
0
0
0
0
7
8
2
0
7
11
9
6
0
0
0
1
2
0
0
0
0
0
0
0
0
0
0
0
0
0
0
0
0
1
2
1
1
3
3
2
3
3
2
1
1
4
4
2
4
9
22
73
259
441
329
109
61
69
38
21
8
0
0
0
0
0
1
1
1
9
21
22
12
4
0
0
1
1
0
0
0
0
0
0
0
0
0
0
0
0
0
0
0
0
1
1
0
0
0
0
0
0
0
1
2
2
2
2
0
0
2
5
10
23
97
311
458
282
58
24
104
0
0
0
0
0
0
0
0
0
8
29
38
20
0
0
0
0
0
0
0
0
0
0
0
0
0
0
0
0
3
4
3
0
0
0
0
0
0
0
0
0
0
0
0
0
0
1
2
2
2
1
0
2
7
20
37
130
358
394
155
62
120
0
0
0
0
0
0
0
0
6
33
51
30
0
0
0
0
0
0
0
1
2
1
0
0
0
0
0
0
0
1
0
0
0
0
0
0
1
1
0
0
0
2
5
4
1
0
0
0
0
3
4
4
3
6
19
34
44
145
380
508
367
102
6
9
7
5
1
0
0
1
17
37
33
0
0
0
0
0
0
0
0
0
1
2
2
0
0
2
4
0
0
0
0
0
0
0
1
0
0
0
0
1
4
5
2
1
3
3
0
0
0
0
1
2
0
0
8
29
39
49
223
468
356
35
6
4
2
2
0
0
0
0
1
0
0
0
0
0
0
0
0
0
0
0
0
0
0
0
0
0
0
0
0
0
0
2
5
2
0
0
0
3
4
3
2
2
1
0
0
0
1
1
0
0
0
0
0
0
4
21
31
38
75
123
54
0
0
0
0
0
0
0
0
0
0
0
0
0
0
0
0
0
0
0
0
0
0
0
0
0
0
0
0
0
0
0
0
2
0
0
0
0
1
3
3
0
0
0
0
0
0
0
2
5
4
1
0
0
0
0
0
8
21
30
29
22
3
11
0
0
0
0
0
0
0
0
0
0
0
0
0
0
0
0
0
0
0
0
0
0
0
0
0
0
2
3
5
9
7
3
2
1
1
2
1
0
0
0
0
0
0
0
0
0
0
1
2
1
0
0
0
0
0
2
13
26
25
17
31
70
4
6
0
0
0
0
0
0
10
16
0
0
0
1
1
0
3
4
2
2
2
3
1
0
0
0
0
4
9
12
10
11
14
9
2
1
1
0
0
1
1
0
1
2
1
1
1
0
0
0
0
0
1
4
6
2
5
22
33
28
22
28
18
20
19
16
8
0
0
0
10
15
0
0
0
3
0
0
2
8
6
2
1
2
0
0
0
0
0
5
10
7
6
13
15
7
0
0
0
0
0
0
0
0
0
0
3
3
1
1
1
0
0
0
7
8
2
0
2
11
24
31
30
21
10
13
16
14
14
17
14
9
8
0
0
0
3
3
0
0
7
15
14
4
0
0
0
0
3
1
0
0
0
0
3
12
10
1
0
0
0
0
0
0
0
2
1
1
3
1
0
0
0
0
0
0
2
9
7
4
2
5
16
23
26
22
11
20
22
13
3
2
7
19
19
0
0
0
0
1
4
4
2
7
9
1
0
0
0
0
0
0
0
0
0
0
0
7
7
2
1
2
0
0
0
1
2
2
3
3
0
0
0
0
0
0
0
0
0
4
10
11
8
7
13
20
20
14
16
32
40
32
13
0
0
7
13
0
0
0
0
0
2
2
0
3
5
3
2
0
0
0
0
0
0
4
4
1
2
5
4
0
0
0
0
0
0
0
0
0
0
0
0
0
2
1
0
0
0
0
0
1
4
8
10
8
10
21
26
19
0
6
15
18
20
19
12
9
6
1
3
2
0
0
0
0
1
1
0
1
3
0
0
0
0
4
0
0
0
0
8
10
4
0
0
0
0
1
1
0
0
0
0
0
0
0
0
0
0
0
0
2
4
7
8
8
6
2
4
16
28
31
0
0
6
12
12
12
13
9
0
0
0
0
0
0
0
0
0
3
0
0
0
0
0
0
0
0
0
0
0
3
8
9
1
0
1
2
2
1
0
0
1
2
2
3
3
0
0
0
0
0
0
0
3
6
11
15
15
11
9
15
28
42
1
0
6
11
6
1
7
8
0
0
0
0
3
6
7
9
15
15
2
0
0
0
0
0
0
0
0
8
12
12
13
10
2
0
2
4
4
3
3
4
1
0
0
1
2
1
0
0
0
0
0
0
0
0
0
7
16
18
14
13
20
37
0
0
4
8
5
2
6
7
0
0
0
0
1
4
10
13
16
10
0
0
0
0
0
0
0
0
1
0
0
7
14
8
2
2
1
0
0
1
3
3
1
0
0
0
0
0
0
0
0
8
8
4
1
0
0
0
4
9
6
1
4
15
0
3
2
0
0
7
15
6
0
0
0
0
0
2
1
4
8
6
3
1
0
0
0
0
0
0
0
0
0
4
11
4
0
2
2
1
0
0
0
0
2
3
1
1
2
0
0
0
1
7
7
4
0
0
0
0
0
3
5
1
0
6
0
6
0
0
0
13
19
7
0
0
0
0
0
0
0
3
7
6
0
0
0
0
0
3
8
6
3
0
0
7
12
6
2
1
0
0
1
1
0
0
0
0
0
0
0
0
0
0
0
4
3
0
0
0
1
0
0
1
7
8
4
4
8
7
0
0
0
5
8
0
0
0
0
0
0
0
1
3
8
6
0
0
0
0
0
2
6
9
7
2
4
11
10
3
0
0
0
0
0
0
1
1
0
1
1
0
0
0
0
0
0
5
5
0
0
0
0
0
0
0
2
5
5
3
7
5
0
0
0
3
8
0
0
1
2
5
10
9
3
7
14
11
8
0
0
0
0
0
0
0
1
7
16
17
8
1
0
0
0
0
0
0
0
0
0
0
1
2
0
0
0
0
0
1
7
9
6
3
1
0
0
0
0
1
2
3
6
3
0
0
4
12
1
0
0
1
1
0
0
0
1
6
9
5
5
4
0
0
0
0
0
0
0
1
13
17
7
0
0
0
0
0
0
0
0
0
0
1
0
0
0
0
0
1
0
0
0
6
5
4
2
0
0
0
0
1
1
0
13
1
0
0
7
9
0
0
0
0
3
0
0
0
3
9
7
5
8
9
5
0
0
0
0
0
0
2
16
16
6
2
1
0
0
0
0
0
0
2
0
0
0
0
0
0
0
5
6
1
0
2
4
2
2
5
5
3
1
0
2
3
12
0
0
0
3
0
0
0
0
2
6
8
4
0
6
15
12
10
11
7
3
4
4
2
2
1
3
14
21
12
3
1
0
0
0
0
0
1
3
3
1
0
0
0
0
0
0
0
0
1
1
2
4
4
5
7
8
4
0
0
0
3
11
0
0
8
14
0
0
0
0
0
0
0
0
0
6
11
5
0
0
0
0
0
3
0
0
5
13
19
18
9
3
1
0
0
0
0
1
2
1
0
1
1
0
0
0
1
5
1
0
0
0
0
0
3
2
0
0
0
0
0
0
0
11
0
0
10
10
0
0
1
2
0
0
0
0
0
0
3
0
0
0
0
0
0
0
0
0
0
11
18
11
2
0
0
1
3
4
3
1
0
0
0
0
0
0
0
0
4
10
12
10
5
0
0
2
4
1
0
0
0
0
2
0
0
3
0
0
1
0
0
0
0
1
5
5
2
1
4
7
7
4
1
0
0
0
0
0
0
0
0
11
18
8
0
0
0
0
0
0
0
0
0
0
0
0
0
0
0
0
1
4
6
5
5
7
6
2
0
1
2
2
1
0
0
0
0
