-42
1
72
103
107
109
116
121
122
122
120
102
59
17
1
1
11
26
15
-11
-13
-9
-4
10
-16
-50
-25
4
8
11
-7
-76
-114
-47
3
-69
-141
-110
-99
-131
-102
-29
17
25
19
11
4
-2
-3
-2
-2
0
1
-1
0
3
2
-1
-2
-2
0
3
-12
-20
23
76
95
92
88
89
88
81
63
35
14
8
7
4
7
43
71
36
-1
-7
-4
10
24
40
26
-44
-93
-104
-105
-51
53
119
148
167
106
18
4
-16
-62
-38
27
47
23
4
4
4
1
-1
-3
-3
-2
-1
3
5
4
3
0
1
6
7
39
30
17
14
17
19
23
26
22
14
8
6
8
9
6
4
7
54
101
64
14
-4
-13
-8
23
63
29
-71
-127
-129
-106
-35
19
-26
-53
20
17
-48
-5
29
-7
-3
38
42
14
1
1
2
0
-3
-4
-5
-4
2
5
2
1
3
5
6
4
2
92
104
59
15
-1
-1
3
3
3
5
5
2
0
1
3
4
6
35
82
84
45
18
9
-11
-26
-1
27
20
0
4
25
30
25
15
8
19
-2
-12
44
80
90
85
48
15
3
2
2
3
3
0
-3
-5
-5
-3
-3
-3
-1
2
6
5
0
-1
85
70
28
6
-1
1
6
6
3
3
2
-1
-2
0
3
3
3
11
39
57
36
19
16
-6
-26
0
50
73
69
64
61
57
57
58
65
93
157
183
136
128
143
95
29
3
1
1
3
4
3
1
0
-1
-4
-7
-6
-2
0
0
0
0
1
1
42
11
-1
0
4
5
2
0
0
-1
-1
2
3
1
0
1
3
4
7
14
15
11
12
8
0
7
27
42
39
22
7
6
9
9
41
157
272
220
101
77
72
31
4
1
1
-1
-3
-4
-3
-1
-1
-3
-5
-6
-5
-4
-3
-1
-1
-1
1
2
23
-2
-3
-3
-2
1
0
-2
-3
-5
-3
2
5
4
1
1
1
0
1
8
16
12
7
-15
-56
-75
-70
-42
-17
-29
-49
-35
-26
-37
65
234
226
91
27
20
11
4
0
-1
1
0
-2
0
3
3
0
-4
-6
-5
-4
-3
-1
-1
-3
-3
-1
2
9
1
0
-2
-2
3
5
2
0
0
1
2
2
2
1
0
-1
-2
19
26
-18
-54
-66
-81
-95
-98
-85
-46
0
17
5
14
24
69
236
289
134
24
11
10
4
0
-1
-2
0
4
6
6
5
3
2
1
0
0
0
0
-2
-5
-4
-2
-3
-4
4
2
-1
-1
2
5
4
1
2
4
3
2
0
-1
0
-1
-1
1
37
9
-177
-318
-319
-251
-162
-112
-63
-1
36
67
88
88
136
305
395
226
48
7
5
7
6
2
0
-2
-5
-3
1
0
-2
0
3
3
1
-1
-3
-6
-9
-8
-5
-4
-5
-7
-1
0
-1
0
2
0
-2
-2
-3
-2
1
1
0
1
1
-2
-3
2
22
21
-88
-228
-256
-198
-126
-74
-19
35
43
36
49
79
236
423
322
91
5
1
4
8
10
7
2
0
-2
-6
-6
-3
-1
0
0
2
3
0
-4
-7
-8
-8
-9
-10
-8
-5
-3
-3
-2
0
2
-1
-2
1
1
1
2
1
0
-1
-3
-4
-1
4
5
91
183
98
-3
-20
-26
-18
3
18
5
-23
-24
99
302
302
115
13
5
3
2
3
6
9
8
5
2
-3
-6
-4
-1
-1
-2
0
2
1
-2
-5
-5
-4
-5
-8
-10
-9
-2
-5
-8
-3
4
4
2
3
4
3
1
1
2
1
0
2
6
7
8
85
173
107
7
-17
-20
-18
-17
-17
-15
-6
98
307
343
152
25
9
6
5
2
0
2
9
16
14
6
0
-3
-3
-2
-1
-1
-3
-2
1
3
3
1
-1
-3
-5
-7
-7
-3
-15
-26
-15
-2
1
2
1
0
1
2
1
0
0
0
2
4
4
5
29
85
98
51
27
31
32
30
27
31
115
321
402
222
50
9
5
4
4
2
-1
-1
2
7
11
11
8
3
-2
-3
1
4
2
1
3
5
6
4
1
-1
-2
0
3
-9
-29
-38
-20
-3
0
-1
-1
1
2
2
1
0
-1
-1
1
2
3
4
5
66
130
81
33
38
38
43
49
113
302
409
256
66
8
6
5
3
2
2
1
0
-2
-4
1
8
-5
-24
-18
-7
-5
-2
0
-1
-3
-4
-2
1
2
2
3
2
0
-10
-22
-21
-6
3
2
-1
0
3
3
1
0
-1
-1
3
5
2
1
4
6
75
148
89
32
39
38
38
91
269
404
279
77
4
2
4
3
1
-1
-2
0
2
0
-3
-4
-4
-46
-110
-91
-29
-9
-9
-6
-4
-4
-4
-3
-1
-1
-1
-3
-15
-22
7
19
26
18
5
0
0
-1
-2
-1
0
0
0
1
2
1
0
1
3
7
75
152
103
30
18
15
49
219
387
294
90
9
4
3
2
3
2
-1
-1
0
0
0
-1
-3
-9
-65
-163
-161
-61
-9
-8
-7
-4
0
1
-3
-6
-6
-10
-20
-28
-25
8
32
45
26
5
1
2
1
-1
-3
-4
-4
-1
3
1
-2
0
3
4
5
39
103
93
10
-30
-10
124
315
283
93
6
4
7
6
3
2
1
-1
-1
-1
-2
-2
-3
-4
-5
-29
-118
-187
-129
-46
-21
-15
-10
-7
-5
-4
-5
-7
-10
-12
-8
-5
-22
8
23
12
1
1
3
4
4
2
-1
-2
-1
1
3
4
2
1
3
4
4
56
99
27
-28
89
294
298
112
11
2
1
3
3
1
0
1
1
-2
-2
0
-1
-1
0
4
20
-14
-171
-300
-230
-92
-41
-37
-29
-20
-10
-2
-2
-1
5
8
3
-47
-12
7
4
-1
-2
-2
-2
0
1
0
2
3
1
1
2
1
0
2
6
9
83
155
81
76
268
347
178
30
4
2
2
1
0
1
2
2
2
2
2
0
-1
1
2
4
46
96
-6
-233
-373
-376
-314
-222
-134
-80
-51
-38
-33
-25
-18
-26
-77
-43
-26
-6
0
0
0
0
0
0
0
0
1
1
0
1
2
3
3
3
6
10
77
145
137
256
375
232
56
8
3
3
5
5
4
3
1
0
1
4
5
2
0
0
-1
-1
48
132
140
42
-139
-318
-403
-433
-444
-425
-396
-374
-351
-338
-345
-364
-392
-18
-19
-15
-9
-4
-1
1
2
0
-1
0
-1
-1
1
3
4
4
4
5
8
11
37
153
353
441
287
82
7
3
1
1
4
6
4
2
1
-1
-1
-1
-1
1
1
1
2
2
27
94
138
125
96
43
-79
-285
-487
-575
-568
-533
-499
-462
-419
-377
-314
-5
-25
-40
-33
-17
-8
-4
-2
-3
-2
1
1
0
-1
-1
2
3
3
5
6
8
16
161
387
336
104
6
1
-1
-1
1
1
0
0
0
-1
-3
-4
-6
-11
-12
-6
-1
0
1
8
59
124
116
77
59
-23
-185
-292
-324
-353
-378
-368
-270
-120
-33
-5
13
-3
-25
-36
-31
-16
-5
-1
0
0
1
2
1
0
-1
-1
2
4
3
1
3
14
71
121
71
12
3
1
1
3
3
0
-2
-2
-3
-3
-2
-5
-12
-21
-24
-14
-2
3
4
3
33
101
124
77
-23
-173
-253
-213
-187
-230
-286
-297
-212
-79
-11
-11
44
50
38
19
3
-1
0
0
1
2
2
2
3
5
4
1
1
2
1
1
5
12
15
10
5
3
2
1
0
1
1
0
-1
-2
-1
-3
-13
-26
-32
-26
-13
-3
0
1
2
2
16
75
130
109
-17
-147
-120
-56
-67
-78
-76
-105
-149
-119
-33
13
43
45
43
42
33
17
3
-3
-2
3
5
3
2
2
4
6
5
3
1
2
7
10
7
2
1
3
3
0
-2
-1
-1
-2
-1
0
-6
-20
-31
-33
-28
-15
2
8
1
-4
-1
4
10
44
102
90
17
38
125
135
98
77
60
15
-64
-86
-24
28
18
5
5
10
11
8
3
0
1
1
0
1
1
1
3
3
3
3
1
1
4
5
2
0
1
2
0
-2
-1
0
1
2
2
-1
-14
-24
-17
-8
-6
-4
0
1
0
-1
-1
2
4
13
67
50
-50
-8
95
111
84
49
27
19
-26
-75
-35
25
-31
-44
-40
-29
-16
-6
0
3
3
0
-1
1
1
-1
-3
-5
-7
-7
-3
1
0
-3
-3
-2
-3
-4
-3
-1
-1
-1
1
1
-1
-6
-9
-1
9
12
10
4
-1
-1
1
2
1
1
4
8
34
73
17
-109
-142
-92
-47
-18
6
19
-26
-73
-25
37
-45
-52
-50
-41
-25
-10
-2
-3
-8
-10
-10
-8
-4
-3
-5
-6
-7
-7
-3
1
0
-2
-1
0
-1
-2
-1
1
1
0
0
-1
-1
-1
3
10
11
13
14
9
5
3
0
-1
1
2
2
3
7
124
275
170
-33
-76
-38
-13
-11
-11
-7
1
19
41
-12
-19
-26
-33
-37
-41
-47
-55
-65
-73
-72
-59
-48
-39
-21
-6
0
4
6
5
3
2
2
2
4
5
2
1
3
2
0
1
1
2
6
7
4
2
2
3
4
3
2
1
-1
-2
-1
1
7
78
302
412
199
9
-16
-16
-17
-4
18
9
-4
29
-20
-26
-30
-39
-55
-71
-80
-80
-77
-75
-74
-77
-80
-73
-49
-16
3
5
4
3
1
1
2
2
3
3
0
-2
0
1
-3
-7
-7
-2
4
5
3
4
9
12
9
3
0
0
0
-1
-1
3
8
16
133
358
361
119
-20
-15
12
15
-33
-86
-61
23
-25
-25
-22
-23
-32
-36
-31
-26
-19
-12
-15
-25
-28
-25
-21
-10
0
0
-3
-4
-2
1
2
3
3
1
-1
-2
-2
-5
-16
-24
-14
2
9
9
8
6
8
16
14
3
-2
-2
-2
-1
0
1
4
12
37
217
453
372
128
37
19
-26
-61
-70
-46
18
0
8
11
8
4
1
-1
-3
-2
-1
-4
-1
16
37
38
17
3
3
3
2
2
0
-1
1
0
-2
0
1
-5
-19
-34
-32
-13
3
9
10
11
8
4
6
6
3
2
1
-2
-2
1
0
0
6
16
89
326
503
338
81
-23
-24
14
-26
-72
-11
15
16
17
16
17
14
3
-4
-1
4
8
13
30
47
37
15
4
2
1
1
2
1
-1
-3
-4
-4
-5
-11
-24
-36
-31
-14
-5
-2
1
4
8
12
13
8
2
-1
-2
0
2
1
0
1
2
3
10
23
121
357
431
195
11
6
9
-58
-85
-20
24
16
12
12
12
11
7
4
4
6
12
20
27
22
6
-2
-3
-4
-5
-6
-3
3
4
0
-3
-10
-24
-37
-41
-33
-16
-2
2
1
0
3
7
10
13
10
2
-2
-2
-1
1
0
-1
1
1
2
8
15
24
131
350
382
170
19
-5
-6
9
-1
-1
4
7
10
4
-4
-1
6
5
0
-1
4
7
4
2
2
1
-1
-1
0
-1
-2
0
3
-1
-16
-31
-35
-28
-15
-7
-5
-2
1
3
3
2
4
8
8
3
1
2
0
-1
1
2
2
2
3
3
4
13
41
191
405
360
127
20
29
52
12
-8
1
4
-1
-9
-8
0
7
8
2
0
7
11
9
6
0
-3
-1
1
2
0
-3
-2
0
-5
-14
-16
-12
-11
-10
-8
-10
-10
-5
-1
0
1
2
1
1
3
3
2
3
3
2
1
1
4
4
2
4
9
22
73
259
441
329
109
61
69
38
21
8
-6
-16
-12
-3
0
1
1
1
9
21
22
12
4
0
-1
1
1
0
0
0
0
-3
-9
-11
-10
-10
-9
-7
-5
-5
-5
-3
-1
1
1
0
-2
-4
-2
-1
-3
-2
1
2
2
2
2
0
-1
2
5
10
23
97
311
458
282
58
24
104
-17
-23
-23
-16
-5
-2
-4
-6
-5
8
29
38
20
-6
-16
-13
-8
-5
-3
-1
0
-1
-3
-6
-11
-14
-13
-9
-2
3
4
3
0
-2
-1
0
-1
-2
-2
-3
-5
-5
-2
-2
-4
-2
1
2
2
2
1
0
2
7
20
37
130
358
394
155
62
120
-30
-17
-6
-1
0
-1
-3
-4
6
33
51
30
-17
-51
-58
-52
-42
-26
-8
1
2
1
-2
-5
-8
-10
-7
-3
-1
1
-1
-7
-9
-5
-2
-1
1
1
0
0
0
2
5
4
1
0
-1
-2
0
3
4
4
3
6
19
34
44
145
380
508
367
102
6
9
7
5
1
-4
-5
1
17
37
33
-6
-44
-54
-50
-49
-50
-40
-19
-4
1
2
2
-1
-3
2
4
-1
-4
-5
-8
-10
-6
0
1
0
0
0
0
1
4
5
2
1
3
3
0
-2
-1
0
1
2
-4
-7
8
29
39
49
223
468
356
35
6
4
2
2
-2
-7
-5
0
1
-2
-11
-23
-25
-17
-7
-6
-17
-25
-21
-11
-5
-3
-2
-6
-11
-9
-6
-6
-8
-11
-7
2
5
2
-1
-2
0
3
4
3
2
2
1
0
0
0
1
1
-1
-1
-1
-5
-10
-9
4
21
31
38
75
123
54
-60
-7
-12
-10
-7
-5
-3
-2
-6
-21
-35
-34
-23
-10
-5
-3
0
-4
-13
-16
-9
-3
-2
-3
-6
-11
-13
-7
-1
-4
-7
-2
2
0
-2
-1
0
1
3
3
0
-3
-3
-2
-3
-3
-1
2
5
4
1
-1
-5
-7
-4
0
8
21
30
29
22
3
11
-12
-12
-8
-7
-6
-3
-3
-7
-13
-16
-16
-14
-7
-1
-3
-5
-4
-6
-6
-2
0
0
-1
-3
-5
-3
2
3
5
9
7
3
2
1
1
2
1
-1
-2
-1
-1
-2
-1
-1
-2
-1
0
1
2
1
-1
-3
-3
-1
0
2
13
26
25
17
31
70
4
6
-1
-8
-10
-8
-5
-2
10
16
0
-11
-6
1
1
-1
3
4
2
2
2
3
1
-7
-11
-6
0
4
9
12
10
11
14
9
2
1
1
-2
-2
1
1
0
1
2
1
1
1
-2
-4
-2
0
0
1
4
6
2
5
22
33
28
22
28
18
20
19
16
8
-2
-7
-5
10
15
-5
-14
-4
3
-2
-6
2
8
6
2
1
2
0
-4
-5
-4
-2
5
10
7
6
13
15
7
0
-2
-1
-1
-3
-3
-1
-1
-2
0
3
3
1
1
1
-3
-5
0
7
8
2
-1
2
11
24
31
30
21
10
13
16
14
14
17
14
9
8
0
-10
-6
3
3
-3
-2
7
15
14
4
-3
-4
-4
-1
3
1
-4
-6
-4
-2
3
12
10
1
-1
-1
-2
-1
-1
-2
0
2
1
1
3
1
-4
-4
-2
-6
-11
-8
2
9
7
4
2
5
16
23
26
22
11
20
22
13
3
2
7
19
19
-6
-17
-6
0
1
4
4
2
7
9
1
-4
-3
-4
-8
-7
-2
0
0
-1
-3
0
7
7
2
1
2
0
-2
-1
1
2
2
3
3
0
-2
-1
-2
-8
-14
-13
-7
-2
4
10
11
8
7
13
20
20
14
16
32
40
32
13
-6
-10
7
13
-4
-9
-4
-5
-3
2
2
0
3
5
3
2
-1
-10
-17
-12
-4
0
4
4
1
2
5
4
0
-2
-2
-2
-1
0
0
-2
-4
-3
-2
-2
-1
2
1
-7
-11
-7
-3
-1
1
4
8
10
8
10
21
26
19
-2
6
15
18
20
19
12
9
6
1
3
2
-7
-12
-8
-2
1
1
-1
1
3
-5
-17
-16
-2
4
-2
-8
-8
-1
8
10
4
-1
-3
-3
-1
1
1
-2
-3
-2
-3
-4
-3
-1
-1
-5
-10
-8
-1
2
4
7
8
8
6
2
4
16
28
31
-5
-4
6
12
12
12
13
9
-2
-6
-5
-7
-6
-6
-7
-5
-1
3
0
-3
-3
-10
-16
-12
-7
-4
-3
-3
0
3
8
9
1
-2
1
2
2
1
0
0
1
2
2
3
3
0
-3
-7
-12
-13
-9
-2
3
6
11
15
15
11
9
15
28
42
1
-1
6
11
6
1
7
8
-7
-10
-4
-2
3
6
7
9
15
15
2
-6
-6
-8
-8
-5
-8
-9
-1
8
12
12
13
10
2
-1
2
4
4
3
3
4
1
-2
-1
1
2
1
-2
-6
-5
-1
-2
-3
-2
-2
0
7
16
18
14
13
20
37
-5
-3
4
8
5
2
6
7
-1
-6
-4
0
1
4
10
13
16
10
-4
-7
-4
-5
-5
-3
-2
-1
1
0
-1
7
14
8
2
2
1
0
0
1
3
3
1
0
-1
-3
-4
-2
-4
-9
-2
8
8
4
1
-2
-5
-3
4
9
6
1
4
15
-3
3
2
-3
-2
7
15
6
-5
-4
-2
-2
0
2
1
4
8
6
3
1
-4
-10
-10
-6
-3
-2
-1
-2
-4
4
11
4
0
2
2
1
-1
-1
-1
-1
2
3
1
1
2
-1
-7
-7
1
7
7
4
-1
-5
-3
0
0
3
5
1
0
6
0
6
-2
-11
-4
13
19
7
-4
-5
-3
-3
-4
-4
-2
3
7
6
0
-6
-10
-12
-7
3
8
6
3
-1
-2
7
12
6
2
1
0
0
1
1
-2
-3
-1
0
0
0
0
-5
-12
-10
-2
4
3
-2
-4
-2
1
0
-2
1
7
8
4
4
8
7
-3
-11
-7
5
8
0
-4
-7
-8
-6
-4
0
1
3
8
6
-4
-13
-14
-9
-3
2
6
9
7
2
4
11
10
3
0
0
-2
-4
-2
0
1
1
0
1
1
-1
-4
-11
-16
-11
-2
5
5
0
-1
0
0
0
0
0
2
5
5
3
7
5
-8
-14
-8
3
8
0
-3
1
2
5
10
9
3
7
14
11
8
-1
-11
-7
-2
-4
-4
-1
1
7
16
17
8
1
0
0
0
0
0
0
-1
-2
-1
0
1
2
-3
-12
-12
-5
-2
1
7
9
6
3
1
0
0
0
0
1
2
3
6
3
-11
-12
4
12
1
-8
-5
1
1
-2
-1
0
1
6
9
5
5
4
-4
-5
0
0
-2
-3
-4
1
13
17
7
-1
-3
-3
-1
0
-1
-2
-3
-3
0
1
0
-2
-10
-15
-7
1
-2
-6
0
6
5
4
2
-2
-4
-2
0
1
1
0
13
1
-13
-9
7
9
-7
-12
-6
0
3
0
-2
-2
3
9
7
5
8
9
5
0
-2
0
0
-5
-7
2
16
16
6
2
1
0
0
0
-1
-2
0
2
0
-2
-2
-5
-10
-9
-2
5
6
1
-1
2
4
2
2
5
5
3
1
0
2
3
12
-5
-17
-8
3
-2
-12
-9
-2
2
6
8
4
-1
6
15
12
10
11
7
3
4
4
2
2
1
3
14
21
12
3
1
0
-1
-2
-1
0
1
3
3
1
-1
-3
-5
-5
-1
0
-4
-3
1
1
2
4
4
5
7
8
4
-2
-3
0
3
11
-6
-9
8
14
-2
-11
-5
-3
-5
-4
-2
-4
-3
6
11
5
0
0
-1
-3
-1
3
0
-2
5
13
19
18
9
3
1
0
0
0
0
1
2
1
0
1
1
-4
-10
-8
1
5
1
-1
0
-2
-3
0
3
2
-1
-3
-5
-5
-4
-5
-5
11
-8
-6
10
10
-5
-6
1
2
0
-2
-2
-3
-4
-1
3
0
-4
-4
-7
-9
-8
-10
-11
-7
0
11
18
11
2
0
0
1
3
4
3
1
0
0
-1
-3
-3
-6
-12
-7
4
10
12
10
5
0
-1
2
4
1
-3
-5
-4
0
2
0
-6
3
-15
-10
1
-4
-11
-7
-3
1
5
5
2
1
4
7
7
4
1
-1
-2
-2
-6
-10
-6
-2
0
11
18
8
0
0
0
0
0
0
-1
-2
-1
-1
-2
-1
-3
-10
-11
-4
1
4
6
5
5
7
6
2
0
1
2
2
1
-2
-4
-8
-37
