112
115
120
136
147
148
154
164
156
120
79
60
59
67
84
100
98
84
80
89
94
90
87
87
89
91
83
71
82
108
116
110
106
108
112
107
99
96
94
99
107
109
105
101
100
102
108
106
91
76
65
56
54
57
62
69
81
103
129
138
133
126
89
101
118
145
161
156
155
169
176
151
106
74
68
74
84
101
112
104
89
83
83
83
86
90
94
94
85
70
73
100
124
123
113
114
122
123
116
110
104
102
106
106
97
91
93
96
101
97
76
54
45
44
48
54
60
72
91
112
128
134
130
119
55
66
81
114
149
150
135
138
153
158
141
119
107
99
86
86
99
104
94
83
81
81
79
83
89
87
79
71
72
92
118
121
110
107
112
114
110
105
103
100
97
94
87
82
85
89
90
87
76
58
50
53
51
44
45
60
86
105
114
122
124
119
41
43
47
69
104
118
110
106
118
135
142
147
151
137
107
87
91
96
88
83
86
85
77
73
72
69
66
70
78
91
103
105
107
110
104
93
84
85
93
93
88
83
80
77
78
80
85
99
112
101
86
85
67
39
31
46
72
93
104
111
112
112
55
48
47
52
70
88
95
101
115
119
116
127
148
160
146
127
126
122
102
89
90
89
83
74
63
57
60
69
80
85
83
88
108
127
121
96
74
72
84
89
86
82
78
78
79
79
94
130
162
149
117
101
74
38
29
44
68
89
100
104
106
109
86
75
71
71
76
84
91
106
119
111
95
95
114
142
152
154
172
174
146
118
105
105
107
97
78
65
67
76
81
77
72
77
98
125
137
122
97
86
93
99
96
90
86
85
86
91
114
154
183
166
120
90
66
40
34
48
72
87
90
94
102
111
111
102
95
93
95
93
93
99
101
90
84
87
96
111
117
133
173
199
191
162
135
129
134
125
102
85
87
95
94
86
79
79
86
104
126
132
122
112
107
105
99
93
93
94
97
114
142
168
184
174
129
87
66
52
46
56
74
82
79
81
92
105
120
109
102
98
96
97
99
96
84
75
81
89
92
92
87
98
135
176
195
182
155
141
139
127
104
90
94
105
111
109
101
91
84
87
100
110
112
108
97
89
86
86
91
97
110
136
164
180
189
183
142
94
75
70
69
75
81
83
82
81
83
86
109
99
96
93
88
94
106
103
87
81
85
88
89
86
79
77
94
126
149
153
145
145
151
142
117
96
89
97
111
120
117
104
87
79
80
82
81
79
74
70
75
82
85
92
109
132
155
172
177
167
131
93
81
85
88
91
94
96
96
92
80
71
104
94
88
87
87
98
112
107
93
90
92
91
89
84
76
74
84
98
109
115
121
142
170
178
164
141
118
108
109
112
115
112
96
79
75
74
70
67
63
64
73
82
85
88
94
104
120
138
142
130
109
91
86
88
89
90
93
97
100
93
76
63
142
124
105
99
106
117
125
115
99
95
99
97
88
80
79
93
117
128
127
124
123
135
157
169
169
163
150
139
124
108
111
123
110
87
83
91
95
91
82
79
83
89
95
94
90
93
104
117
119
111
103
98
92
89
91
90
86
91
103
98
76
63
186
170
147
137
143
152
152
142
123
106
97
91
82
80
100
134
162
171
168
159
149
145
145
142
138
137
136
140
136
116
113
131
129
103
97
117
133
132
124
116
110
112
116
110
102
105
118
123
120
115
112
110
103
97
100
102
99
106
124
125
106
89
174
167
157
150
153
158
162
161
140
105
80
74
72
84
120
159
175
175
168
156
151
154
156
154
150
144
137
139
144
129
113
124
133
114
106
129
151
155
154
147
132
124
127
123
112
114
127
132
130
130
128
123
113
106
112
120
121
125
134
136
128
121
129
126
121
118
116
121
133
140
120
82
58
56
63
77
106
135
145
138
124
112
113
124
136
145
152
156
156
158
163
151
126
116
119
112
106
123
151
164
164
158
142
128
127
130
125
120
126
136
145
154
154
143
125
115
122
134
140
139
130
122
122
123
100
97
93
89
86
86
93
98
84
59
47
49
59
72
85
98
104
96
82
75
77
85
93
101
108
117
128
144
165
173
159
136
120
110
100
107
137
163
170
168
159
148
142
144
143
136
135
147
163
172
170
155
136
129
131
140
153
154
139
128
132
131
85
85
91
90
82
76
75
75
70
60
53
56
71
85
89
91
93
87
76
71
73
76
77
77
80
84
89
105
136
166
176
167
151
131
109
100
114
138
158
164
156
147
140
139
141
142
143
153
166
167
156
143
136
135
136
139
147
149
139
135
145
146
88
96
108
104
87
78
80
81
80
77
74
78
90
97
92
92
102
104
94
83
80
81
80
78
79
80
78
83
107
136
156
168
171
161
144
124
109
114
129
129
113
100
97
99
105
114
118
125
136
134
123
118
119
120
120
120
119
120
118
120
131
130
111
128
133
116
95
87
91
93
91
92
98
106
105
95
87
93
108
112
104
95
85
82
83
83
82
81
80
83
95
108
118
130
146
159
164
157
141
133
127
106
84
77
76
76
78
83
88
91
95
96
95
95
97
97
96
93
94
98
101
108
116
107
120
135
135
116
104
101
100
102
106
112
121
128
121
107
102
112
117
106
101
108
104
97
99
102
101
101
101
103
101
90
82
85
99
118
135
151
161
166
155
125
114
124
125
113
99
92
92
89
83
83
88
91
89
89
87
85
90
96
95
100
109
99
126
121
114
112
115
116
113
117
127
136
138
134
126
120
119
126
122
101
98
123
134
124
120
126
131
132
128
124
113
88
69
67
73
79
89
107
128
149
150
132
145
180
189
172
150
137
133
125
107
93
98
109
112
107
96
91
95
101
99
97
99
96
148
129
107
111
123
123
118
117
121
129
130
123
120
121
120
121
119
103
102
133
152
145
137
139
136
128
120
118
117
100
81
76
76
72
71
74
83
101
107
101
125
169
188
183
174
171
173
171
151
124
123
146
159
153
137
119
104
102
108
108
107
103
136
131
112
112
122
120
108
99
97
102
107
112
118
122
121
120
119
113
113
133
154
160
157
152
133
107
95
102
114
109
91
85
88
86
76
67
67
77
82
77
86
111
131
137
142
152
164
174
167
146
146
171
189
192
187
166
132
115
123
132
134
131
93
104
108
108
107
105
97
92
94
94
96
107
118
121
122
121
120
119
118
124
143
160
167
167
149
114
94
105
118
112
93
83
88
88
76
66
71
84
88
79
71
72
81
88
95
106
116
126
128
123
129
149
167
179
184
171
143
127
140
155
157
154
75
82
95
101
95
87
86
91
96
93
88
95
108
115
116
115
113
112
109
107
114
130
146
162
160
127
100
105
116
108
91
81
80
78
69
64
71
88
97
89
74
69
71
74
78
83
88
91
89
90
100
115
126
136
137
128
116
115
130
148
153
149
82
79
85
98
98
85
81
86
87
82
77
80
93
103
104
102
98
92
87
81
79
85
101
125
134
110
83
82
90
87
81
79
78
75
70
66
66
78
91
89
83
85
85
81
80
85
94
96
87
84
93
103
112
117
112
101
94
95
101
113
122
122
87
84
85
97
101
90
82
83
81
75
71
73
83
92
94
91
84
76
69
64
60
59
66
84
93
77
59
58
64
69
74
81
83
80
78
75
67
68
78
84
88
97
101
94
82
84
99
103
90
78
79
88
99
108
110
110
106
98
88
86
93
102
89
91
89
89
91
87
81
81
83
79
76
78
82
87
92
88
80
75
73
69
65
62
64
73
77
67
58
61
70
79
84
87
88
86
87
88
80
72
75
84
91
100
109
102
82
80
97
100
81
61
56
63
70
84
105
130
142
126
94
77
84
100
91
92
90
85
83
83
81
82
85
86
86
87
89
93
94
91
89
88
89
90
88
84
84
87
88
85
80
85
98
106
106
102
97
96
101
104
101
95
93
98
106
113
115
106
90
88
102
103
82
59
51
54
58
70
97
137
166
153
110
80
83
96
90
90
93
94
94
94
94
92
91
93
94
94
99
102
98
96
96
98
101
105
103
92
86
87
91
93
93
98
110
118
120
114
102
102
109
112
114
115
111
110
118
120
113
106
102
102
108
109
96
80
68
65
70
77
91
120
149
148
121
97
88
88
97
95
101
110
119
120
117
116
113
112
110
111
115
116
109
102
99
102
109
113
105
88
78
81
88
92
92
94
101
111
120
115
103
103
111
114
114
114
108
104
105
103
96
97
101
105
111
113
109
103
93
86
89
94
97
103
113
122
122
115
102
91
107
101
101
114
131
135
132
132
131
128
126
128
132
130
122
113
109
114
124
129
124
111
104
106
112
113
111
108
107
114
125
124
117
118
128
130
124
117
111
106
100
94
91
95
99
103
114
119
117
118
114
106
110
118
115
104
104
117
128
128
119
111
98
91
82
91
110
124
129
129
126
119
116
120
124
123
118
114
114
122
134
141
139
133
129
129
131
131
131
127
121
122
128
132
131
131
139
143
138
135
138
138
130
121
119
125
124
117
121
128
128
130
131
128
132
139
135
118
111
131
154
153
140
136
73
69
59
63
85
110
125
127
121
113
106
102
103
104
104
104
103
109
120
121
114
107
105
105
105
107
112
113
115
115
115
122
124
113
112
118
119
129
147
158
160
156
153
157
150
131
129
137
136
135
140
144
146
147
143
121
99
116
157
175
162
152
52
51
48
56
82
108
121
125
125
124
117
101
89
91
99
100
95
93
94
89
79
73
72
73
74
76
79
88
104
112
110
121
125
100
82
83
87
94
111
130
145
151
148
143
133
119
121
131
133
131
134
143
150
149
141
118
86
82
114
152
166
159
60
53
54
64
85
100
103
104
110
120
120
97
71
70
87
101
103
94
82
74
72
70
68
70
73
72
67
75
98
114
117
133
139
109
82
80
78
74
77
89
103
113
114
110
103
99
101
108
116
118
117
126
140
142
135
125
104
80
76
99
134
153
105
90
85
89
96
97
94
92
95
104
108
88
58
49
65
94
112
102
81
74
79
80
74
74
82
80
69
69
84
98
106
119
124
103
87
89
90
81
72
69
72
79
87
96
103
101
94
95
102
107
110
114
122
124
124
127
124
105
84
79
98
134
148
137
130
131
131
127
125
123
120
121
124
114
91
74
78
103
121
111
89
79
80
80
77
80
87
82
71
69
74
80
81
82
82
76
74
87
101
95
74
62
59
61
69
90
116
123
112
105
111
119
123
123
122
124
126
131
137
136
126
115
114
135
142
142
145
148
149
149
149
148
145
145
149
150
143
133
129
135
140
131
113
100
93
89
92
101
106
93
81
80
81
79
71
64
62
61
63
79
98
91
67
53
53
55
57
73
104
126
121
110
118
134
141
143
141
138
139
146
154
160
160
156
157
162
109
112
125
129
128
129
127
124
126
130
133
134
138
144
144
141
140
138
130
122
119
115
113
123
126
112
101
99
95
91
85
77
74
72
68
74
84
75
57
49
53
54
51
54
73
93
94
87
99
122
134
139
141
140
143
149
152
151
151
153
159
164
89
84
101
112
111
108
103
100
104
112
106
92
96
112
117
113
111
118
125
125
123
120
116
117
119
115
110
107
102
98
97
96
95
91
84
79
74
62
54
53
56
55
52
51
55
60
62
63
73
92
108
115
119
129
143
145
132
120
117
120
124
129
82
65
79
99
105
105
105
105
107
113
100
77
77
96
106
99
90
102
131
140
127
116
108
102
104
109
106
105
107
101
98
106
107
103
102
93
75
61
60
64
64
60
57
55
53
50
51
56
61
71
90
102
105
117
134
134
118
104
100
99
94
91
84
62
64
82
94
100
107
112
112
111
103
87
83
98
110
103
89
99
138
166
162
144
129
117
112
114
114
114
120
110
100
109
114
113
117
108
87
73
74
81
86
82
72
64
61
57
56
58
60
68
86
100
103
106
109
108
110
112
106
98
89
83
100
81
68
75
88
94
94
97
100
103
105
103
96
99
107
104
96
98
118
149
167
165
156
146
129
122
125
128
128
113
98
102
108
111
112
108
100
97
95
101
116
117
101
93
94
93
88
83
79
82
95
105
112
115
105
99
116
135
133
123
118
115
108
98
81
81
92
93
83
78
83
91
100
104
100
95
96
97
98
99
99
107
119
130
138
138
125
115
117
120
114
101
93
94
95
96
95
94
103
118
116
112
126
132
122
120
130
135
130
122
110
106
112
118
128
136
125
114
129
151
157
153
151
151
96
95
89
87
93
93
82
74
79
87
90
94
93
89
88
91
95
99
100
93
88
91
102
110
108
103
98
96
94
90
91
93
91
91
91
88
93
111
112
100
106
113
107
107
120
129
127
122
112
105
110
115
123
129
122
111
113
127
140
148
149
150
92
93
92
91
91
89
84
80
83
88
89
88
86
84
86
90
91
95
99
96
88
84
89
98
104
101
90
81
82
85
85
87
89
92
96
92
85
86
86
83
89
90
82
80
86
91
91
89
86
84
89
96
98
95
89
84
84
92
105
118
126
126
105
105
101
99
97
95
91
87
87
91
93
90
88
89
90
90
88
90
96
97
92
90
97
105
107
103
92
82
82
84
79
76
81
84
88
91
86
76
73
80
90
89
84
82
81
80
79
76
73
73
79
84
82
74
68
67
76
93
109
116
116
110
122
124
124
121
116
111
105
99
98
99
99
96
98
103
103
97
91
90
94
99
101
109
123
127
119
110
103
97
93
91
84
77
75
73
76
83
82
76
73
80
90
94
94
95
96
95
87
79
74
72
75
77
76
73
66
63
76
106
130
131
116
102
141
147
154
152
138
128
128
127
122
118
113
112
118
126
126
112
97
92
95
105
113
124
141
143
131
124
124
121
112
106
103
90
76
71
76
81
79
77
76
79
87
95
97
98
102
102
90
75
71
71
70
70
73
73
68
64
71
93
112
114
102
91
163
167
171
167
150
140
148
158
157
148
138
138
149
156
154
138
117
105
109
122
120
116
128
133
128
128
133
134
128
123
120
104
84
76
82
86
87
84
81
84
95
102
100
98
101
99
87
73
69
73
79
84
87
87
84
82
82
83
85
85
83
81
161
160
156
150
142
135
140
157
168
161
149
153
167
174
173
166
155
143
143
146
126
104
115
134
139
140
141
141
140
136
129
116
101
95
96
104
113
110
101
105
120
123
113
110
117
116
103
91
87
95
113
125
127
126
123
120
111
99
91
89
87
87
134
130
126
125
127
125
122
130
143
143
136
139
151
162
168
173
175
172
168
161
136
111
119
146
162
166
163
160
157
151
144
136
129
126
128
140
156
153
144
148
157
150
134
135
150
153
143
133
130
137
154
163
158
152
155
156
143
126
117
114
112
109
118
116
118
119
120
121
116
114
122
127
123
121
125
133
142
149
152
151
146
140
131
116
111
126
144
153
157
160
156
149
147
148
141
137
140
154
169
169
166
176
181
161
141
146
162
169
166
161
157
159
165
162
146
134
142
156
156
148
139
134
138
133
115
116
118
119
118
115
110
107
115
125
123
115
110
113
120
123
123
119
110
104
108
105
95
94
103
112
120
126
129
129
131
136
134
127
123
133
152
156
147
155
168
154
135
138
151
154
153
149
143
146
149
136
115
101
106
121
132
135
133
131
135
129
116
114
112
112
115
110
100
100
112
120
117
107
100
104
113
119
122
119
108
98
95
93
90
89
95
104
104
103
114
123
122
125
134
134
124
129
154
158
129
116
132
138
131
136
149
148
137
132
129
131
134
122
106
96
87
85
91
96
98
100
100
97
125
119
112
111
118
116
105
104
114
115
104
95
94
98
104
114
124
125
120
113
99
85
84
94
107
118
112
98
106
118
114
116
131
139
129
130
152
153
117
90
100
115
115
123
143
147
138
134
132
131
129
121
112
105
89
71
69
73
70
68
70
75
123
117
113
115
121
124
119
115
117
111
98
93
96
95
92
99
111
112
113
114
100
79
75
92
109
119
112
92
95
108
104
104
112
115
107
104
113
114
95
79
89
101
95
95
113
126
128
129
129
127
124
121
116
108
94
75
69
74
74
73
80
87
103
100
99
104
111
116
116
115
113
105
98
99
102
97
91
94
103
104
104
107
100
82
74
87
105
113
107
90
93
107
110
108
99
89
85
83
84
86
83
81
93
103
92
80
87
99
105
109
113
112
110
114
120
119
109
87
73
81
97
110
123
125
94
94
90
93
101
100
95
101
109
104
96
99
104
102
100
102
105
107
105
102
97
86
75
79
95
108
110
101
100
109
116
112
94
82
84
88
88
89
90
91
96
102
94
80
80
89
91
95
103
102
93
100
123
137
130
104
84
91
113
132
145
143
91
100
100
100
101
91
78
86
107
110
98
95
100
99
97
99
98
97
95
88
81
76
73
75
82
95
108
107
103
105
106
100
86
80
85
90
92
92
92
92
94
95
89
80
79
85
87
90
95
91
82
86
111
131
128
113
102
104
113
122
127
125
79
95
110
114
106
90
73
75
100
117
108
95
93
90
88
88
87
84
82
78
72
69
72
77
82
92
104
108
103
101
102
97
90
87
87
88
90
90
85
81
84
86
85
83
80
80
83
83
80
76
72
75
89
101
102
101
104
107
108
110
106
101
73
80
99
113
112
96
75
68
87
113
111
93
92
100
104
105
102
97
92
88
83
77
76
82
92
101
110
117
116
116
121
120
115
111
106
103
102
97
86
77
75
76
82
84
81
80
80
75
68
65
66
68
71
74
79
85
91
97
103
103
94
86
