-27218
-16519
-13393
-24895
-17164
-32768
-17056
-15299
-11750
-20455
-6571
-12398
5123
-24002
-19343
-14209
6714
-21990
-22837
-32768
-9524
-27008
-23550
-11492
-32768
-28141
-18381
5971
-11707
-28617
-32353
-5950
-2370
-23047
-14236
-14298
-5026
-15763
-24280
-19653
-32410
-18977
-21432
-2791
-20605
-32768
-499
-15507
-32768
-32768
-21720
-10571
-31474
-8888
7428
-19844
-16519
-32768
-11314
-31937
-3939
-27100
-30096
-11195
3116
-287
-9407
-6667
-31714
-32768
-32768
-10761
-21029
-26117
-9093
-32768
-32768
-18985
-25126
-32768
-21613
4398
-32768
-25461
-26520
-32768
-14510
-28635
-23113
-31573
-10325
-27125
-32768
-12416
-8891
-25379
-32768
-12176
-1580
-20826
-23627
-30121
-19033
-29625
-27018
-32768
-32768
-23722
-32768
-18938
-32207
1782
-32768
-30485
-28959
-32768
-32768
-18805
-5155
-9183
-18233
2432
-32156
-17416
1202
-17570
-24539
-28102
-11588
-32603
-2627
-9322
-17965
-32768
-32768
-6864
-8673
-11069
-32768
-22938
-17591
-15002
-32768
-32768
385
-17895
-19867
-7644
-3494
-12348
-17576
-21061
-18899
-32768
-9442
-22533
-24876
-32768
-12633
-17095
-10911
-14691
-16628
-9760
-32768
-32768
-31753
-31122
-24617
-23089
-19757
-20923
-26951
-32768
-9245
-14850
-15644
4782
16174
-8543
-32768
-262
-12688
-32768
-27995
-32768
-9373
-32768
-11366
-16907
-22157
-21354
-25424
-17885
-28766
-32227
-9571
-25104
-16910
17281
-15762
-27999
-8462
-16119
-3362
-1428
-11416
-3610
-8499
-16056
-25974
-4461
3352
-17101
-27634
-10838
-16188
-3094
-25233
-13412
-29965
-32768
-26778
-9968
-32768
-32768
-10118
6608
-31126
-11004
-18894
-32768
-14712
-9485
-10655
-6886
-24609
-32768
-27219
-18037
-14313
-32768
-11864
-3924
-30717
-28732
-32768
-15531
-21115
-14541
-11568
-13431
-19497
5161
-26355
-32324
-9703
4741
-13551
-32203
-32768
-15820
-17296
-8631
-32768
-9591
-15589
-32768
-25894
-10492
-32768
-26825
-7950
-12680
-26989
-32768
-26244
-32768
-9747
-25870
-20160
-19047
-25128
-5088
-21279
-17851
-558
3353
5617
3619
-24277
-22523
-14715
-32768
-4134
-11411
-13660
-32768
-20697
-13725
-28155
-28401
-18570
-14843
-32768
-25988
-560
-22471
-30871
-25817
-9506
-14791
-32768
-32768
-32768
-32768
-23235
-32768
-18353
-7966
-15550
-32768
-21270
-32768
-16154
-19998
919
-19615
-12916
-26546
-29981
21244
-8793
-6873
2973
-20011
5869
-6799
-11572
-32768
-32687
-18069
-26512
-15736
-32768
-18519
-4002
-15374
-24179
-15236
-23379
-32768
-29267
-32768
-13184
-5004
-12863
-6051
-32768
-12143
-19892
-30907
-22217
-32768
-32768
-29202
-18709
-15970
-32768
-3333
-29045
5500
-11520
6052
-20419
-26834
-16693
-5839
-23411
-26459
-19809
-22816
-5496
-28074
-32768
-11626
-32768
-7613
-31770
-15455
18506
-30628
-30675
-23397
-16383
-20456
-32768
-14970
-11254
1914
-18020
-15836
-20406
-21596
3443
-7856
9385
-32768
-7376
-7105
-7210
-4900
-7539
-16627
-32768
-236
-32768
-32768
-32768
-32768
-13640
-32768
-32768
-2066
-5854
-32240
-22302
-32768
-833
-3459
-18059
-30716
-8164
-7897
4792
-1941
-11631
-17503
-31712
9403
-4316
-32768
-32028
-13805
-23846
-2121
-11722
-19992
-28433
-10566
-9763
-32768
-19538
-6238
-2236
-32768
-32768
-13325
-1098
-16833
-30177
-24936
-18991
-18704
-12673
-9313
1694
-22059
-18300
-10271
11743
-32768
-23336
-32768
-23227
-9452
-27404
-19301
-25007
-26910
-2917
-27538
-32768
-28039
-24534
-21884
-32553
-12284
-8449
-4142
-32768
-30236
-6030
-27901
-8791
-32472
-15476
-30121
-26160
-32768
-32768
-24926
-30083
-20747
-32768
-9943
-7678
-32768
-12078
-32768
4643
-15114
-24811
-15282
1459
5314
-28062
-32768
-32768
-22776
-23065
-17184
-22270
2721
-27359
-26307
-32768
-19442
-31998
-19084
-28921
-7926
-15453
-8763
-4113
-28734
-1728
-11786
-32768
-22559
425
-11138
-32768
-14025
-26870
-26922
-32768
-32768
-24297
-29115
-27422
-14150
-24858
-25639
-6171
-4748
-17621
-19881
-32768
-25757
-15147
5999
-1616
-24192
-25580
-30373
-32768
-29112
-25692
-32768
-26085
10061
-31146
-9655
-26692
-32768
-32768
-17484
562
-8011
-20011
-16628
-16150
-32768
-19432
9387
-5099
-29680
-27933
-32768
-18971
2342
-8331
-4097
-21606
-32768
-25559
-28319
-27507
-3085
-12007
-25429
-24933
-32768
-32305
-22994
-18975
5252
-8150
-32768
-29488
-14062
-8320
338
-28897
-26803
-385
-32768
-14337
-9359
-20772
-11746
-32768
-16686
10722
5132
-13496
-31660
-32768
4807
-22026
-30687
-32768
-9716
-29697
-32392
-20186
-3682
-21992
-32768
-32768
-8305
-11982
-23294
-1158
-32768
-29512
-32768
-23858
-18743
-27986
3408
-13402
-32768
-31372
-17133
-10922
-25886
-11084
-13593
-32768
-32768
-10244
-2615
-17167
-29374
-32768
-10903
-5393
-22617
-27179
-3791
-4049
-32768
-14121
-9480
-19551
6881
-29840
4778
-29979
-31120
-28959
-32768
-22601
-27557
-19139
-32768
-24886
-16000
-17508
-32768
-29074
-9394
-11321
-31734
876
-21084
-19183
-32768
-2144
-8746
-14914
-32768
-29945
-2550
-17515
-12835
-10950
-8829
9183
-11643
-8409
-22899
-6511
-9361
-13132
-20845
-32768
-16016
-32768
-27996
-32768
-7587
-17163
-18441
-25508
-11281
-29268
-15809
-11754
-15384
-32768
-30944
-32768
-32706
-13119
992
-7753
-32768
-20913
-32768
-5013
-2917
8234
-26953
-11312
-27822
-22850
-23860
-32768
-29230
-880
-12893
-8113
-26801
-32768
-17826
-20315
-30941
-32768
-9433
-11316
-11721
-14468
-24716
-31099
-28639
-20818
-17588
-32105
-32768
-25880
-27999
-11141
-26442
-32768
-8307
-11927
2779
-26521
-29465
-10119
-26164
-32189
-6171
-20725
-32768
-29051
-30077
-32768
-28456
-17449
-32768
-10448
-17289
-14930
-9086
-30949
-32768
-17374
-15432
-21585
3117
-21996
12847
-20219
3020
-13646
-12141
-30664
-23959
-6538
-32768
-32255
-9040
-21913
-32768
-27730
-32768
-32768
-32768
-16363
-31225
-28001
-21765
-32768
-26314
-8790
-31812
-21718
-2936
-13074
-1965
-3576
-6321
-17332
-10679
-1984
-22316
-24258
-17918
617
-32768
-32768
-21102
-12170
-32768
-13818
-32768
-21021
-17150
-21748
-32768
-31454
-1448
-6370
-12617
-3553
-6512
-26028
-9094
-9035
-9704
-2622
-13914
-9781
-32768
-3926
-16396
-18203
-6006
-319
-254
-32291
-32768
-20321
-32438
-21833
4652
-1672
-836
-28331
-32768
-18412
-3304
-19189
-32768
-27071
53
-25264
-16264
-13954
-2555
9020
3527
-17490
-27349
-32768
-12729
