16848
9623
0
16857
21246
1806
2320
32767
20054
0
22732
32767
16250
8797
24910
9171
13917
20671
0
0
4331
2864
10729
22225
31358
0
4468
15961
23987
7140
23566
6435
5118
6130
28077
24910
17233
2286
28586
8529
0
5573
8136
8690
9555
10073
14459
0
0
253
0
17659
9120
9325
12317
12864
0
0
11497
0
0
0
0
0
0
5217
13090
0
0
0
6952
0
0
708
0
7168
0
11124
23803
32767
18983
10488
13328
0
895
8651
0
3432
394
16024
24493
24546
31665
30847
1244
0
0
6961
11151
6334
0
0
0
0
0
0
0
0
6215
20369
16396
15437
3622
0
0
4319
10246
14225
22136
12799
0
12029
10620
5108
16849
14427
0
0
15047
1467
13983
25770
32767
2604
6206
18074
0
0
0
0
771
0
0
20683
10444
0
11555
24176
0
0
0
0
10537
0
0
5824
0
0
0
27029
669
5259
30297
28621
16791
28717
32767
13271
1713
25547
32767
31092
20566
0
11881
32767
17859
0
9820
7203
18782
4925
20528
17015
26312
32767
26503
1653
0
9696
19903
7300
0
2632
0
0
2870
7810
0
0
5106
17006
9260
24999
16082
3202
22551
13288
7877
32767
15967
479
0
26882
9659
6099
25220
26707
8342
0
0
0
20602
32767
28568
8503
0
0
0
0
0
0
24627
19629
0
6603
3382
17472
26942
16779
24446
32767
22311
6541
18915
0
0
14850
5751
25003
0
0
0
0
9153
31978
22343
13416
0
0
4937
14416
8598
29649
32767
21011
0
0
3556
15220
19715
22773
2335
0
3034
11943
13710
2355
13626
24930
18240
18640
7465
17096
593
0
10443
32767
25906
6863
0
0
10062
1054
6341
12425
0
0
0
0
0
0
9945
15954
12959
18104
30940
28316
1135
6857
12657
8281
0
0
15844
10440
0
0
27787
32767
7217
0
7775
333
0
0
17605
24482
25448
0
15200
0
0
0
566
12943
15022
10439
1735
0
8719
25597
6521
11053
14278
24039
9241
4301
3595
16859
32767
0
0
12726
23823
25633
13303
5755
6946
27120
0
0
11893
0
0
0
0
24004
17143
0
0
6037
32767
0
13046
12906
7145
14747
0
0
0
19557
6053
1412
0
3997
27709
8850
0
0
29196
7110
13577
16416
11822
20007
0
0
31222
29750
7585
0
0
9131
8841
11097
32767
8005
0
18148
0
0
9388
12764
11719
0
0
17865
32767
25990
0
10566
16290
20309
16407
0
0
0
0
32482
17684
22788
9454
0
0
0
10404
32767
28636
19746
15558
27684
2819
3767
23942
10448
17448
0
0
0
0
6949
0
0
10325
23397
20825
14988
0
1926
7975
0
0
13220
2883
1905
0
2649
26118
17529
3797
7819
0
0
0
0
24425
29614
6912
0
24581
20765
12992
12170
0
0
32767
32767
18631
12413
9320
20108
20146
3130
13842
3665
0
0
0
6659
24521
17598
12155
24970
7531
0
0
310
32767
30115
0
0
14897
6208
15279
0
0
1717
5702
8706
0
1461
1119
23962
8449
0
30621
9598
0
0
2596
6063
19034
2922
12807
32767
13188
0
0
11200
18343
10298
16862
23576
21636
0
13811
8241
10213
6657
0
24507
2293
0
0
0
0
30622
32767
7292
0
0
0
11861
3770
0
31195
16579
6371
16656
5576
0
0
2748
27702
27227
0
0
9336
9685
18507
1862
18739
21989
16454
19082
14646
0
0
10517
20815
18117
9169
4375
21500
25599
3782
12073
23654
13068
14984
17668
16285
0
0
6310
12646
0
0
4748
15857
20012
0
0
21756
24373
9091
11510
15415
13510
12658
19152
11094
7449
0
0
15435
9706
0
1171
16281
22529
5072
26219
28356
16448
12956
10909
11631
3532
0
5747
12440
3444
0
8141
6825
5497
2244
0
0
0
0
5553
0
0
0
533
0
0
0
19701
20506
0
0
0
3230
3949
7376
19125
6786
0
3213
31587
26289
1451
0
27094
7045
0
0
0
0
10032
19447
0
0
2651
0
0
8218
0
7663
0
0
0
0
10452
0
0
6709
11412
9360
6820
7002
0
13188
0
0
19965
29538
20582
17323
18066
0
24970
30416
14629
7618
0
0
0
0
373
9792
9432
13185
31177
32767
0
0
12762
23490
17990
14157
29499
14060
22099
26776
12737
12638
26648
8147
0
15114
16514
4186
21627
29409
20622
11796
15520
0
11954
22160
482
0
0
20406
32767
6194
0
0
0
0
0
0
10739
30047
22442
3816
0
0
11621
9634
5861
15010
32767
15360
3259
28991
21456
11484
12182
16067
32767
0
0
20610
25945
30526
24271
0
3565
0
8825
4575
0
1259
6789
0
0
21985
25311
24639
22247
10697
10027
24316
26150
14760
20537
16331
0
0
0
26820
8156
0
6999
8849
13345
32767
14722
19397
26888
7706
19014
0
0
32510
5034
4465
23814
13874
0
0
0
0
7404
0
0
22285
17743
0
0
0
2045
15843
0
0
0
0
0
9217
8831
17273
0
4509
0
0
23498
5031
0
0
0
0
0
7024
13618
32767
23285
13984
28894
26077
26493
21883
8255
0
15387
9985
11617
21913
18998
3857
21879
22853
0
0
7801
0
0
0
9333
0
10195
10430
0
9301
29317
