16848
9623
-7980
16857
21246
1806
2320
32767
20054
-3932
22732
32767
16250
8797
24910
9171
13917
20671
-2662
-10865
4331
2864
10729
22225
31358
-6059
4468
15961
23987
7140
23566
6435
5118
6130
28077
24910
17233
2286
28586
8529
-22338
5573
8136
8690
9555
10073
14459
-15594
-3433
253
-959
17659
9120
9325
12317
12864
-20864
-18406
11497
-2560
-11173
-392
-2324
-16384
-24454
5217
13090
-1374
-14206
-7744
6952
-15639
-1474
708
-11586
7168
-2416
11124
23803
32767
18983
10488
13328
-2025
895
8651
-9267
3432
394
16024
24493
24546
31665
30847
1244
-23651
-15721
6961
11151
6334
-1255
-2009
-1718
-2070
-3303
-16004
-13059
-8747
6215
20369
16396
15437
3622
-9362
-24991
4319
10246
14225
22136
12799
-7326
12029
10620
5108
16849
14427
-25623
-6664
15047
1467
13983
25770
32767
2604
6206
18074
-9947
-20997
-5183
-7202
771
-4516
-1281
20683
10444
-4919
11555
24176
-5306
-11830
-532
-1615
10537
-7608
-9311
5824
-1252
-8600
-3362
27029
669
5259
30297
28621
16791
28717
32767
13271
1713
25547
32767
31092
20566
-9558
11881
32767
17859
-2000
9820
7203
18782
4925
20528
17015
26312
32767
26503
1653
-10628
9696
19903
7300
-11154
2632
-16726
-31534
2870
7810
-11724
-13279
5106
17006
9260
24999
16082
3202
22551
13288
7877
32767
15967
479
-14899
26882
9659
6099
25220
26707
8342
-7290
-6259
-1235
20602
32767
28568
8503
-7780
-9822
-1968
-695
-11316
-2877
24627
19629
-2459
6603
3382
17472
26942
16779
24446
32767
22311
6541
18915
-2342
-13418
14850
5751
25003
-8398
-27683
-20115
-21752
9153
31978
22343
13416
-8372
-19814
4937
14416
8598
29649
32767
21011
-8067
-15449
3556
15220
19715
22773
2335
-10131
3034
11943
13710
2355
13626
24930
18240
18640
7465
17096
593
-13351
10443
32767
25906
6863
-10895
-4346
10062
1054
6341
12425
-291
-10091
-32768
-20045
-13875
-10969
9945
15954
12959
18104
30940
28316
1135
6857
12657
8281
-469
-7200
15844
10440
-15409
-7798
27787
32767
7217
-12399
7775
333
-32768
-8945
17605
24482
25448
-22
15200
-3463
-9032
-12311
566
12943
15022
10439
1735
-6974
8719
25597
6521
11053
14278
24039
9241
4301
3595
16859
32767
-3840
-11149
12726
23823
25633
13303
5755
6946
27120
-12871
-388
11893
-1341
-11384
-19090
-5184
24004
17143
-14292
-30254
6037
32767
-27
13046
12906
7145
14747
-2090
-16485
-1217
19557
6053
1412
-210
3997
27709
8850
-110
-4643
29196
7110
13577
16416
11822
20007
-659
-4846
31222
29750
7585
-15142
-17135
9131
8841
11097
32767
8005
-1550
18148
-8503
-22385
9388
12764
11719
-12130
-20629
17865
32767
25990
-5524
10566
16290
20309
16407
-7116
-1453
-8814
-2900
32482
17684
22788
9454
-11080
-11437
-2654
10404
32767
28636
19746
15558
27684
2819
3767
23942
10448
17448
-13235
-32768
-11099
-3600
6949
-5445
-9215
10325
23397
20825
14988
-7756
1926
7975
-14480
-10457
13220
2883
1905
-22503
2649
26118
17529
3797
7819
-1936
-1551
-11196
-2484
24425
29614
6912
-27702
24581
20765
12992
12170
-18869
-939
32767
32767
18631
12413
9320
20108
20146
3130
13842
3665
-11597
-21314
-24457
6659
24521
17598
12155
24970
7531
-11429
-19319
310
32767
30115
-4462
-8819
14897
6208
15279
-6702
-15413
1717
5702
8706
-3704
1461
1119
23962
8449
-488
30621
9598
-20947
-20564
2596
6063
19034
2922
12807
32767
13188
-15134
-14478
11200
18343
10298
16862
23576
21636
-7544
13811
8241
10213
6657
-1125
24507
2293
-14051
-6515
-4015
-10556
30622
32767
7292
-16099
-28878
-11008
11861
3770
-8301
31195
16579
6371
16656
5576
-8477
-6507
2748
27702
27227
-7087
-5402
9336
9685
18507
1862
18739
21989
16454
19082
14646
-2465
-8489
10517
20815
18117
9169
4375
21500
25599
3782
12073
23654
13068
14984
17668
16285
-14520
-9045
6310
12646
-3057
-19883
4748
15857
20012
-360
-4656
21756
24373
9091
11510
15415
13510
12658
19152
11094
7449
-15112
-14853
15435
9706
-4613
1171
16281
22529
5072
26219
28356
16448
12956
10909
11631
3532
-10034
5747
12440
3444
-13393
8141
6825
5497
2244
-1782
-2786
-695
-2535
5553
-8681
-7799
-18453
533
-2976
-20617
-8045
19701
20506
-1872
-15895
-6988
3230
3949
7376
19125
6786
-22900
3213
31587
26289
1451
-2352
27094
7045
-3285
-8000
-221
-2824
10032
19447
-6533
-6578
2651
-17585
-5755
8218
-16366
7663
-3864
-18181
-32768
-8137
10452
-20605
-16251
6709
11412
9360
6820
7002
-4651
13188
-5880
-8951
19965
29538
20582
17323
18066
-5656
24970
30416
14629
7618
-72
-8868
-12266
-9437
373
9792
9432
13185
31177
32767
-5948
-188
12762
23490
17990
14157
29499
14060
22099
26776
12737
12638
26648
8147
-7202
15114
16514
4186
21627
29409
20622
11796
15520
-923
11954
22160
482
-4936
-4127
20406
32767
6194
-20973
-14392
-13987
-15556
-19960
-8536
10739
30047
22442
3816
-1679
-3583
11621
9634
5861
15010
32767
15360
3259
28991
21456
11484
12182
16067
32767
-3128
-9165
20610
25945
30526
24271
-9521
3565
-845
8825
4575
-13468
1259
6789
-7556
-1880
21985
25311
24639
22247
10697
10027
24316
26150
14760
20537
16331
-4474
-10434
-9653
26820
8156
-5170
6999
8849
13345
32767
14722
19397
26888
7706
19014
-3520
-901
32510
5034
4465
23814
13874
-9873
-4572
-1347
-5037
7404
-11638
-13723
22285
17743
-1350
-21212
-21837
2045
15843
-8141
-10964
-8326
-21946
-3817
9217
8831
17273
-3537
4509
-16918
-17863
23498
5031
-23538
-3550
-8719
-20157
-6597
7024
13618
32767
23285
13984
28894
26077
26493
21883
8255
-1967
15387
9985
11617
21913
18998
3857
21879
22853
-4936
-3608
7801
-107
-14120
-4387
9333
-2434
10195
10430
-12022
9301
29317
