32767
13857
32767
32767
32767
32767
32767
32767
28694
32767
32767
16080
32767
32767
32767
25132
32767
32767
32767
32767
32767
18032
32767
32767
22452
27496
32767
21098
30264
32767
32767
21864
32767
32767
32767
27908
32767
32767
32767
20732
32767
32767
25257
32767
32767
32767
32767
32767
32767
32767
32767
26988
24316
32767
25393
27877
32767
32767
32767
32767
32767
32767
25612
32767
32767
32767
32767
32767
32767
32767
32767
32767
32767
32767
32767
32767
32767
32767
32767
23819
932
32767
26148
32767
32767
25680
28240
32767
32767
32767
32767
32767
23066
26006
27538
32767
32767
32767
32767
25567
32767
32667
32767
32767
32767
32767
32767
32767
32767
32767
20139
32767
32767
32767
32767
32767
18133
32767
32767
32767
32767
32767
32767
32767
31154
19416
32767
32767
26236
17646
32767
32767
16702
16284
32767
18471
20267
32767
32767
32767
32767
32767
32767
32767
24990
18406
32767
32767
31367
32767
32767
32767
32767
32767
32767
32767
13921
32767
32767
28810
32767
32767
32767
9056
32767
32767
0
20997
32767
32767
32767
32767
24948
29216
32767
27252
9289
32767
32767
32767
15041
32767
32767
21024
32767
30623
0
19551
32767
32767
32767
32767
32767
32767
32767
32767
32767
24085
32767
32767
32767
32767
31411
32767
32767
32767
32767
32767
32767
24144
32767
29996
32767
32767
23615
32767
25037
26026
29103
26324
32767
32767
32767
32767
8629
32767
32767
31494
32767
32767
32767
32767
32767
31024
23079
32767
32767
32767
32767
32767
32767
32767
32767
32767
32767
32767
32767
32767
27118
31980
29821
32767
32767
32767
32767
32767
10263
11418
22241
32767
32767
32767
32767
32767
32767
32767
32767
32767
32767
32767
32767
32767
32711
32767
32767
32767
32767
32767
32767
32767
22902
27572
32767
32767
32767
32767
32767
23099
8774
15136
32767
32767
32767
32767
32767
26610
32767
32767
32767
32767
32767
32767
32767
32767
32767
32767
32767
31207
31261
32767
32767
26670
29882
32767
32767
22299
32767
32767
32767
8916
12927
32767
32767
32380
32767
32767
32767
32767
13149
32767
32767
32767
32767
32767
32767
32767
32767
32767
32767
32767
32767
14617
32767
32767
32767
27574
19698
32767
32767
32767
18147
32767
32767
32767
32767
32767
13913
32767
32767
32767
32767
32767
32767
32767
32767
32767
32767
32767
22833
24405
32767
32767
32767
22614
32767
32767
25951
32767
32096
32767
32767
32767
32767
32767
32767
32767
32767
29486
32767
32767
32767
32767
32767
10630
32767
32767
32767
32767
32767
6003
32767
32767
32767
32767
32767
32767
32767
22574
32767
32767
32767
32767
32767
30292
32767
32767
32767
32767
32767
32767
32767
32767
32767
32767
30299
32767
32767
32767
32767
26951
11669
32767
26440
32767
32767
32767
32767
32767
32767
32767
13914
32767
32767
32767
32767
32767
32767
32767
32767
32767
25917
32767
32767
32767
32767
32767
32767
32767
32767
32767
29433
32767
32767
32767
32767
32767
32767
32767
32767
26993
32767
32767
32767
32767
32767
32767
32767
21109
17005
32767
32767
30389
32767
26265
32767
32767
32767
32767
28257
32767
32767
29843
32767
24197
32767
27973
32767
32767
32767
32767
32767
32767
32767
32767
25915
32767
32767
32767
13880
9532
32767
32767
32767
26720
32767
32767
32767
32767
32767
32767
32767
30139
32767
32767
23491
32767
32767
9799
32767
32767
32767
32767
32767
28599
32767
32767
12052
32767
32767
30362
32767
32767
32767
32767
13291
32767
32767
32767
32767
27234
32767
32767
32767
32767
32767
32767
32767
32767
20999
21353
32767
32767
32767
32767
32767
32767
32767
9304
32767
32767
32767
32767
32767
32767
32767
32767
32767
32767
32767
31502
32767
32609
32767
32737
32767
29874
32767
32767
32767
32767
29455
32767
32767
32767
32767
32767
32767
32767
32767
32767
32767
32767
32767
32767
32767
32767
32767
32767
32767
32767
32767
32767
32767
32767
32767
32767
32270
32767
32767
32767
20160
32767
27406
32767
32767
32767
32767
31455
32767
32767
32767
29371
32767
32767
32767
32767
31500
32767
32767
27764
32767
32767
32476
32767
32767
32767
32767
32767
32767
29930
32767
32767
32767
32767
32767
32767
32767
32767
32767
32767
32767
32767
32767
32767
32767
32767
32767
32767
32767
16910
32767
32767
32767
30652
32767
32767
32767
32767
23349
32767
32767
32767
32767
32767
17999
19441
32767
32767
28533
32767
32767
32767
32767
32767
32767
32767
32767
17974
32767
32767
32767
32767
32767
32767
32382
32767
32767
32767
32767
32767
30456
16860
32767
28900
23899
32767
32767
161
15495
26302
32767
32767
32767
32767
26797
19748
32767
32767
0
20397
32767
32767
32767
32767
32767
32767
32767
32767
31310
32767
32767
32767
32767
32767
32767
32767
29075
27816
24561
14433
26124
32767
22526
32767
7104
8284
32767
32767
32767
19192
3535
32767
32767
32767
32767
32767
32767
32767
32767
26305
32767
32767
32767
32767
32767
32767
32767
32767
12341
22327
32767
13479
32767
27525
32767
10951
27033
32767
32767
32767
23031
32637
32767
32767
32767
32767
32767
32767
32767
32767
32767
32767
32767
27423
32767
32767
32767
32767
32767
32767
32767
32767
32767
28408
32767
32767
32767
32767
32767
32767
32767
32767
32497
12049
32767
8330
32767
32767
32767
32767
32767
27905
32767
32767
32767
32767
32767
32767
32767
32767
32767
32767
32767
20643
19440
32767
32767
32767
32767
32767
32767
32767
32767
32767
32767
32767
32767
32767
30393
32767
32767
32767
32767
32767
32767
32767
32767
32767
32767
32767
32767
32767
32767
31915
2090
30788
16904
32767
32767
32767
32767
32767
29863
32767
32767
32767
32767
32740
32767
31851
32767
32767
32767
32767
32767
32767
9227
32767
32767
32767
