-26
0
0
2
1
-1
-5
-8
-6
-4
-7
-15
-6
8
7
3
-4
-7
-5
-1
2
0
-1
2
0
-15
-110
-243
-202
15
129
162
222
199
-8
-119
-35
-2
-1
2
6
-8
-4
2
0
2
4
1
-4
0
2
-3
-4
-3
-1
1
-4
-3
3
3
5
2
-26
-1
-3
3
2
-1
-3
-7
-5
-8
-10
-5
-3
1
0
0
-2
-4
-2
-1
1
-5
-5
3
3
-16
-103
-237
-200
18
123
153
219
204
0
-120
-40
-1
-4
0
8
-6
-3
7
0
-4
4
2
-5
2
3
-3
-5
-5
0
0
-3
-2
2
4
3
-1
-27
-2
-4
1
0
-2
0
-5
-5
-11
-9
2
-6
-4
1
-2
-3
-1
1
-3
-2
-4
-3
1
2
-14
-99
-226
-192
12
118
149
214
206
0
-124
-41
1
-4
0
9
-2
-2
6
-4
-8
3
1
-1
4
0
-4
-1
0
-3
-6
-1
2
4
4
0
-3
-30
-2
-3
-5
-4
-3
3
-2
-6
-9
-3
2
-13
-7
5
-1
-3
-1
-1
-3
-3
-1
3
0
-3
-12
-94
-222
-189
8
114
147
208
204
2
-125
-40
3
-4
-1
10
2
-3
1
-5
-6
0
0
4
2
-3
-3
2
4
-5
-9
-1
4
6
3
-2
-3
-34
-2
0
-7
-6
-7
2
3
-4
-4
-1
-3
-14
-6
5
-1
-3
-3
-4
-1
-1
1
6
-1
-7
-13
-89
-240
-187
29
106
142
203
203
11
-123
-42
2
-2
1
8
2
-4
-2
-4
-4
-2
1
6
-1
-4
-1
1
2
-1
-5
-4
2
5
3
-1
-1
-34
-1
1
-5
-5
-9
-2
4
-1
-3
-4
-6
-8
-3
3
-2
-5
-3
-2
-1
0
3
4
-3
-8
-12
-88
-259
-185
48
102
136
201
207
18
-122
-47
-1
2
6
5
-1
-4
-3
-4
-4
0
4
3
-4
-2
1
0
1
2
-2
-7
-2
4
4
0
2
-29
0
-2
-4
-4
-5
-3
-1
0
-4
-7
-5
-2
-2
0
-2
-6
-3
-1
-2
2
4
1
-4
-8
-9
-86
-265
-191
54
115
131
192
210
21
-124
-51
-1
4
8
3
-2
-3
-5
-5
-4
3
6
-1
-6
0
3
1
3
1
-2
-8
-4
6
2
-2
5
-24
0
-5
-6
-6
-1
1
-2
0
-5
-7
-4
-1
-1
-3
-3
-6
-6
-3
0
5
3
-1
-4
-5
-7
-84
-262
-196
60
131
124
174
207
27
-126
-54
-1
3
8
1
-3
0
-4
-7
-4
3
4
-1
-4
-1
4
3
2
0
1
-6
-3
8
0
-5
3
-19
0
-8
-12
-11
2
7
1
0
-4
-5
-6
-3
0
-5
-4
-3
-7
-5
2
4
1
-3
-4
2
-5
-81
-249
-199
51
134
122
161
200
40
-123
-61
-3
0
7
1
-3
2
-2
-7
-2
2
1
0
-3
-1
4
2
-1
1
5
-2
0
5
-1
-3
0
-15
-1
-11
-16
-12
6
10
1
-1
0
-3
-8
-5
0
-7
-6
3
-4
-8
1
2
0
-4
-4
6
-4
-74
-233
-207
29
128
129
165
194
47
-118
-67
-5
-2
5
3
0
0
-4
-5
3
4
-1
-1
-5
-2
3
-1
0
4
3
1
4
-2
-4
3
2
-16
-1
-13
-15
-7
7
9
-2
-4
4
0
-7
-6
-1
-10
-10
8
1
-11
-1
3
-1
-4
-3
5
-5
-71
-225
-218
12
126
139
180
194
42
-117
-67
-5
-2
4
4
2
-4
-9
-2
8
7
-2
-3
-5
-5
0
-2
4
6
-2
4
6
-8
-6
5
5
-19
4
-14
-15
-3
5
6
-6
-7
7
2
-6
-3
-3
-14
-11
8
4
-10
-3
4
-1
-3
-1
3
-8
-76
-232
-222
13
127
141
188
198
44
-115
-69
-4
-4
3
6
4
-7
-14
0
9
8
0
-3
-5
-5
-3
-2
6
4
-2
6
4
-7
-3
2
6
-21
9
-12
-15
-3
4
3
-7
-7
3
-1
-4
3
-3
-15
-9
2
0
-6
-2
4
1
0
0
0
-11
-81
-239
-215
22
121
133
184
198
58
-108
-76
-5
-6
2
9
7
-7
-15
-1
5
7
3
-2
-5
-3
-4
-1
5
2
2
5
1
-3
1
1
5
-25
9
-7
-13
-6
4
2
-6
-5
-3
-5
-2
5
0
-9
-11
-6
-3
-3
1
3
2
2
-3
-3
-11
-81
-236
-207
26
114
124
175
196
70
-104
-80
-4
-6
1
8
7
-3
-12
-4
0
6
2
-3
0
0
-3
-1
3
4
3
3
1
-2
2
3
4
-29
8
-2
-11
-8
3
1
-8
-4
0
-3
-4
-1
2
1
-16
-14
1
1
1
1
3
-1
-8
-3
-11
-79
-232
-199
31
110
116
162
195
77
-101
-76
-2
-8
-1
7
6
0
-10
-10
-2
8
0
-4
4
4
0
-4
0
7
1
1
3
-1
2
3
5
-30
7
0
-9
-9
1
0
-11
-4
5
1
-6
-8
2
7
-15
-17
4
5
-2
0
3
-6
-7
-1
-15
-77
-220
-193
23
112
118
146
188
83
-96
-73
-3
-8
0
9
5
-4
-11
-13
-1
9
2
-2
2
6
3
-7
-3
7
0
0
3
2
1
0
7
-31
4
0
-7
-11
-2
0
-10
-3
4
0
-6
-8
4
5
-9
-10
3
4
-5
0
1
-9
-3
1
-17
-75
-208
-195
8
123
128
133
179
87
-96
-78
-4
-2
4
9
3
-10
-13
-10
2
6
2
1
2
6
1
-8
-3
5
1
0
1
5
0
-2
7
-34
1
0
-6
-12
-5
2
-4
-1
0
-5
-8
-4
5
-1
-3
-1
1
1
-6
0
0
-10
-3
2
-13
-72
-209
-196
11
128
127
126
178
89
-102
-84
-3
2
6
7
1
-10
-14
-10
4
4
-1
3
5
5
-3
-7
-1
4
1
1
1
3
0
0
4
-37
0
-1
-6
-10
-6
4
3
0
-4
-10
-10
-1
2
-2
1
0
0
-2
-6
1
-1
-9
-4
1
-8
-69
-222
-188
31
117
117
128
184
90
-109
-87
-2
2
5
4
0
-6
-13
-14
1
3
0
6
4
2
-2
-4
2
3
-2
3
2
-1
0
2
2
-40
-1
-2
-4
-6
-7
1
6
1
-6
-11
-9
-1
0
1
1
-2
0
-5
-4
1
-4
-7
-4
1
-5
-69
-238
-182
53
104
106
137
190
89
-111
-88
-3
2
5
2
-1
-4
-13
-17
-3
2
3
7
2
1
2
0
4
1
-4
4
2
-2
-1
1
4
-46
-1
0
0
-3
-9
-3
5
2
-5
-9
-7
-2
-1
0
0
-2
-1
-4
-1
-2
-7
-5
-3
4
-3
-71
-240
-183
57
97
96
143
195
92
-109
-90
-4
1
6
3
-3
-4
-13
-19
-4
4
3
4
3
4
6
3
2
1
-4
1
3
-1
-3
0
8
-48
1
2
3
-1
-10
-4
4
1
-6
-8
-3
-2
-3
-2
-3
-2
-1
-2
0
-3
-7
-6
-2
6
0
-68
-233
-188
42
91
92
146
202
100
-107
-94
-3
0
3
4
-4
-5
-9
-17
-3
5
0
0
4
8
8
4
1
2
-5
-4
4
2
-3
1
9
-43
2
1
2
0
-7
-5
2
-1
-9
-7
1
-2
-3
-3
-7
0
1
-2
0
0
-6
-13
-4
8
3
-63
-227
-198
26
93
93
143
204
110
-102
-95
-1
-1
-2
3
-3
-7
-6
-10
-2
0
-3
-3
4
12
9
2
1
3
-5
-5
4
3
-2
2
7
-42
2
0
-2
-1
-2
-6
-2
-3
-8
-4
0
-2
0
-6
-7
3
1
-2
-1
2
-6
-16
-6
10
2
-69
-219
-202
12
98
100
133
196
129
-92
-98
-2
-3
-2
3
-3
-9
-6
-5
-2
-4
-3
-5
3
14
9
-1
0
6
-1
-5
1
2
0
1
6
-46
0
1
-3
-3
0
-5
-4
-4
-5
-2
-3
-1
3
-8
-7
3
-1
-3
-1
1
-6
-9
-5
6
-2
-76
-211
-202
-5
98
112
129
189
147
-82
-106
-8
-3
4
5
-8
-12
-5
-5
0
0
-2
-6
1
10
6
1
4
7
1
-5
-3
3
4
0
4
-51
-3
3
0
-3
-1
-5
-4
-3
-3
-2
-2
2
2
-9
-8
1
-3
-4
2
0
-6
-5
-4
2
-6
-72
-204
-211
-21
102
118
128
193
150
-78
-106
-14
-2
9
5
-12
-13
-6
-10
3
6
-3
-4
-2
4
7
7
10
5
-2
-3
-2
3
4
1
2
-59
-2
5
2
0
-4
-8
-2
-1
-2
1
3
3
-4
-11
-6
-1
-3
-3
2
-1
-7
-7
-2
2
-12
-66
-204
-222
-21
104
114
130
205
144
-81
-97
-17
-5
11
7
-10
-11
-12
-16
4
7
-2
-2
-5
6
13
11
10
2
-4
-4
0
1
1
3
2
-65
3
5
0
3
-4
-10
0
0
-3
4
6
2
-9
-11
-2
-3
0
0
-3
-4
-9
-7
1
1
-15
-60
-215
-230
-7
96
105
145
218
132
-85
-89
-20
-8
14
10
-8
-12
-18
-15
4
5
2
-1
-4
11
14
11
7
-1
-4
-7
0
1
0
3
1
-64
4
1
-4
3
2
-6
-3
-2
-2
3
4
2
-7
-8
-2
-4
5
5
-10
-9
-6
-4
-1
-1
-9
-54
-227
-240
1
92
99
159
224
123
-85
-86
-18
-6
10
4
-7
-12
-18
-9
4
3
4
2
0
9
8
9
7
-3
-4
-4
1
0
-1
2
1
-59
-7
-2
-5
0
6
0
-6
-4
0
1
2
1
-3
-4
-5
-3
8
5
-16
-10
2
-2
-5
-4
-4
-49
-233
-254
0
100
97
156
224
133
-80
-88
-11
-5
-1
-5
-5
-7
-13
-5
2
1
5
5
4
6
3
6
6
-5
-4
2
2
-3
-2
2
3
-58
-23
1
0
-3
3
-1
-7
-1
2
-1
1
-1
-2
-1
-6
-1
6
-1
-14
-5
4
-4
-5
-9
-10
-42
-222
-260
-9
102
90
145
222
152
-58
-90
-17
-6
-6
-7
-4
-5
-10
-5
0
1
6
7
7
7
7
1
-3
-4
-4
1
2
0
0
1
3
-64
-28
5
3
-4
-3
-17
-21
8
26
7
-8
-4
0
0
-7
-1
1
-8
-5
1
-2
-9
-7
-13
-18
-40
-195
-238
-20
89
81
134
209
152
-7
-77
-46
-7
-5
-5
-6
-6
-10
-7
1
3
5
7
8
7
11
-2
-9
-1
-4
-2
3
5
3
1
1
-63
-26
-3
-2
-1
-16
-57
-44
33
80
33
-23
-12
0
-2
-7
-5
-13
-18
8
11
-6
-12
-12
-20
-27
-44
-162
-196
-27
74
81
128
191
131
48
-46
-80
-10
-2
-5
-9
-7
-11
-6
3
4
3
6
9
4
3
-1
-1
-1
-4
1
4
4
4
3
1
-61
-46
-30
-12
8
-33
-99
-44
64
115
68
-14
-24
-10
-3
-2
-10
-30
-26
18
21
4
-1
-17
-37
-40
-36
-124
-166
-24
75
89
136
187
119
62
-32
-91
-11
0
-6
-9
-11
-13
-2
5
5
1
6
10
1
-3
1
6
-2
-4
5
3
1
5
4
3
-76
-75
-44
-23
2
-35
-91
-15
68
94
79
13
-21
-21
-3
4
-13
-30
-33
9
19
20
24
-15
-47
-48
-27
-86
-121
8
88
100
152
195
129
25
-54
-70
-8
0
-5
-7
-14
-13
0
4
5
0
5
9
2
1
1
4
0
-3
4
2
1
7
4
3
-94
-68
-21
-28
-24
-22
-32
6
34
49
52
20
-1
-20
-5
10
-15
-24
-41
-14
15
27
30
-9
-30
-41
-40
-58
-36
60
94
109
161
206
147
-26
-86
-39
-5
1
-3
-6
-13
-11
-2
1
3
1
6
8
3
2
-1
2
4
-1
2
3
1
7
5
2
-93
-36
-1
-21
-23
-12
10
7
-2
7
15
9
11
-9
-3
15
-20
-20
-38
-33
21
36
3
-22
-1
-16
-54
-38
26
86
94
110
159
217
165
-54
-109
-23
-3
1
-2
-8
-11
-9
-7
0
4
4
9
7
2
-1
-3
3
6
0
3
4
-1
6
7
3
-74
-20
1
1
1
-11
9
5
-4
-13
-7
-8
13
-5
-6
12
-31
-13
-27
-30
30
35
-25
-35
11
1
-55
-25
36
72
95
109
153
220
175
-61
-120
-16
-2
-1
-3
-12
-12
-10
-8
3
6
6
9
6
4
-2
-4
5
5
0
3
3
-2
6
9
5
-42
-32
-4
20
6
-11
0
-2
8
4
-7
-20
15
-16
-14
6
-44
-14
-19
-7
32
15
-28
-25
2
-4
-48
-28
19
43
91
113
145
213
176
-60
-123
-14
-4
-1
-4
-14
-15
-13
-4
8
6
5
7
4
5
0
-1
6
3
0
1
1
-2
4
9
7
-3
-44
-18
18
2
-12
-5
-3
13
12
-4
-19
9
-17
-11
-8
-48
-12
-6
7
16
4
-10
-14
-13
-16
-36
-38
-18
7
71
106
133
207
182
-55
-128
-19
-6
-1
-4
-12
-14
-14
-4
10
8
3
3
0
5
4
2
5
2
1
1
0
-2
1
6
7
14
-31
-19
7
1
-11
-7
2
7
-3
-4
-11
-4
-5
-5
-21
-32
-2
6
4
-4
1
2
-10
-19
-21
-29
-59
-81
-31
53
82
116
205
192
-50
-133
-24
-5
-1
-4
-8
-11
-15
-7
10
11
1
-1
1
6
3
1
4
2
3
5
2
-4
-1
5
5
6
-10
-9
-1
0
-3
-5
-2
-2
-6
0
-4
-8
-3
-5
-13
-8
1
2
-3
-8
-3
1
-4
-14
-17
-26
-97
-144
-42
54
64
98
196
196
-45
-132
-29
-5
2
-1
-4
-11
-17
-7
9
11
0
-2
6
6
-2
0
4
1
3
9
6
-5
-3
5
4
0
-1
-6
-4
0
2
-4
-6
-4
-2
2
-1
-5
-7
-7
-3
2
0
-4
-6
-5
-2
2
0
-8
-11
-22
-129
-174
-24
59
58
89
181
194
-35
-130
-36
-5
4
4
-2
-14
-19
-5
8
8
0
-1
8
6
-2
0
2
-1
1
9
8
-1
-3
1
3
0
2
-5
-3
0
1
-3
-4
-5
-3
2
-1
-4
-7
-8
-2
2
1
-3
-6
-2
1
2
-2
-5
-6
-21
-144
-186
-12
65
56
89
173
190
-22
-129
-44
-5
4
5
-3
-16
-18
-3
6
6
2
2
7
5
3
-1
-3
-2
1
7
6
3
1
-2
0
-3
4
-3
1
1
-1
-2
-1
-6
-5
1
-3
-3
-5
-8
-1
4
2
-3
-4
2
1
-3
-5
-3
-3
-24
-146
-196
-21
78
63
87
169
188
-14
-126
-50
-11
4
4
-5
-15
-14
-2
3
8
6
4
5
4
6
-3
-6
-1
2
5
3
3
5
0
-2
-7
-5
-5
13
7
-2
-3
0
-4
-6
-1
-5
-2
-3
-7
0
5
2
-3
-2
2
1
-6
-7
-1
-3
-27
-146
-203
-27
92
72
81
162
187
-10
-123
-52
-16
0
3
-4
-14
-14
-2
7
10
6
4
5
5
4
-4
-5
0
1
4
3
1
5
3
0
-6
-21
-12
24
14
0
-2
0
-2
-5
1
-5
-4
-1
-6
-4
1
2
0
-1
-2
2
-5
-9
-1
-4
-29
-154
-203
-18
96
71
78
161
185
-9
-123
-50
-13
-8
1
0
-14
-17
-1
16
10
1
4
8
6
1
-4
-4
1
0
2
4
1
3
4
3
-1
-23
-15
20
12
2
2
-1
-3
-3
6
-2
-8
-2
-7
-7
-2
0
2
2
-2
0
-5
-10
-5
-4
-32
-158
-192
-14
89
68
82
168
183
-17
-127
-43
-9
-13
0
1
-12
-16
-2
18
13
-1
3
9
4
0
-3
-3
2
0
-1
4
3
1
4
4
2
-12
-10
10
4
0
4
0
-2
-3
5
-1
-11
-5
-5
-2
-2
-3
1
4
1
-4
-6
-9
-11
-8
-35
-147
-177
-23
80
74
88
170
182
-29
-131
-34
-9
-14
-1
1
-6
-13
-7
11
16
4
1
5
1
0
0
0
3
0
-2
3
3
1
4
4
2
-2
-2
3
-3
-2
5
4
1
-5
1
-3
-15
-6
2
3
-3
-4
1
4
0
-7
-5
-8
-16
-14
-37
-134
-163
-44
67
93
95
166
183
-34
-132
-30
-10
-11
-4
3
1
-11
-9
2
11
10
0
1
1
0
3
2
3
-1
-1
1
2
3
3
5
2
2
3
0
-6
0
5
2
0
-3
2
-4
-17
-4
5
1
-5
-4
3
4
-3
-8
-4
-10
-17
-14
-42
-129
-150
-70
49
117
110
163
183
-28
-133
-36
-9
-4
-5
2
3
-7
-7
-3
4
9
0
1
3
0
3
1
-2
-3
4
0
1
4
1
7
1
1
3
2
-3
1
0
-5
-4
1
5
-2
-10
-1
0
-3
-5
-5
3
3
-5
-8
-5
-13
-14
-12
-50
-125
-139
-86
36
133
124
158
180
-14
-133
-48
-8
1
-1
-1
0
-2
-6
-4
3
2
-1
3
4
1
1
0
-6
-3
9
-1
-2
4
0
6
0
1
1
5
0
-3
-5
-8
-5
1
5
3
-1
-3
-6
-3
-3
-4
1
-2
-7
-5
-6
-13
-12
-17
-59
-115
-120
-91
24
131
125
156
177
2
-125
-59
-11
1
2
-1
-2
1
-4
-6
3
-1
-3
2
4
4
0
0
-4
-1
8
-2
-4
3
1
3
1
2
1
6
-2
-9
-6
-5
0
-1
0
6
3
-5
-7
-5
-4
1
1
-7
-8
-3
-5
-10
-14
-27
-71
-96
-87
-93
6
108
115
165
178
23
-106
-73
-21
-1
1
1
-1
1
-2
-9
2
4
-3
-3
2
5
1
0
-1
1
5
-1
-5
2
4
3
5
2
1
7
-1
-14
-8
1
6
-4
-6
6
3
-4
-5
-9
-5
5
1
-5
-7
-9
-5
-6
-17
-36
-83
-74
-57
-96
-10
84
105
175
184
46
-89
-89
-33
-2
1
1
0
0
-2
-8
3
7
-3
-5
0
1
2
1
1
2
3
0
-6
3
6
3
7
2
-2
9
5
-15
-11
2
7
-4
-6
4
-1
-6
-4
-7
0
4
-2
1
-5
-15
-8
-5
-16
-38
-87
-63
-47
-101
-16
78
104
177
190
53
-94
-93
-32
-1
1
-4
-1
3
-1
-4
5
3
-5
-2
0
-2
1
2
3
1
1
-1
-4
6
5
1
3
0
-3
10
7
-12
-10
-2
4
1
-4
-1
-5
-9
-4
0
6
0
-2
5
-5
-15
-9
-7
-13
-30
-80
-66
-61
-111
-13
85
113
177
190
41
-114
-83
-18
1
-2
-12
-4
7
2
1
6
-2
-5
1
-1
-1
0
2
3
-1
1
-3
-1
10
3
-1
-2
-2
-1
6
5
-7
-7
-4
2
3
-5
-3
-6
-11
-3
5
6
2
3
3
-6
-11
-8
-9
-10
-20
-68
-74
-90
-129
-10
98
129
180
188
28
-126
-73
-10
1
-5
-17
-6
9
7
4
3
-3
-3
2
-1
0
1
2
1
-2
1
-4
1
10
0
-2
-8
4
-1
-6
2
-1
-4
-3
2
-1
-6
-2
-5
-11
-3
5
4
7
4
-1
-4
-6
-9
-9
-6
-14
-55
-81
-117
-144
-7
109
132
179
193
26
-128
-69
-10
-2
-6
-14
-4
10
10
2
-1
-2
-1
4
-1
-1
2
0
1
0
-1
-4
2
5
-3
0
-12
13
-3
-16
-1
3
0
-2
2
-4
-8
-4
-1
-11
-9
6
8
5
-3
-2
0
-4
-7
-5
-7
-11
-38
-83
-140
-151
-1
108
121
179
202
29
-129
-68
-8
-3
-4
-8
-2
9
9
0
-1
-4
1
7
-3
-3
0
-2
3
2
-1
-2
0
0
-3
2
-9
11
-4
-12
0
5
-1
-5
2
-2
-8
-7
-1
-15
-14
12
12
-2
-9
-2
3
-2
-1
-5
-14
-5
-21
-79
-167
-169
-2
102
129
195
207
33
-130
-71
-3
1
-3
-7
-2
8
8
-2
-1
-4
4
6
-4
-3
-4
-2
5
3
-1
0
-3
-3
-2
1
-5
4
-4
-2
3
5
-5
-9
-1
0
-2
-8
-10
-20
-9
17
5
-9
-7
-3
3
5
6
-11
-17
3
-14
-75
-195
-196
-3
102
146
211
210
44
-125
-77
0
7
-4
-7
-2
6
8
-4
-3
0
6
3
-3
-1
-6
-3
6
6
-3
-3
-4
-3
-2
-2
