2
2
0
-2
-1
1
3
4
4
2
-1
3
10
8
-1
-7
-6
-3
-1
1
2
-2
-9
-10
-6
-5
-2
5
6
5
3
-6
-12
-9
0
7
5
2
-1
-6
-6
-4
-4
0
6
6
4
5
4
2
4
7
6
1
-1
1
2
1
-1
-1
-1
-4
0
-1
-3
-3
-2
-3
-3
-1
1
0
-4
-1
5
3
-2
-6
-8
-6
-2
-1
-3
-5
-7
-9
-9
-8
-5
1
8
14
13
7
1
0
4
4
0
-1
0
0
0
2
5
7
6
0
-4
-4
-3
0
1
-1
-1
1
2
0
-1
2
4
4
3
1
5
4
4
1
-4
-6
-4
-1
-1
-3
-1
4
2
-4
-3
0
-1
-1
1
1
-2
-2
3
5
2
2
5
14
26
22
12
9
6
4
2
-2
-3
-1
0
0
1
4
6
4
0
-2
-3
-5
-3
0
-2
-4
-1
6
7
0
-3
0
4
6
4
1
6
4
5
3
-2
-5
-5
-2
0
3
9
10
5
1
1
3
5
5
1
-1
1
3
7
10
7
4
8
8
3
6
8
5
0
-6
-4
1
2
3
4
3
2
4
5
1
-1
2
2
0
2
2
-1
-1
0
0
1
3
3
2
2
1
0
1
0
-2
0
3
4
1
-4
-3
2
6
7
3
2
6
7
5
3
1
0
1
3
5
6
5
3
1
1
-12
-23
-3
8
-2
-7
-7
-1
5
4
0
0
5
6
2
0
0
0
0
0
1
2
1
0
1
1
-2
-1
5
6
2
-1
-1
1
3
-2
1
1
1
3
5
4
0
-1
-1
-4
-6
-2
3
3
2
1
1
4
5
4
5
4
1
0
2
4
-1
-7
-6
-2
-2
-5
-3
2
4
1
-3
-2
2
3
1
0
-1
-2
-2
0
4
3
-2
-2
1
2
3
4
4
3
0
-2
-2
-2
0
1
4
2
0
0
3
7
5
2
2
1
1
4
6
4
2
2
1
-1
-2
0
2
1
0
0
1
4
5
-1
-2
13
21
10
2
3
2
-1
-1
0
0
-1
-2
-1
-1
-3
-4
-3
-2
-3
-4
-4
-3
-1
1
1
0
0
0
2
2
-2
-3
2
4
3
0
-4
-5
-1
4
6
5
5
6
5
5
5
3
2
0
-3
-2
1
1
-1
-2
1
5
6
10
14
16
23
24
10
-3
-1
4
2
-1
-3
-4
-5
-7
-6
-2
-1
-2
-3
-6
-7
-4
-3
-4
-3
-4
-6
-3
2
5
6
6
5
1
3
6
4
-2
-9
-10
-5
-1
0
2
5
4
1
0
-1
-2
1
5
5
4
2
-1
-3
-4
0
5
9
21
27
13
0
0
-1
-8
-4
7
5
-1
-4
-7
-7
-5
-4
-4
-3
0
2
1
0
-1
-1
0
-2
-5
-5
-3
0
4
3
-1
1
4
-3
-3
-5
-6
-4
0
2
1
-1
0
3
4
3
2
1
-2
-1
4
4
1
0
0
0
0
0
0
4
15
17
1
-14
-13
-1
4
1
2
3
1
0
-1
-1
2
2
-2
-3
1
6
7
5
3
0
-3
-5
-4
0
-1
-3
0
-2
-8
-7
-2
0
-1
-1
-1
3
5
3
0
-4
-4
0
3
4
3
0
-4
-4
1
3
1
1
1
0
1
1
-1
-3
-3
-8
-20
-24
-17
-4
6
4
-1
-1
1
2
2
2
2
0
-5
-6
-2
1
2
1
1
1
-2
-4
-2
0
-2
-2
0
-2
-4
-5
-5
1
4
8
7
7
7
4
0
-3
-3
-2
-2
1
3
0
-1
-2
-4
-2
-1
-2
-1
1
3
3
0
-6
-18
-24
-15
-9
-13
-16
-14
-6
3
3
0
-2
-5
-4
0
1
-2
-4
-5
-6
-4
-1
-1
-1
-1
-2
-2
-4
-4
-2
-4
-3
3
4
2
1
1
4
7
7
6
5
5
7
3
-5
-6
-1
3
5
7
4
-4
-6
-2
0
1
4
6
4
1
-1
-1
5
12
9
-1
-10
-16
-10
2
2
-3
-4
-4
-3
-1
1
3
3
-1
-5
-5
-4
-3
-1
0
1
1
0
2
3
1
1
3
5
5
3
-1
1
5
4
2
2
2
3
3
1
0
-1
0
7
9
2
-1
1
3
3
2
2
-1
-5
-5
-3
0
5
10
10
4
-5
-10
-6
-2
-2
0
2
1
-2
-5
-3
2
2
-2
-4
-6
-9
-6
0
3
3
1
2
3
1
1
2
2
3
4
-1
-2
0
3
4
3
1
-2
-4
0
7
8
1
-4
1
4
-2
-3
3
5
3
3
1
-4
-5
-5
-5
-2
5
13
14
8
-4
-13
-11
-5
2
6
4
1
1
2
2
2
-2
-6
-4
-2
-2
-2
0
4
4
0
-1
-1
-3
-3
-1
0
-1
-1
0
-1
-2
-1
-1
-3
-4
-5
-6
-5
-3
-2
-4
-6
-5
-1
3
4
5
4
2
1
-2
-1
3
1
-1
10
21
11
4
14
12
-2
-5
0
1
-1
0
4
7
7
2
-3
-3
-1
-1
0
4
4
2
3
3
1
-1
-2
-2
-3
-2
-1
-4
-5
3
0
-2
-1
-1
-4
-6
-4
-1
-2
-6
-8
-6
-2
-3
-3
6
11
8
5
4
3
1
1
3
5
7
10
9
2
5
16
15
7
5
4
-2
-6
-2
4
5
3
0
-3
-2
2
2
-2
-3
0
2
-1
-4
-3
-3
-3
-2
-3
-3
-2
-2
-3
6
3
2
2
2
1
2
8
13
12
7
2
2
3
-1
-1
5
7
5
4
4
4
4
3
2
5
10
9
8
17
22
15
8
8
11
8
2
1
2
2
1
-1
0
2
0
-2
-2
-3
-3
-1
-1
-3
-3
-1
0
-1
-1
1
-1
-4
-2
-2
5
4
3
2
4
6
6
9
12
10
6
4
5
4
4
7
6
4
2
0
1
1
1
2
1
2
5
-4
-8
11
15
1
0
8
12
9
5
4
4
3
0
-2
0
3
2
-3
-7
-6
-2
-2
-6
-6
-2
2
3
0
-1
0
-1
-2
-2
-2
2
-1
-2
0
4
5
1
-2
-1
0
1
3
3
2
3
3
2
2
1
2
3
0
-1
0
1
3
3
-4
-10
-1
4
-6
-7
0
1
1
2
1
0
1
2
1
0
-1
-3
-5
-6
-5
-5
-6
-5
-2
2
4
3
2
2
2
2
1
-1
0
-4
-7
-4
0
3
3
1
-1
-2
-1
1
3
4
3
0
-2
-2
-3
-2
1
0
-3
-3
-1
2
5
5
8
11
5
-3
-10
-13
-9
-2
3
2
0
-1
-2
-1
-1
-2
-1
-1
-2
0
1
-2
-3
0
4
7
6
5
6
3
1
3
3
2
4
-4
-1
0
1
3
4
4
4
3
0
-2
1
4
3
2
-1
-4
-3
-2
-2
-1
1
0
-2
-2
0
6
13
12
-2
-15
-18
-16
-10
-2
3
2
1
2
-1
-4
-4
-5
-3
3
7
7
4
0
-2
0
2
2
3
4
3
0
-2
0
3
5
5
3
6
5
2
0
3
5
2
-1
-3
-3
-1
0
1
1
-1
0
3
4
4
6
8
3
-4
-4
-1
1
5
2
-10
-11
-5
-9
-16
-12
-2
3
5
5
2
-1
-1
-1
-2
2
6
2
-3
-5
-6
-4
-1
-2
-5
-5
-3
-1
0
-1
-2
-2
-3
6
4
4
2
-1
0
2
0
-3
-2
2
2
0
2
2
1
3
3
2
1
0
0
2
4
4
2
-7
-9
-2
-8
-16
-10
-9
-20
-13
6
8
2
-1
0
3
3
1
0
1
2
2
3
3
1
0
-1
-3
-4
-2
3
5
1
-2
0
1
0
2
-2
-3
-1
-1
-2
-1
0
0
1
2
1
1
3
4
3
1
-1
-3
-3
-3
-4
1
7
4
-2
-4
-1
0
-11
-20
-14
-7
-7
-3
6
6
-2
-5
0
5
2
-4
-5
-5
-4
2
6
6
5
0
-6
-5
2
5
3
3
3
3
6
8
6
-3
-7
-7
-4
-1
-1
-3
-4
-3
-1
0
2
6
6
3
2
1
-1
-2
0
2
2
1
0
0
-2
0
8
5
-9
-12
-8
-10
-7
-4
-6
-2
0
-2
-1
-1
-2
-1
-2
-8
-11
-8
-7
-6
-6
-10
-9
-3
2
3
0
-1
2
3
0
-1
0
-3
-6
-3
-2
0
0
-4
-4
-1
0
3
9
11
6
1
2
3
3
5
4
1
-1
-3
-2
0
-4
-6
-8
-16
-13
-8
-14
-14
-3
0
-7
-5
-1
-5
-7
-3
2
5
2
-4
-6
-7
-6
-4
-5
-2
5
9
8
4
2
0
-2
-3
-5
-5
-4
-3
-1
1
-2
-3
0
2
2
2
1
0
0
0
-1
-1
2
3
4
8
7
2
-1
-1
1
1
1
6
3
-8
-5
-4
-15
-9
8
6
-3
-1
0
-2
0
2
2
0
-4
-3
0
-1
0
3
6
9
8
5
3
1
0
-1
-2
-1
0
-1
-3
2
2
-3
-8
-11
-8
0
1
-4
-4
-3
-6
-8
-5
0
0
-2
1
7
6
-1
0
6
5
1
5
12
9
-2
-7
-4
-3
-1
2
1
1
2
6
12
8
-4
-9
-6
-2
3
6
5
4
6
10
9
2
-3
-3
-3
-4
0
5
4
1
0
1
11
5
-4
-3
-4
-6
-4
-2
-2
-2
-3
-4
-5
-5
-2
-1
-1
0
-3
-8
-8
-2
2
1
-2
-4
-1
1
-8
-18
-14
-9
-16
-22
-11
4
6
7
9
3
-5
-7
-3
3
7
6
3
3
5
8
10
9
6
2
-1
-2
0
2
1
0
0
1
8
-1
-5
2
5
1
-5
-9
-7
-2
-1
-3
-5
-6
-5
-4
-3
-4
-9
-8
-1
0
-4
-5
-7
-16
-18
-2
12
7
-4
-14
-25
-32
-26
0
18
9
0
0
1
2
1
0
-1
-2
-1
0
1
3
5
11
13
3
-2
0
-3
-6
-2
4
5
3
-4
-6
-3
-3
-4
-7
-23
-49
-56
-28
3
4
-6
-6
-4
-5
-7
-11
-18
-17
-9
-10
-17
-23
-27
-30
-34
-21
14
30
17
5
-4
-21
-40
-15
31
24
3
3
5
4
2
2
1
1
3
3
1
0
-1
-3
-4
-3
-1
0
0
1
3
5
7
7
-25
-20
-29
-42
-43
-50
-87
-124
-115
-64
-15
-5
-18
-26
-30
-31
-33
-47
-64
-62
-47
-40
-40
-42
-50
-63
-72
-56
-16
3
-6
-9
-6
-13
-33
-24
16
20
4
4
5
3
1
-1
0
3
4
3
2
3
2
-7
-13
-5
1
0
3
6
4
2
3
5
-91
-114
-152
-176
-176
-177
-199
-204
-182
-167
-146
-112
-102
-116
-123
-118
-116
-124
-132
-132
-127
-114
-93
-85
-99
-116
-112
-82
-54
-40
-27
-15
-2
9
13
6
-6
-7
-3
-2
-2
-1
-3
-7
-6
-3
-1
-1
-2
-2
-3
-3
-1
0
0
0
1
1
-1
-1
0
1
-190
-211
-216
-217
-234
-241
-213
-171
-160
-192
-223
-219
-199
-193
-197
-196
-195
-190
-189
-205
-221
-220
-200
-181
-175
-176
-179
-162
-107
-44
-12
0
14
27
41
21
-26
-26
-6
-4
-3
-1
0
1
2
0
-3
-4
-5
-7
-6
-1
1
-2
-2
1
0
-2
-1
1
2
1
-170
-160
-125
-106
-120
-126
-82
-44
-68
-115
-156
-180
-173
-158
-155
-152
-149
-150
-153
-168
-179
-177
-184
-191
-174
-149
-152
-154
-96
-22
4
7
11
18
33
20
-16
-17
-3
-1
1
2
3
5
4
1
-1
-1
2
4
3
0
-3
-4
-2
1
2
3
3
1
1
2
-67
-44
-27
-19
3
20
28
33
22
-9
-47
-71
-77
-69
-59
-55
-58
-58
-48
-49
-51
-38
-49
-82
-83
-54
-40
-32
-8
6
6
4
-1
1
15
18
3
-3
1
1
0
-2
-3
-1
-3
-6
-4
0
3
3
2
1
-1
-1
0
0
1
2
1
0
1
3
32
44
45
61
85
93
85
77
84
93
89
74
65
63
54
44
33
29
37
52
66
61
43
35
35
35
37
41
40
22
9
11
9
4
3
3
0
2
6
5
3
0
-4
-8
-8
-3
0
0
-1
-2
0
2
2
3
3
2
1
-1
-2
-2
-1
1
104
112
94
92
92
89
88
80
78
98
119
122
121
114
104
100
92
82
81
97
108
95
90
105
106
92
92
92
73
45
25
23
21
11
6
8
9
6
2
1
2
2
1
-1
0
4
6
5
3
0
-3
-2
3
6
5
4
3
1
0
-2
-5
-5
173
192
184
170
164
162
157
159
165
158
148
149
145
145
157
150
140
148
164
175
162
148
160
174
169
156
156
158
130
85
49
24
7
-1
4
13
12
5
2
1
0
2
6
8
6
4
6
7
3
-2
-3
0
2
1
0
1
3
4
4
3
0
-3
152
163
183
185
179
181
185
186
179
165
160
167
166
165
171
171
184
202
208
206
196
187
184
186
189
191
193
177
121
65
45
28
4
-7
-4
2
3
0
-1
1
2
4
7
7
5
4
5
5
3
5
8
5
1
0
0
1
5
10
10
7
7
7
36
38
49
49
46
51
57
54
48
50
56
60
64
63
59
67
86
95
88
79
78
79
77
80
88
95
100
81
36
18
28
28
16
0
-8
-5
0
-1
-5
-4
1
6
7
5
5
5
3
2
2
4
6
4
2
2
1
-1
-1
2
5
5
3
2
-2
-1
0
0
0
0
0
0
0
0
0
1
3
3
1
1
2
2
2
2
3
6
10
12
14
19
24
15
-2
4
17
16
13
5
-4
1
8
4
1
2
4
6
4
1
1
2
0
-2
-1
0
0
2
4
2
-1
-3
-5
-6
-3
1
-1
-5
-4
-2
1
3
4
3
3
6
7
5
4
3
2
3
4
4
4
5
7
8
10
13
12
8
7
10
11
6
-4
-10
-5
0
1
1
-2
2
9
6
1
0
-1
-3
-4
-2
1
0
-2
0
4
5
3
5
7
3
0
1
1
-2
-3
1
4
2
-3
-6
-5
-1
3
3
2
3
4
3
1
-1
-1
1
2
3
6
8
7
8
12
13
9
5
5
7
6
6
4
-9
-10
5
9
3
0
2
6
6
-1
-6
-6
-7
-7
-4
-2
-3
-2
2
4
3
2
2
1
0
1
2
1
-1
-3
-3
0
2
1
-9
-21
-15
-1
4
3
2
4
6
5
3
2
3
5
6
5
4
5
6
4
3
4
3
3
3
1
-2
-7
-7
2
10
9
2
-3
-2
1
2
2
-2
-7
-6
-4
-6
-8
-3
2
0
-2
-1
1
0
-2
-1
0
-1
-2
-1
-1
-3
-3
0
8
3
-8
-10
-6
-2
2
4
4
5
9
13
12
11
12
8
1
-2
0
3
2
0
1
1
-1
-2
-3
-10
-13
-4
0
-5
-8
-5
-3
-5
-7
-6
-1
-2
-7
-6
-4
-5
-5
0
4
1
-2
0
2
1
0
0
1
2
0
-2
-1
-1
-2
-1
3
11
17
12
2
-2
0
1
-1
-1
2
6
6
2
-1
-1
0
-2
-4
-2
2
2
-1
-2
-5
-8
-10
-10
0
6
-1
-6
-2
6
9
1
-9
-7
-1
-1
-2
-3
-2
2
2
-2
-1
3
3
1
-2
-4
-3
-1
0
0
-1
-2
-1
-1
-2
-2
-2
4
14
14
6
0
-2
0
4
5
1
-3
-5
-7
-5
2
6
5
3
2
3
2
0
1
-1
-8
-13
-5
11
11
0
2
10
10
8
3
-3
0
3
2
1
1
6
11
9
1
-4
0
3
-1
-5
-6
-4
0
3
4
4
3
1
1
2
2
-4
0
8
9
3
0
1
4
7
7
5
3
-1
-4
0
5
5
4
5
6
4
1
1
2
0
-4
-7
-4
7
0
-23
-19
-1
2
1
2
2
2
2
5
6
5
9
13
15
12
3
0
2
1
1
2
3
4
3
1
1
1
0
1
1
1
0
0
1
2
2
4
5
0
-6
-5
0
2
3
6
7
3
-1
-2
-1
0
-1
-2
-2
-4
-5
-2
-4
-7
0
-6
-27
-25
-4
5
3
8
13
6
1
6
11
10
7
9
13
13
10
5
2
3
5
6
5
3
-2
-7
-4
0
-1
-2
-3
-3
5
3
1
2
7
9
4
-3
-8
-9
-7
-4
4
11
8
3
3
3
1
-1
-3
-4
-5
-7
-6
-4
-8
-9
-1
0
-8
-7
2
2
-4
2
11
6
0
1
5
7
4
4
6
6
7
4
-1
-1
0
1
1
0
0
1
3
3
0
-2
-2
-4
2
3
3
3
4
1
-3
-4
-3
-3
-5
-3
3
3
-2
-3
-1
2
3
-2
-7
-5
-2
-1
0
-5
-15
-13
8
21
12
-3
-13
-14
-13
-6
9
11
3
-1
-2
-1
0
1
4
4
1
1
1
-2
-4
-2
0
0
2
5
4
2
2
1
1
1
-3
-2
-1
0
-2
-7
-10
-7
0
3
-2
-6
-5
-3
-1
-3
-8
-7
-3
-3
-4
-5
-5
-2
-2
-9
-21
-16
15
33
22
-4
-27
-27
-18
-3
22
25
9
1
-1
-1
1
1
0
-1
-2
2
7
5
0
-3
-3
-2
-1
1
1
1
1
0
2
5
-7
-4
-5
-5
-1
0
-4
-3
2
2
-2
-4
-5
-6
-5
-5
-5
-3
-3
-1
3
-1
-7
-6
-5
-10
-19
-14
7
16
8
-6
-17
-17
-10
4
19
17
5
0
1
1
0
0
0
2
5
5
3
3
4
1
-2
-1
1
2
1
0
0
1
2
1
-1
-2
-4
-5
-1
3
3
0
-3
-2
2
2
-3
-8
-10
-7
0
2
-2
-1
3
3
0
-3
-2
2
5
7
7
3
0
2
6
7
8
7
-6
-13
-4
3
3
-2
-7
-5
-1
2
5
3
-1
0
2
2
1
0
1
1
-1
-3
-2
2
3
1
3
-2
-3
-2
-3
-2
2
2
-2
-1
2
-1
-5
-7
-8
-4
2
2
2
5
5
5
7
7
7
14
26
28
11
-9
-13
-5
7
15
14
3
-16
-19
-4
5
4
-2
-8
-9
-6
-1
2
0
-1
1
1
1
2
2
1
-1
-1
-1
-1
2
3
1
2
0
1
-2
-7
-5
-1
0
0
-1
-3
-3
-2
-3
-3
-1
-2
0
7
7
4
7
10
9
10
16
26
28
8
-19
-30
-22
-5
6
8
4
-2
-1
2
1
-1
-3
-4
-3
1
4
1
-1
1
2
3
4
5
6
5
4
3
2
3
2
-2
-4
6
8
13
4
-6
-5
0
3
4
1
-2
-2
-1
1
1
-1
-2
-1
-2
-5
-4
0
1
1
4
8
17
21
7
-8
-9
-3
-6
-15
-13
-6
-4
-3
-2
-4
-6
-2
4
6
6
4
1
0
1
4
5
3
2
0
-1
2
3
2
2
-1
-5
-4
0
3
5
2
-1
-1
2
4
4
4
2
-2
-1
1
-5
-8
-2
-1
-9
-14
-12
-10
-7
-1
-1
-3
8
19
8
-7
-7
-8
-17
-19
-12
-7
-7
-8
-6
-3
0
4
6
5
3
2
3
2
1
3
3
1
-2
-4
-3
-2
-1
2
2
-2
-3
-2
-5
-7
-12
-6
2
5
3
-3
-6
-4
0
1
-3
-9
-12
-8
-4
-8
-13
-14
-13
-10
-5
-5
-12
-11
1
11
-1
-31
-50
-56
-45
-19
-5
-1
2
-1
-1
5
7
5
4
4
4
2
-1
0
4
4
2
3
2
0
1
3
3
2
1
-1
-2
-3
-3
-4
-6
-2
3
3
1
-1
-5
-8
-4
0
-6
-14
-11
-5
-11
-21
-21
-19
-21
-17
-8
-7
-9
-5
-2
-1
-13
-38
-47
-42
-36
-29
-24
-14
-1
1
-2
1
4
5
6
4
2
2
1
2
4
3
3
5
6
5
4
6
7
3
0
1
2
0
