199
188
181
180
181
183
185
184
189
205
186
116
67
59
62
65
65
63
60
59
60
60
60
63
93
142
161
161
152
143
161
170
160
154
145
149
167
167
160
162
165
167
167
167
178
187
174
143
125
148
184
198
198
198
196
184
171
165
163
163
168
180
199
190
183
180
180
183
186
184
184
200
198
142
80
62
66
66
65
63
61
60
62
62
62
68
105
154
166
163
156
146
152
153
146
141
137
144
153
152
149
151
161
165
163
167
181
185
162
137
141
170
192
196
191
188
191
187
175
165
161
161
168
181
197
193
189
184
181
183
185
184
183
193
203
165
94
64
67
65
62
62
63
64
63
62
63
70
112
165
171
159
154
156
163
155
144
142
144
149
153
156
155
152
160
164
162
168
175
164
138
135
163
186
190
190
183
172
175
185
182
172
168
168
173
183
194
197
196
189
185
184
185
186
186
189
203
181
108
67
65
62
59
59
63
65
63
61
61
69
117
169
161
149
170
193
198
180
159
156
157
158
165
173
173
169
169
167
165
168
162
142
128
146
177
189
187
187
177
156
159
180
185
180
176
175
178
181
191
196
197
192
188
188
188
188
189
189
201
189
122
71
64
62
59
59
61
62
61
61
61
68
116
167
154
147
189
220
218
198
177
168
165
165
171
178
176
173
177
178
172
166
157
140
135
157
182
191
192
189
177
158
160
181
187
182
179
176
176
180
190
193
194
191
188
190
190
190
190
190
199
191
130
76
63
61
59
59
60
60
60
60
60
64
107
163
160
155
188
209
207
197
183
172
170
174
175
175
172
172
176
176
170
164
160
151
145
162
184
194
195
193
186
175
171
182
189
185
182
176
173
180
193
193
191
189
187
188
191
191
188
187
196
185
127
77
64
60
61
62
61
59
59
60
59
60
98
157
166
157
169
174
169
166
164
160
164
172
172
171
174
174
169
166
166
160
153
149
151
167
186
194
195
196
195
187
175
176
187
188
183
177
173
182
197
196
194
190
186
185
189
192
188
184
191
182
127
79
66
64
64
63
61
59
60
61
60
61
93
150
169
159
156
152
139
130
131
137
145
155
162
169
173
167
156
162
166
153
142
147
159
173
185
191
195
200
199
191
178
173
183
186
180
175
176
187
201
200
197
192
186
185
190
194
194
189
194
187
134
81
66
66
65
62
60
61
61
61
60
60
85
143
174
165
159
160
153
140
135
136
137
140
151
162
165
154
146
165
173
150
141
155
167
175
183
189
195
202
199
190
183
181
181
180
178
178
183
192
204
201
196
192
189
188
191
196
199
199
203
188
127
75
65
66
64
62
60
62
61
60
60
57
72
130
177
177
174
178
178
176
173
165
152
147
156
162
155
144
149
174
177
147
140
158
167
172
183
190
195
200
195
188
187
186
178
173
177
183
192
189
205
201
196
194
194
192
192
196
201
205
208
177
107
66
63
63
63
61
60
60
59
58
58
56
62
108
170
190
193
194
189
193
197
185
168
170
178
167
148
137
146
169
165
140
138
155
163
170
184
193
198
202
197
192
191
184
174
170
174
182
194
175
206
204
200
200
201
198
195
196
201
209
205
158
91
63
62
61
62
60
58
59
58
56
56
57
58
88
151
192
201
199
194
197
197
183
171
181
187
166
146
138
142
154
151
138
139
148
156
168
182
193
201
205
205
200
190
179
171
169
173
187
192
147
207
206
207
210
210
203
196
198
202
212
200
137
78
63
62
62
62
59
58
59
58
55
53
54
56
72
124
180
196
195
198
198
190
176
173
185
188
169
150
143
142
145
145
142
144
146
150
160
173
184
195
204
209
205
191
179
173
171
179
192
172
108
207
207
210
217
216
204
196
197
203
211
188
116
68
63
64
64
62
59
58
60
59
56
54
54
53
58
93
156
190
194
199
201
193
178
175
189
190
171
154
147
147
149
149
150
152
153
152
157
165
171
183
199
208
205
196
184
176
177
188
186
136
73
204
205
209
215
212
203
198
201
206
206
164
94
61
61
63
63
62
60
59
61
60
57
56
56
53
50
67
119
171
189
195
201
197
184
178
184
178
163
154
151
154
157
157
157
162
168
173
173
168
165
175
191
200
199
192
183
179
184
194
169
102
53
198
200
204
207
203
200
203
208
213
195
133
74
58
59
59
58
59
59
59
60
59
57
56
54
53
49
51
77
126
165
184
192
191
183
183
181
171
160
154
152
154
159
162
166
175
188
199
195
176
164
171
181
186
184
178
176
180
188
178
128
71
48
196
195
196
196
193
197
206
215
212
168
98
60
57
58
56
56
57
58
58
59
58
57
56
53
51
49
47
53
81
129
168
184
184
179
180
176
170
164
159
160
163
162
166
180
194
203
212
205
181
169
171
172
175
175
174
178
182
169
128
77
51
47
203
197
192
188
192
201
211
216
189
122
69
55
58
58
56
57
57
56
57
58
58
57
55
53
49
48
49
47
53
85
135
173
186
181
172
160
151
148
153
167
179
178
178
193
202
205
213
207
189
183
179
173
177
182
185
187
170
121
73
49
43
44
213
205
193
188
197
212
217
196
139
78
54
55
58
59
59
58
56
55
55
57
57
55
53
51
49
49
50
46
42
52
87
138
174
184
175
156
139
132
135
147
167
183
192
198
199
202
213
210
199
195
190
185
189
195
194
172
124
72
47
43
42
43
220
213
198
192
205
217
201
147
87
56
51
54
56
58
59
57
55
54
55
55
55
53
51
51
52
53
53
47
44
45
57
89
132
170
189
183
170
159
146
137
140
157
181
199
207
212
216
210
201
197
195
195
198
193
167
119
71
45
40
42
43
43
223
220
208
204
210
197
148
90
58
51
50
51
53
56
57
54
54
55
56
55
54
52
50
51
54
58
56
49
45
45
46
57
84
126
171
199
206
201
187
172
154
143
153
180
207
222
220
209
202
200
202
203
191
156
104
64
45
39
39
43
45
44
226
227
220
208
183
136
85
56
48
48
49
49
51
54
54
53
54
55
55
54
53
52
51
51
54
55
51
48
43
40
41
45
55
74
109
156
191
210
216
212
198
177
161
164
190
216
221
214
210
211
206
187
147
94
54
40
39
40
41
44
45
46
232
225
203
163
114
70
49
47
47
47
48
50
52
53
54
53
53
52
52
52
53
53
52
52
54
52
48
46
44
42
42
42
42
44
57
85
122
161
186
201
210
208
197
185
188
204
215
215
206
191
164
122
79
51
39
38
40
41
42
45
46
47
198
174
134
89
57
43
40
44
49
49
48
52
55
53
54
55
53
50
50
51
51
51
52
53
53
53
52
48
45
45
44
42
39
39
42
46
59
83
105
129
155
171
179
179
173
171
172
166
145
114
85
59
43
38
37
40
42
43
44
45
46
48
113
87
63
46
40
41
42
44
51
52
50
53
53
52
54
55
53
50
50
52
50
49
51
52
51
52
52
49
46
45
44
44
45
44
41
39
40
42
48
59
74
90
104
112
109
99
90
80
65
49
41
38
37
37
38
41
43
44
46
46
47
47
50
40
37
37
39
42
44
46
50
51
51
53
50
49
52
53
50
49
50
52
51
51
52
51
50
49
48
47
47
47
46
45
46
45
42
40
39
37
35
35
37
42
49
51
49
43
38
35
33
32
34
36
37
36
37
40
42
44
45
46
46
47
36
36
37
36
38
42
46
47
49
51
53
55
52
49
52
53
50
49
50
52
54
54
52
51
51
50
48
47
47
49
48
45
44
45
44
42
39
38
36
34
33
35
35
34
32
32
32
32
32
33
33
34
36
37
37
39
42
44
45
45
45
46
38
37
37
38
40
42
45
47
48
50
55
57
53
50
53
55
53
52
52
51
54
54
52
52
53
52
50
47
46
48
49
48
46
45
46
44
40
38
37
35
34
34
35
35
34
33
34
33
34
34
32
33
36
39
39
40
43
46
47
46
44
45
41
39
39
41
42
42
44
47
48
49
54
55
52
50
52
53
52
52
51
48
49
51
49
50
52
52
51
48
47
48
50
50
46
44
45
45
42
39
39
38
35
34
35
35
34
34
34
35
36
35
33
33
37
39
40
41
45
48
50
48
47
46
42
41
42
42
42
42
44
47
47
48
51
52
51
51
52
51
50
50
49
48
48
49
49
50
51
51
50
48
47
47
49
49
46
42
43
45
43
41
40
39
37
36
36
35
34
34
34
35
35
34
34
35
37
38
39
40
43
47
49
49
48
47
42
42
45
45
43
45
47
47
46
47
48
49
51
54
54
51
49
48
49
51
50
51
52
52
51
51
49
48
46
45
46
47
46
44
44
45
45
43
42
42
40
38
37
36
35
34
35
35
33
33
34
37
38
39
40
41
42
44
45
46
46
46
43
43
46
47
46
45
46
47
47
48
48
47
50
54
55
55
51
48
50
53
52
51
53
51
49
50
50
49
48
48
47
46
46
46
46
47
47
44
43
44
41
38
37
38
39
38
38
37
34
33
35
37
39
41
44
44
43
42
43
45
45
45
44
43
44
46
47
45
44
46
48
49
48
47
49
52
57
58
54
49
49
51
50
50
51
50
50
52
53
52
51
50
49
47
45
45
46
47
47
44
43
43
42
39
39
40
41
40
39
38
37
37
37
38
39
42
45
45
43
41
43
45
45
44
45
46
45
45
48
48
47
47
48
49
50
50
50
52
56
58
55
52
51
50
49
50
51
52
52
53
52
51
50
51
50
48
46
44
44
45
45
43
41
41
40
40
40
41
41
40
39
38
38
38
38
39
40
42
44
44
42
41
42
43
43
43
45
46
45
45
47
48
46
45
45
48
52
53
53
52
54
56
57
55
54
52
51
51
52
52
52
51
50
49
49
49
50
49
47
47
46
46
45
43
41
40
40
39
40
41
41
41
40
39
38
37
38
40
42
44
44
44
43
43
43
42
41
42
44
44
43
44
46
45
43
41
42
46
52
54
54
52
52
53
56
57
55
52
50
50
50
50
50
51
50
49
47
47
46
45
45
47
48
48
47
45
42
41
40
39
39
39
39
39
39
39
38
38
38
39
41
43
44
45
44
43
42
42
42
42
45
44
43
44
45
45
43
42
42
45
49
52
53
54
53
53
56
58
57
53
51
49
48
48
49
49
49
48
46
45
45
44
45
47
48
49
48
46
44
43
42
41
40
38
38
37
38
40
41
41
40
38
39
41
43
43
42
41
40
40
41
41
47
47
46
45
45
46
47
46
45
45
46
48
51
55
56
55
55
58
59
56
53
50
49
49
49
48
47
46
46
46
47
48
47
47
47
48
48
48
47
45
44
43
41
39
38
38
39
41
43
43
41
39
39
41
43
43
41
40
38
38
40
41
48
47
46
46
46
46
47
48
47
47
47
47
48
52
55
53
52
54
58
58
54
50
49
50
50
48
46
45
46
48
49
48
46
44
44
46
47
46
45
45
45
44
42
40
40
40
41
42
42
42
41
40
41
43
43
42
41
40
38
37
39
42
47
45
45
45
46
45
45
46
47
48
49
48
47
49
51
52
50
50
55
57
56
53
51
50
50
48
47
47
47
48
48
46
44
44
43
44
45
44
43
45
46
45
43
42
42
43
44
43
41
40
39
39
40
40
40
40
40
40
38
38
39
42
45
44
45
44
45
46
46
46
46
47
49
49
47
47
50
52
50
48
49
53
57
56
54
53
50
48
47
47
47
47
46
45
46
46
44
43
44
43
43
44
45
44
42
41
42
42
43
43
42
39
39
39
39
38
38
38
38
39
39
39
40
41
45
46
46
44
44
45
46
47
46
47
48
49
48
48
50
52
50
47
47
50
53
55
55
53
50
48
46
45
46
47
47
47
46
46
46
45
43
43
43
42
42
42
40
39
40
39
39
41
41
40
38
38
38
39
39
39
39
38
38
39
40
40
47
47
46
44
44
45
45
46
46
46
48
49
49
50
52
53
51
50
51
51
50
51
52
50
48
48
47
45
45
47
49
50
47
45
47
48
46
44
43
42
41
42
41
40
40
38
37
37
40
40
37
35
37
38
39
40
40
39
38
38
38
38
46
47
47
45
45
46
46
47
47
47
48
49
50
52
53
51
50
51
51
50
48
47
48
49
49
48
46
45
47
50
52
52
49
47
47
47
46
43
41
40
41
42
43
42
42
40
38
37
39
39
36
35
37
38
38
39
40
38
37
36
37
37
45
47
47
45
45
47
49
50
50
49
48
48
49
50
50
49
50
50
48
48
49
49
49
51
51
48
46
46
47
50
51
49
47
45
44
43
42
40
40
39
40
41
43
43
42
41
39
37
38
38
36
36
39
39
38
37
37
36
35
35
36
37
44
46
46
45
46
48
48
49
50
49
48
48
50
50
50
50
51
49
46
46
49
50
51
51
52
52
51
49
48
46
46
45
43
43
44
42
39
39
41
40
40
40
42
41
39
37
36
34
35
35
35
36
38
38
37
36
36
36
36
36
36
38
42
43
44
45
47
49
47
47
48
49
48
49
51
51
50
50
50
49
47
45
45
48
49
50
52
55
55
53
48
45
44
44
44
44
44
42
41
41
42
41
40
40
40
39
36
35
34
34
35
36
36
35
34
35
35
35
35
36
36
36
37
38
42
41
42
44
47
48
47
47
47
48
49
49
50
50
49
49
49
50
50
48
46
47
49
49
50
54
55
51
45
44
45
46
46
45
42
42
44
44
42
41
39
39
39
39
38
36
34
35
36
38
37
34
32
33
34
33
33
35
35
34
35
36
43
41
41
41
42
46
48
47
46
47
50
50
48
47
49
50
49
49
49
49
47
47
48
48
47
51
54
51
45
44
46
47
46
44
42
43
45
45
44
42
40
39
37
35
36
35
32
32
33
34
35
33
32
33
34
34
33
32
31
32
32
32
43
41
41
40
41
45
47
45
43
44
47
48
47
47
50
51
49
48
48
48
47
46
48
49
48
48
51
54
53
49
48
47
46
45
45
45
45
44
42
40
39
35
33
33
34
35
37
40
45
50
52
51
54
58
58
53
48
45
40
36
31
28
42
41
41
41
41
43
44
43
43
44
45
46
47
47
49
51
50
49
49
49
48
47
48
50
49
47
48
53
56
54
50
49
48
46
46
45
44
41
37
36
37
33
32
39
48
56
67
76
83
95
101
96
101
112
113
103
93
90
76
57
46
39
42
41
41
42
41
41
42
44
46
46
44
45
47
47
48
50
50
48
49
49
49
49
49
49
50
51
49
50
54
55
53
53
50
46
44
43
40
37
36
37
40
44
51
66
88
105
117
129
131
141
148
137
137
149
159
154
143
138
122
99
84
68
41
40
41
42
41
40
41
45
48
47
45
45
47
47
47
48
47
46
47
48
49
50
50
49
51
54
53
51
52
55
57
55
50
46
43
40
37
37
40
50
62
81
102
118
135
143
149
169
176
173
170
158
148
152
171
181
175
167
157
141
122
104
40
39
41
42
42
42
42
43
45
45
44
44
46
46
46
47
46
45
46
48
50
51
52
51
51
52
52
51
52
55
57
55
50
46
43
41
42
46
56
80
109
134
157
165
158
146
158
190
198
183
165
156
153
149
160
184
192
182
172
164
149
139
38
38
39
40
40
41
41
41
42
43
44
44
45
45
47
49
48
47
48
50
52
54
55
54
52
50
48
47
49
51
53
54
50
45
44
46
53
67
87
120
151
162
172
176
160
148
167
194
195
174
146
147
166
158
150
169
187
186
178
175
169
164
36
35
36
36
37
40
42
41
41
42
44
46
47
47
49
51
50
49
50
51
51
53
55
55
55
51
47
46
47
48
50
53
51
46
46
57
78
101
124
148
156
146
146
159
153
141
146
157
162
158
149
161
182
171
155
161
174
175
168
171
177
170
34
35
34
33
36
39
41
41
41
41
42
45
49
50
51
51
49
49
52
51
49
51
54
55
55
53
50
49
49
49
49
51
51
51
58
80
113
138
151
151
137
122
118
127
127
115
109
113
128
151
167
172
165
150
147
158
156
143
138
155
173
159
34
35
33
33
35
36
38
40
42
43
43
44
46
49
50
49
47
48
52
52
50
52
56
55
53
52
51
51
51
50
48
46
51
65
86
111
138
153
151
134
121
127
126
119
113
114
121
127
138
158
168
155
128
107
114
129
123
122
139
164
178
160
34
33
34
35
34
36
38
41
46
48
46
43
43
46
48
48
48
50
51
51
51
52
54
53
51
50
51
50
48
46
44
43
58
89
120
140
152
155
136
107
107
141
161
147
136
146
159
157
154
159
157
140
112
94
99
102
104
135
177
193
188
170
46
35
35
37
35
36
39
41
46
49
47
43
42
45
47
48
49
50
51
52
53
53
52
50
48
49
50
47
44
42
42
49
76
115
143
151
155
156
129
95
98
142
175
164
156
172
180
171
165
158
148
137
118
112
120
120
127
160
192
195
181
167
96
65
46
38
35
36
37
37
41
45
45
43
44
46
48
49
50
51
52
52
54
54
52
50
48
48
47
45
42
41
48
71
104
135
151
146
146
151
135
112
108
141
174
167
157
172
186
189
182
164
150
145
136
136
148
156
167
184
191
182
178
176
162
131
98
64
42
38
38
37
39
42
43
44
46
48
49
52
53
52
52
52
52
51
49
49
48
47
48
47
43
44
64
99
127
146
154
142
137
144
143
136
124
134
162
167
153
149
168
187
182
168
159
153
152
153
154
162
183
197
191
183
191
198
