0
0
0
2
1
0
0
0
0
0
0
0
0
8
7
3
0
0
0
0
2
0
0
2
0
0
0
0
0
15
129
162
222
199
0
0
0
0
0
2
6
0
0
2
0
2
4
1
0
0
2
0
0
0
0
1
0
0
3
3
5
2
0
0
0
3
2
0
0
0
0
0
0
0
0
1
0
0
0
0
0
0
1
0
0
3
3
0
0
0
0
18
123
153
219
204
0
0
0
0
0
0
8
0
0
7
0
0
4
2
0
2
3
0
0
0
0
0
0
0
2
4
3
0
0
0
0
1
0
0
0
0
0
0
0
2
0
0
1
0
0
0
1
0
0
0
0
1
2
0
0
0
0
12
118
149
214
206
0
0
0
1
0
0
9
0
0
6
0
0
3
1
0
4
0
0
0
0
0
0
0
2
4
4
0
0
0
0
0
0
0
0
3
0
0
0
0
2
0
0
5
0
0
0
0
0
0
0
3
0
0
0
0
0
0
8
114
147
208
204
2
0
0
3
0
0
10
2
0
1
0
0
0
0
4
2
0
0
2
4
0
0
0
4
6
3
0
0
0
0
0
0
0
0
2
3
0
0
0
0
0
0
5
0
0
0
0
0
0
1
6
0
0
0
0
0
0
29
106
142
203
203
11
0
0
2
0
1
8
2
0
0
0
0
0
1
6
0
0
0
1
2
0
0
0
2
5
3
0
0
0
0
1
0
0
0
0
4
0
0
0
0
0
0
3
0
0
0
0
0
0
3
4
0
0
0
0
0
0
48
102
136
201
207
18
0
0
0
2
6
5
0
0
0
0
0
0
4
3
0
0
1
0
1
2
0
0
0
4
4
0
2
0
0
0
0
0
0
0
0
0
0
0
0
0
0
0
0
0
0
0
0
2
4
1
0
0
0
0
0
0
54
115
131
192
210
21
0
0
0
4
8
3
0
0
0
0
0
3
6
0
0
0
3
1
3
1
0
0
0
6
2
0
5
0
0
0
0
0
0
1
0
0
0
0
0
0
0
0
0
0
0
0
0
5
3
0
0
0
0
0
0
0
60
131
124
174
207
27
0
0
0
3
8
1
0
0
0
0
0
3
4
0
0
0
4
3
2
0
1
0
0
8
0
0
3
0
0
0
0
0
2
7
1
0
0
0
0
0
0
0
0
0
0
0
2
4
1
0
0
2
0
0
0
0
51
134
122
161
200
40
0
0
0
0
7
1
0
2
0
0
0
2
1
0
0
0
4
2
0
1
5
0
0
5
0
0
0
0
0
0
0
0
6
10
1
0
0
0
0
0
0
0
0
3
0
0
1
2
0
0
0
6
0
0
0
0
29
128
129
165
194
47
0
0
0
0
5
3
0
0
0
0
3
4
0
0
0
0
3
0
0
4
3
1
4
0
0
3
2
0
0
0
0
0
7
9
0
0
4
0
0
0
0
0
0
8
1
0
0
3
0
0
0
5
0
0
0
0
12
126
139
180
194
42
0
0
0
0
4
4
2
0
0
0
8
7
0
0
0
0
0
0
4
6
0
4
6
0
0
5
5
0
4
0
0
0
5
6
0
0
7
2
0
0
0
0
0
8
4
0
0
4
0
0
0
3
0
0
0
0
13
127
141
188
198
44
0
0
0
0
3
6
4
0
0
0
9
8
0
0
0
0
0
0
6
4
0
6
4
0
0
2
6
0
9
0
0
0
4
3
0
0
3
0
0
3
0
0
0
2
0
0
0
4
1
0
0
0
0
0
0
0
22
121
133
184
198
58
0
0
0
0
2
9
7
0
0
0
5
7
3
0
0
0
0
0
5
2
2
5
1
0
1
1
5
0
9
0
0
0
4
2
0
0
0
0
0
5
0
0
0
0
0
0
1
3
2
2
0
0
0
0
0
0
26
114
124
175
196
70
0
0
0
0
1
8
7
0
0
0
0
6
2
0
0
0
0
0
3
4
3
3
1
0
2
3
4
0
8
0
0
0
3
1
0
0
0
0
0
0
2
1
0
0
1
1
1
1
3
0
0
0
0
0
0
0
31
110
116
162
195
77
0
0
0
0
0
7
6
0
0
0
0
8
0
0
4
4
0
0
0
7
1
1
3
0
2
3
5
0
7
0
0
0
1
0
0
0
5
1
0
0
2
7
0
0
4
5
0
0
3
0
0
0
0
0
0
0
23
112
118
146
188
83
0
0
0
0
0
9
5
0
0
0
0
9
2
0
2
6
3
0
0
7
0
0
3
2
1
0
7
0
4
0
0
0
0
0
0
0
4
0
0
0
4
5
0
0
3
4
0
0
1
0
0
1
0
0
0
0
8
123
128
133
179
87
0
0
0
0
4
9
3
0
0
0
2
6
2
1
2
6
1
0
0
5
1
0
1
5
0
0
7
0
1
0
0
0
0
2
0
0
0
0
0
0
5
0
0
0
1
1
0
0
0
0
0
2
0
0
0
0
11
128
127
126
178
89
0
0
0
2
6
7
1
0
0
0
4
4
0
3
5
5
0
0
0
4
1
1
1
3
0
0
4
0
0
0
0
0
0
4
3
0
0
0
0
0
2
0
1
0
0
0
0
1
0
0
0
1
0
0
0
0
31
117
117
128
184
90
0
0
0
2
5
4
0
0
0
0
1
3
0
6
4
2
0
0
2
3
0
3
2
0
0
2
2
0
0
0
0
0
0
1
6
1
0
0
0
0
0
1
1
0
0
0
0
1
0
0
0
1
0
0
0
0
53
104
106
137
190
89
0
0
0
2
5
2
0
0
0
0
0
2
3
7
2
1
2
0
4
1
0
4
2
0
0
1
4
0
0
0
0
0
0
0
5
2
0
0
0
0
0
0
0
0
0
0
0
0
0
0
0
4
0
0
0
0
57
97
96
143
195
92
0
0
0
1
6
3
0
0
0
0
0
4
3
4
3
4
6
3
2
1
0
1
3
0
0
0
8
0
1
2
3
0
0
0
4
1
0
0
0
0
0
0
0
0
0
0
0
0
0
0
0
6
0
0
0
0
42
91
92
146
202
100
0
0
0
0
3
4
0
0
0
0
0
5
0
0
4
8
8
4
1
2
0
0
4
2
0
1
9
0
2
1
2
0
0
0
2
0
0
0
1
0
0
0
0
0
1
0
0
0
0
0
0
8
3
0
0
0
26
93
93
143
204
110
0
0
0
0
0
3
0
0
0
0
0
0
0
0
4
12
9
2
1
3
0
0
4
3
0
2
7
0
2
0
0
0
0
0
0
0
0
0
0
0
0
0
0
3
1
0
0
2
0
0
0
10
2
0
0
0
12
98
100
133
196
129
0
0
0
0
0
3
0
0
0
0
0
0
0
0
3
14
9
0
0
6
0
0
1
2
0
1
6
0
0
1
0
0
0
0
0
0
0
0
0
0
3
0
0
3
0
0
0
1
0
0
0
6
0
0
0
0
0
98
112
129
189
147
0
0
0
0
4
5
0
0
0
0
0
0
0
0
1
10
6
1
4
7
1
0
0
3
4
0
4
0
0
3
0
0
0
0
0
0
0
0
0
2
2
0
0
1
0
0
2
0
0
0
0
2
0
0
0
0
0
102
118
128
193
150
0
0
0
0
9
5
0
0
0
0
3
6
0
0
0
4
7
7
10
5
0
0
0
3
4
1
2
0
0
5
2
0
0
0
0
0
0
1
3
3
0
0
0
0
0
0
2
0
0
0
0
2
0
0
0
0
0
104
114
130
205
144
0
0
0
0
11
7
0
0
0
0
4
7
0
0
0
6
13
11
10
2
0
0
0
1
1
3
2
0
3
5
0
3
0
0
0
0
0
4
6
2
0
0
0
0
0
0
0
0
0
0
1
1
0
0
0
0
0
96
105
145
218
132
0
0
0
0
14
10
0
0
0
0
4
5
2
0
0
11
14
11
7
0
0
0
0
1
0
3
1
0
4
1
0
3
2
0
0
0
0
3
4
2
0
0
0
0
5
5
0
0
0
0
0
0
0
0
0
0
1
92
99
159
224
123
0
0
0
0
10
4
0
0
0
0
4
3
4
2
0
9
8
9
7
0
0
0
1
0
0
2
1
0
0
0
0
0
6
0
0
0
0
1
2
1
0
0
0
0
8
5
0
0
2
0
0
0
0
0
0
0
0
100
97
156
224
133
0
0
0
0
0
0
0
0
0
0
2
1
5
5
4
6
3
6
6
0
0
2
2
0
0
2
3
0
0
1
0
0
3
0
0
0
2
0
1
0
0
0
0
0
6
0
0
0
4
0
0
0
0
0
0
0
0
102
90
145
222
152
0
0
0
0
0
0
0
0
0
0
0
1
6
7
7
7
7
1
0
0
0
1
2
0
0
1
3
0
0
5
3
0
0
0
0
8
26
7
0
0
0
0
0
0
1
0
0
1
0
0
0
0
0
0
0
0
0
89
81
134
209
152
0
0
0
0
0
0
0
0
0
0
1
3
5
7
8
7
11
0
0
0
0
0
3
5
3
1
1
0
0
0
0
0
0
0
0
33
80
33
0
0
0
0
0
0
0
0
8
11
0
0
0
0
0
0
0
0
0
74
81
128
191
131
48
0
0
0
0
0
0
0
0
0
3
4
3
6
9
4
3
0
0
0
0
1
4
4
4
3
1
0
0
0
0
8
0
0
0
64
115
68
0
0
0
0
0
0
0
0
18
21
4
0
0
0
0
0
0
0
0
75
89
136
187
119
62
0
0
0
0
0
0
0
0
0
5
5
1
6
10
1
0
1
6
0
0
5
3
1
5
4
3
0
0
0
0
2
0
0
0
68
94
79
13
0
0
0
4
0
0
0
9
19
20
24
0
0
0
0
0
0
8
88
100
152
195
129
25
0
0
0
0
0
0
0
0
0
4
5
0
5
9
2
1
1
4
0
0
4
2
1
7
4
3
0
0
0
0
0
0
0
6
34
49
52
20
0
0
0
10
0
0
0
0
15
27
30
0
0
0
0
0
0
60
94
109
161
206
147
0
0
0
0
1
0
0
0
0
0
1
3
1
6
8
3
2
0
2
4
0
2
3
1
7
5
2
0
0
0
0
0
0
10
7
0
7
15
9
11
0
0
15
0
0
0
0
21
36
3
0
0
0
0
0
26
86
94
110
159
217
165
0
0
0
0
1
0
0
0
0
0
0
4
4
9
7
2
0
0
3
6
0
3
4
0
6
7
3
0
0
1
1
1
0
9
5
0
0
0
0
13
0
0
12
0
0
0
0
30
35
0
0
11
1
0
0
36
72
95
109
153
220
175
0
0
0
0
0
0
0
0
0
0
3
6
6
9
6
4
0
0
5
5
0
3
3
0
6
9
5
0
0
0
20
6
0
0
0
8
4
0
0
15
0
0
6
0
0
0
0
32
15
0
0
2
0
0
0
19
43
91
113
145
213
176
0
0
0
0
0
0
0
0
0
0
8
6
5
7
4
5
0
0
6
3
0
1
1
0
4
9
7
0
0
0
18
2
0
0
0
13
12
0
0
9
0
0
0
0
0
0
7
16
4
0
0
0
0
0
0
0
7
71
106
133
207
182
0
0
0
0
0
0
0
0
0
0
10
8
3
3
0
5
4
2
5
2
1
1
0
0
1
6
7
14
0
0
7
1
0
0
2
7
0
0
0
0
0
0
0
0
0
6
4
0
1
2
0
0
0
0
0
0
0
53
82
116
205
192
0
0
0
0
0
0
0
0
0
0
10
11
1
0
1
6
3
1
4
2
3
5
2
0
0
5
5
6
0
0
0
0
0
0
0
0
0
0
0
0
0
0
0
0
1
2
0
0
0
1
0
0
0
0
0
0
0
54
64
98
196
196
0
0
0
0
2
0
0
0
0
0
9
11
0
0
6
6
0
0
4
1
3
9
6
0
0
5
4
0
0
0
0
0
2
0
0
0
0
2
0
0
0
0
0
2
0
0
0
0
0
2
0
0
0
0
0
0
0
59
58
89
181
194
0
0
0
0
4
4
0
0
0
0
8
8
0
0
8
6
0
0
2
0
1
9
8
0
0
1
3
0
2
0
0
0
1
0
0
0
0
2
0
0
0
0
0
2
1
0
0
0
1
2
0
0
0
0
0
0
0
65
56
89
173
190
0
0
0
0
4
5
0
0
0
0
6
6
2
2
7
5
3
0
0
0
1
7
6
3
1
0
0
0
4
0
1
1
0
0
0
0
0
1
0
0
0
0
0
4
2
0
0
2
1
0
0
0
0
0
0
0
0
78
63
87
169
188
0
0
0
0
4
4
0
0
0
0
3
8
6
4
5
4
6
0
0
0
2
5
3
3
5
0
0
0
0
0
13
7
0
0
0
0
0
0
0
0
0
0
0
5
2
0
0
2
1
0
0
0
0
0
0
0
0
92
72
81
162
187
0
0
0
0
0
3
0
0
0
0
7
10
6
4
5
5
4
0
0
0
1
4
3
1
5
3
0
0
0
0
24
14
0
0
0
0
0
1
0
0
0
0
0
1
2
0
0
0
2
0
0
0
0
0
0
0
0
96
71
78
161
185
0
0
0
0
0
1
0
0
0
0
16
10
1
4
8
6
1
0
0
1
0
2
4
1
3
4
3
0
0
0
20
12
2
2
0
0
0
6
0
0
0
0
0
0
0
2
2
0
0
0
0
0
0
0
0
0
0
89
68
82
168
183
0
0
0
0
0
0
1
0
0
0
18
13
0
3
9
4
0
0
0
2
0
0
4
3
1
4
4
2
0
0
10
4
0
4
0
0
0
5
0
0
0
0
0
0
0
1
4
1
0
0
0
0
0
0
0
0
0
80
74
88
170
182
0
0
0
0
0
0
1
0
0
0
11
16
4
1
5
1
0
0
0
3
0
0
3
3
1
4
4
2
0
0
3
0
0
5
4
1
0
1
0
0
0
2
3
0
0
1
4
0
0
0
0
0
0
0
0
0
0
67
93
95
166
183
0
0
0
0
0
0
3
1
0
0
2
11
10
0
1
1
0
3
2
3
0
0
1
2
3
3
5
2
2
3
0
0
0
5
2
0
0
2
0
0
0
5
1
0
0
3
4
0
0
0
0
0
0
0
0
0
0
49
117
110
163
183
0
0
0
0
0
0
2
3
0
0
0
4
9
0
1
3
0
3
1
0
0
4
0
1
4
1
7
1
1
3
2
0
1
0
0
0
1
5
0
0
0
0
0
0
0
3
3
0
0
0
0
0
0
0
0
0
0
36
133
124
158
180
0
0
0
0
1
0
0
0
0
0
0
3
2
0
3
4
1
1
0
0
0
9
0
0
4
0
6
0
1
1
5
0
0
0
0
0
1
5
3
0
0
0
0
0
0
1
0
0
0
0
0
0
0
0
0
0
0
24
131
125
156
177
2
0
0
0
1
2
0
0
1
0
0
3
0
0
2
4
4
0
0
0
0
8
0
0
3
1
3
1
2
1
6
0
0
0
0
0
0
0
6
3
0
0
0
0
1
1
0
0
0
0
0
0
0
0
0
0
0
6
108
115
165
178
23
0
0
0
0
1
1
0
1
0
0
2
4
0
0
2
5
1
0
0
1
5
0
0
2
4
3
5
2
1
7
0
0
0
1
6
0
0
6
3
0
0
0
0
5
1
0
0
0
0
0
0
0
0
0
0
0
0
84
105
175
184
46
0
0
0
0
1
1
0
0
0
0
3
7
0
0
0
1
2
1
1
2
3
0
0
3
6
3
7
2
0
9
5
0
0
2
7
0
0
4
0
0
0
0
0
4
0
1
0
0
0
0
0
0
0
0
0
0
0
78
104
177
190
53
0
0
0
0
1
0
0
3
0
0
5
3
0
0
0
0
1
2
3
1
1
0
0
6
5
1
3
0
0
10
7
0
0
0
4
1
0
0
0
0
0
0
6
0
0
5
0
0
0
0
0
0
0
0
0
0
0
85
113
177
190
41
0
0
0
1
0
0
0
7
2
1
6
0
0
1
0
0
0
2
3
0
1
0
0
10
3
0
0
0
0
6
5
0
0
0
2
3
0
0
0
0
0
5
6
2
3
3
0
0
0
0
0
0
0
0
0
0
0
98
129
180
188
28
0
0
0
1
0
0
0
9
7
4
3
0
0
2
0
0
1
2
1
0
1
0
1
10
0
0
0
4
0
0
2
0
0
0
2
0
0
0
0
0
0
5
4
7
4
0
0
0
0
0
0
0
0
0
0
0
0
109
132
179
193
26
0
0
0
0
0
0
0
10
10
2
0
0
0
4
0
0
2
0
1
0
0
0
2
5
0
0
0
13
0
0
0
3
0
0
2
0
0
0
0
0
0
6
8
5
0
0
0
0
0
0
0
0
0
0
0
0
0
108
121
179
202
29
0
0
0
0
0
0
0
9
9
0
0
0
1
7
0
0
0
0
3
2
0
0
0
0
0
2
0
11
0
0
0
5
0
0
2
0
0
0
0
0
0
12
12
0
0
0
3
0
0
0
0
0
0
0
0
0
0
102
129
195
207
33
0
0
0
1
0
0
0
8
8
0
0
0
4
6
0
0
0
0
5
3
0
0
0
0
0
1
0
4
0
0
3
5
0
0
0
0
0
0
0
0
0
17
5
0
0
0
3
5
6
0
0
3
0
0
0
0
0
102
146
211
210
44
0
0
0
7
0
0
0
6
8
0
0
0
6
3
0
0
0
0
6
6
0
0
0
0
0
0
