2
2
0
0
0
1
3
4
4
2
0
3
10
8
0
0
0
0
0
1
2
0
0
0
0
0
0
5
6
5
3
0
0
0
0
7
5
2
0
0
0
0
0
0
6
6
4
5
4
2
4
7
6
1
0
1
2
1
0
0
0
0
0
0
0
0
0
0
0
0
1
0
0
0
5
3
0
0
0
0
0
0
0
0
0
0
0
0
0
1
8
14
13
7
1
0
4
4
0
0
0
0
0
2
5
7
6
0
0
0
0
0
1
0
0
1
2
0
0
2
4
4
3
1
5
4
4
1
0
0
0
0
0
0
0
4
2
0
0
0
0
0
1
1
0
0
3
5
2
2
5
14
26
22
12
9
6
4
2
0
0
0
0
0
1
4
6
4
0
0
0
0
0
0
0
0
0
6
7
0
0
0
4
6
4
1
6
4
5
3
0
0
0
0
0
3
9
10
5
1
1
3
5
5
1
0
1
3
7
10
7
4
8
8
3
6
8
5
0
0
0
1
2
3
4
3
2
4
5
1
0
2
2
0
2
2
0
0
0
0
1
3
3
2
2
1
0
1
0
0
0
3
4
1
0
0
2
6
7
3
2
6
7
5
3
1
0
1
3
5
6
5
3
1
1
0
0
0
8
0
0
0
0
5
4
0
0
5
6
2
0
0
0
0
0
1
2
1
0
1
1
0
0
5
6
2
0
0
1
3
0
1
1
1
3
5
4
0
0
0
0
0
0
3
3
2
1
1
4
5
4
5
4
1
0
2
4
0
0
0
0
0
0
0
2
4
1
0
0
2
3
1
0
0
0
0
0
4
3
0
0
1
2
3
4
4
3
0
0
0
0
0
1
4
2
0
0
3
7
5
2
2
1
1
4
6
4
2
2
1
0
0
0
2
1
0
0
1
4
5
0
0
13
21
10
2
3
2
0
0
0
0
0
0
0
0
0
0
0
0
0
0
0
0
0
1
1
0
0
0
2
2
0
0
2
4
3
0
0
0
0
4
6
5
5
6
5
5
5
3
2
0
0
0
1
1
0
0
1
5
6
10
14
16
23
24
10
0
0
4
2
0
0
0
0
0
0
0
0
0
0
0
0
0
0
0
0
0
0
0
2
5
6
6
5
1
3
6
4
0
0
0
0
0
0
2
5
4
1
0
0
0
1
5
5
4
2
0
0
0
0
5
9
21
27
13
0
0
0
0
0
7
5
0
0
0
0
0
0
0
0
0
2
1
0
0
0
0
0
0
0
0
0
4
3
0
1
4
0
0
0
0
0
0
2
1
0
0
3
4
3
2
1
0
0
4
4
1
0
0
0
0
0
0
4
15
17
1
0
0
0
4
1
2
3
1
0
0
0
2
2
0
0
1
6
7
5
3
0
0
0
0
0
0
0
0
0
0
0
0
0
0
0
0
3
5
3
0
0
0
0
3
4
3
0
0
0
1
3
1
1
1
0
1
1
0
0
0
0
0
0
0
0
6
4
0
0
1
2
2
2
2
0
0
0
0
1
2
1
1
1
0
0
0
0
0
0
0
0
0
0
0
1
4
8
7
7
7
4
0
0
0
0
0
1
3
0
0
0
0
0
0
0
0
1
3
3
0
0
0
0
0
0
0
0
0
0
3
3
0
0
0
0
0
1
0
0
0
0
0
0
0
0
0
0
0
0
0
0
0
0
3
4
2
1
1
4
7
7
6
5
5
7
3
0
0
0
3
5
7
4
0
0
0
0
1
4
6
4
1
0
0
5
12
9
0
0
0
0
2
2
0
0
0
0
0
1
3
3
0
0
0
0
0
0
0
1
1
0
2
3
1
1
3
5
5
3
0
1
5
4
2
2
2
3
3
1
0
0
0
7
9
2
0
1
3
3
2
2
0
0
0
0
0
5
10
10
4
0
0
0
0
0
0
2
1
0
0
0
2
2
0
0
0
0
0
0
3
3
1
2
3
1
1
2
2
3
4
0
0
0
3
4
3
1
0
0
0
7
8
1
0
1
4
0
0
3
5
3
3
1
0
0
0
0
0
5
13
14
8
0
0
0
0
2
6
4
1
1
2
2
2
0
0
0
0
0
0
0
4
4
0
0
0
0
0
0
0
0
0
0
0
0
0
0
0
0
0
0
0
0
0
0
0
0
0
3
4
5
4
2
1
0
0
3
1
0
10
21
11
4
14
12
0
0
0
1
0
0
4
7
7
2
0
0
0
0
0
4
4
2
3
3
1
0
0
0
0
0
0
0
0
3
0
0
0
0
0
0
0
0
0
0
0
0
0
0
0
6
11
8
5
4
3
1
1
3
5
7
10
9
2
5
16
15
7
5
4
0
0
0
4
5
3
0
0
0
2
2
0
0
0
2
0
0
0
0
0
0
0
0
0
0
0
6
3
2
2
2
1
2
8
13
12
7
2
2
3
0
0
5
7
5
4
4
4
4
3
2
5
10
9
8
17
22
15
8
8
11
8
2
1
2
2
1
0
0
2
0
0
0
0
0
0
0
0
0
0
0
0
0
1
0
0
0
0
5
4
3
2
4
6
6
9
12
10
6
4
5
4
4
7
6
4
2
0
1
1
1
2
1
2
5
0
0
11
15
1
0
8
12
9
5
4
4
3
0
0
0
3
2
0
0
0
0
0
0
0
0
2
3
0
0
0
0
0
0
0
2
0
0
0
4
5
1
0
0
0
1
3
3
2
3
3
2
2
1
2
3
0
0
0
1
3
3
0
0
0
4
0
0
0
1
1
2
1
0
1
2
1
0
0
0
0
0
0
0
0
0
0
2
4
3
2
2
2
2
1
0
0
0
0
0
0
3
3
1
0
0
0
1
3
4
3
0
0
0
0
0
1
0
0
0
0
2
5
5
8
11
5
0
0
0
0
0
3
2
0
0
0
0
0
0
0
0
0
0
1
0
0
0
4
7
6
5
6
3
1
3
3
2
4
0
0
0
1
3
4
4
4
3
0
0
1
4
3
2
0
0
0
0
0
0
1
0
0
0
0
6
13
12
0
0
0
0
0
0
3
2
1
2
0
0
0
0
0
3
7
7
4
0
0
0
2
2
3
4
3
0
0
0
3
5
5
3
6
5
2
0
3
5
2
0
0
0
0
0
1
1
0
0
3
4
4
6
8
3
0
0
0
1
5
2
0
0
0
0
0
0
0
3
5
5
2
0
0
0
0
2
6
2
0
0
0
0
0
0
0
0
0
0
0
0
0
0
0
6
4
4
2
0
0
2
0
0
0
2
2
0
2
2
1
3
3
2
1
0
0
2
4
4
2
0
0
0
0
0
0
0
0
0
6
8
2
0
0
3
3
1
0
1
2
2
3
3
1
0
0
0
0
0
3
5
1
0
0
1
0
2
0
0
0
0
0
0
0
0
1
2
1
1
3
4
3
1
0
0
0
0
0
1
7
4
0
0
0
0
0
0
0
0
0
0
6
6
0
0
0
5
2
0
0
0
0
2
6
6
5
0
0
0
2
5
3
3
3
3
6
8
6
0
0
0
0
0
0
0
0
0
0
0
2
6
6
3
2
1
0
0
0
2
2
1
0
0
0
0
8
5
0
0
0
0
0
0
0
0
0
0
0
0
0
0
0
0
0
0
0
0
0
0
0
0
2
3
0
0
2
3
0
0
0
0
0
0
0
0
0
0
0
0
0
3
9
11
6
1
2
3
3
5
4
1
0
0
0
0
0
0
0
0
0
0
0
0
0
0
0
0
0
0
0
0
2
5
2
0
0
0
0
0
0
0
5
9
8
4
2
0
0
0
0
0
0
0
0
1
0
0
0
2
2
2
1
0
0
0
0
0
2
3
4
8
7
2
0
0
1
1
1
6
3
0
0
0
0
0
8
6
0
0
0
0
0
2
2
0
0
0
0
0
0
3
6
9
8
5
3
1
0
0
0
0
0
0
0
2
2
0
0
0
0
0
1
0
0
0
0
0
0
0
0
0
1
7
6
0
0
6
5
1
5
12
9
0
0
0
0
0
2
1
1
2
6
12
8
0
0
0
0
3
6
5
4
6
10
9
2
0
0
0
0
0
5
4
1
0
1
11
5
0
0
0
0
0
0
0
0
0
0
0
0
0
0
0
0
0
0
0
0
2
1
0
0
0
1
0
0
0
0
0
0
0
4
6
7
9
3
0
0
0
3
7
6
3
3
5
8
10
9
6
2
0
0
0
2
1
0
0
1
8
0
0
2
5
1
0
0
0
0
0
0
0
0
0
0
0
0
0
0
0
0
0
0
0
0
0
0
12
7
0
0
0
0
0
0
18
9
0
0
1
2
1
0
0
0
0
0
1
3
5
11
13
3
0
0
0
0
0
4
5
3
0
0
0
0
0
0
0
0
0
0
3
4
0
0
0
0
0
0
0
0
0
0
0
0
0
0
0
0
14
30
17
5
0
0
0
0
31
24
3
3
5
4
2
2
1
1
3
3
1
0
0
0
0
0
0
0
0
1
3
5
7
7
0
0
0
0
0
0
0
0
0
0
0
0
0
0
0
0
0
0
0
0
0
0
0
0
0
0
0
0
0
3
0
0
0
0
0
0
16
20
4
4
5
3
1
0
0
3
4
3
2
3
2
0
0
0
1
0
3
6
4
2
3
5
0
0
0
0
0
0
0
0
0
0
0
0
0
0
0
0
0
0
0
0
0
0
0
0
0
0
0
0
0
0
0
0
0
9
13
6
0
0
0
0
0
0
0
0
0
0
0
0
0
0
0
0
0
0
0
0
1
1
0
0
0
1
0
0
0
0
0
0
0
0
0
0
0
0
0
0
0
0
0
0
0
0
0
0
0
0
0
0
0
0
0
0
0
0
14
27
41
21
0
0
0
0
0
0
0
1
2
0
0
0
0
0
0
0
1
0
0
1
0
0
0
1
2
1
0
0
0
0
0
0
0
0
0
0
0
0
0
0
0
0
0
0
0
0
0
0
0
0
0
0
0
0
0
0
4
7
11
18
33
20
0
0
0
0
1
2
3
5
4
1
0
0
2
4
3
0
0
0
0
1
2
3
3
1
1
2
0
0
0
0
3
20
28
33
22
0
0
0
0
0
0
0
0
0
0
0
0
0
0
0
0
0
0
0
0
6
6
4
0
1
15
18
3
0
1
1
0
0
0
0
0
0
0
0
3
3
2
1
0
0
0
0
1
2
1
0
1
3
32
44
45
61
85
93
85
77
84
93
89
74
65
63
54
44
33
29
37
52
66
61
43
35
35
35
37
41
40
22
9
11
9
4
3
3
0
2
6
5
3
0
0
0
0
0
0
0
0
0
0
2
2
3
3
2
1
0
0
0
0
1
104
112
94
92
92
89
88
80
78
98
119
122
121
114
104
100
92
82
81
97
108
95
90
105
106
92
92
92
73
45
25
23
21
11
6
8
9
6
2
1
2
2
1
0
0
4
6
5
3
0
0
0
3
6
5
4
3
1
0
0
0
0
173
192
184
170
164
162
157
159
165
158
148
149
145
145
157
150
140
148
164
175
162
148
160
174
169
156
156
158
130
85
49
24
7
0
4
13
12
5
2
1
0
2
6
8
6
4
6
7
3
0
0
0
2
1
0
1
3
4
4
3
0
0
152
163
183
185
179
181
185
186
179
165
160
167
166
165
171
171
184
202
208
206
196
187
184
186
189
191
193
177
121
65
45
28
4
0
0
2
3
0
0
1
2
4
7
7
5
4
5
5
3
5
8
5
1
0
0
1
5
10
10
7
7
7
36
38
49
49
46
51
57
54
48
50
56
60
64
63
59
67
86
95
88
79
78
79
77
80
88
95
100
81
36
18
28
28
16
0
0
0
0
0
0
0
1
6
7
5
5
5
3
2
2
4
6
4
2
2
1
0
0
2
5
5
3
2
0
0
0
0
0
0
0
0
0
0
0
1
3
3
1
1
2
2
2
2
3
6
10
12
14
19
24
15
0
4
17
16
13
5
0
1
8
4
1
2
4
6
4
1
1
2
0
0
0
0
0
2
4
2
0
0
0
0
0
1
0
0
0
0
1
3
4
3
3
6
7
5
4
3
2
3
4
4
4
5
7
8
10
13
12
8
7
10
11
6
0
0
0
0
1
1
0
2
9
6
1
0
0
0
0
0
1
0
0
0
4
5
3
5
7
3
0
1
1
0
0
1
4
2
0
0
0
0
3
3
2
3
4
3
1
0
0
1
2
3
6
8
7
8
12
13
9
5
5
7
6
6
4
0
0
5
9
3
0
2
6
6
0
0
0
0
0
0
0
0
0
2
4
3
2
2
1
0
1
2
1
0
0
0
0
2
1
0
0
0
0
4
3
2
4
6
5
3
2
3
5
6
5
4
5
6
4
3
4
3
3
3
1
0
0
0
2
10
9
2
0
0
1
2
2
0
0
0
0
0
0
0
2
0
0
0
1
0
0
0
0
0
0
0
0
0
0
0
8
3
0
0
0
0
2
4
4
5
9
13
12
11
12
8
1
0
0
3
2
0
1
1
0
0
0
0
0
0
0
0
0
0
0
0
0
0
0
0
0
0
0
0
0
0
4
1
0
0
2
1
0
0
1
2
0
0
0
0
0
0
3
11
17
12
2
0
0
1
0
0
2
6
6
2
0
0
0
0
0
0
2
2
0
0
0
0
0
0
0
6
0
0
0
6
9
1
0
0
0
0
0
0
0
2
2
0
0
3
3
1
0
0
0
0
0
0
0
0
0
0
0
0
0
4
14
14
6
0
0
0
4
5
1
0
0
0
0
2
6
5
3
2
3
2
0
1
0
0
0
0
11
11
0
2
10
10
8
3
0
0
3
2
1
1
6
11
9
1
0
0
3
0
0
0
0
0
3
4
4
3
1
1
2
2
0
0
8
9
3
0
1
4
7
7
5
3
0
0
0
5
5
4
5
6
4
1
1
2
0
0
0
0
7
0
0
0
0
2
1
2
2
2
2
5
6
5
9
13
15
12
3
0
2
1
1
2
3
4
3
1
1
1
0
1
1
1
0
0
1
2
2
4
5
0
0
0
0
2
3
6
7
3
0
0
0
0
0
0
0
0
0
0
0
0
0
0
0
0
0
5
3
8
13
6
1
6
11
10
7
9
13
13
10
5
2
3
5
6
5
3
0
0
0
0
0
0
0
0
5
3
1
2
7
9
4
0
0
0
0
0
4
11
8
3
3
3
1
0
0
0
0
0
0
0
0
0
0
0
0
0
2
2
0
2
11
6
0
1
5
7
4
4
6
6
7
4
0
0
0
1
1
0
0
1
3
3
0
0
0
0
2
3
3
3
4
1
0
0
0
0
0
0
3
3
0
0
0
2
3
0
0
0
0
0
0
0
0
0
8
21
12
0
0
0
0
0
9
11
3
0
0
0
0
1
4
4
1
1
1
0
0
0
0
0
2
5
4
2
2
1
1
1
0
0
0
0
0
0
0
0
0
3
0
0
0
0
0
0
0
0
0
0
0
0
0
0
0
0
0
0
15
33
22
0
0
0
0
0
22
25
9
1
0
0
1
1
0
0
0
2
7
5
0
0
0
0
0
1
1
1
1
0
2
5
0
0
0
0
0
0
0
0
2
2
0
0
0
0
0
0
0
0
0
0
3
0
0
0
0
0
0
0
7
16
8
0
0
0
0
4
19
17
5
0
1
1
0
0
0
2
5
5
3
3
4
1
0
0
1
2
1
0
0
1
2
1
0
0
0
0
0
3
3
0
0
0
2
2
0
0
0
0
0
2
0
0
3
3
0
0
0
2
5
7
7
3
0
2
6
7
8
7
0
0
0
3
3
0
0
0
0
2
5
3
0
0
2
2
1
0
1
1
0
0
0
2
3
1
3
0
0
0
0
0
2
2
0
0
2
0
0
0
0
0
2
2
2
5
5
5
7
7
7
14
26
28
11
0
0
0
7
15
14
3
0
0
0
5
4
0
0
0
0
0
2
0
0
1
1
1
2
2
1
0
0
0
0
2
3
1
2
0
1
0
0
0
0
0
0
0
0
0
0
0
0
0
0
0
7
7
4
7
10
9
10
16
26
28
8
0
0
0
0
6
8
4
0
0
2
1
0
0
0
0
1
4
1
0
1
2
3
4
5
6
5
4
3
2
3
2
0
0
6
8
13
4
0
0
0
3
4
1
0
0
0
1
1
0
0
0
0
0
0
0
1
1
4
8
17
21
7
0
0
0
0
0
0
0
0
0
0
0
0
0
4
6
6
4
1
0
1
4
5
3
2
0
0
2
3
2
2
0
0
0
0
3
5
2
0
0
2
4
4
4
2
0
0
1
0
0
0
0
0
0
0
0
0
0
0
0
8
19
8
0
0
0
0
0
0
0
0
0
0
0
0
4
6
5
3
2
3
2
1
3
3
1
0
0
0
0
0
2
2
0
0
0
0
0
0
0
2
5
3
0
0
0
0
1
0
0
0
0
0
0
0
0
0
0
0
0
0
0
1
11
0
0
0
0
0
0
0
0
2
0
0
5
7
5
4
4
4
2
0
0
4
4
2
3
2
0
1
3
3
2
1
0
0
0
0
0
0
0
3
3
1
0
0
0
0
0
0
0
0
0
0
0
0
0
0
0
0
0
0
0
0
0
0
0
0
0
0
0
0
0
0
1
0
1
4
5
6
4
2
2
1
2
4
3
3
5
6
5
4
6
7
3
0
1
2
0
