1678
770
739
1368
2095
1207
53
3796
1731
1531
1491
2375
1096
1599
1069
2253
3695
2341
848
2294
1174
2939
3226
1772
1834
2366
0
1277
1788
972
763
0
1931
1972
2519
1377
1401
1069
1065
1013
2851
687
1411
1905
1618
2267
2032
1481
1764
1553
889
1718
2136
952
821
1616
0
1525
3288
2918
1596
892
1919
1905
3167
221
2470
1887
1728
1032
3364
1801
1640
2897
746
2277
3269
130
2452
2984
3175
1719
2423
886
1325
1550
2371
2676
3850
1834
2488
1974
2257
1216
3883
2658
2509
2011
1760
1987
1467
3196
2706
2809
90
2082
2439
373
1657
1865
1584
1263
217
1065
723
1351
2346
1420
1598
1615
2064
966
664
1127
4369
1983
1614
2365
1401
3552
1416
3044
2855
1935
603
2490
4623
1751
2089
3299
744
1246
2039
1607
1656
2122
642
1139
1597
2973
1293
550
327
2158
3993
1726
970
2946
1038
2363
1537
2849
3637
2182
1164
2971
3452
1111
975
1400
687
850
3277
3240
1541
2653
1373
2874
1267
1511
3287
2951
2742
2688
4318
2743
727
3138
2702
1366
1134
963
1705
2319
1588
898
1627
2788
1859
3759
2264
2239
2540
1188
908
1589
1975
2970
1674
838
1678
1826
2048
1189
1898
470
1251
2350
2499
1172
746
1890
3081
1723
2278
1517
1665
1061
210
2359
2536
1817
1343
835
2819
2031
2964
1943
251
566
1975
2057
3770
1739
2693
1215
997
736
1519
0
1348
1265
1713
2242
2986
2679
1873
490
1156
1890
1508
589
0
0
2733
2779
3749
1765
2366
2198
1120
1420
1545
994
1298
358
2754
2452
2199
936
1046
726
1790
1242
2915
848
1852
2482
2013
3549
1605
985
1219
2706
1808
1044
836
2669
2062
1062
1088
854
1340
2251
1489
432
1419
2622
3389
2742
3128
1853
969
2706
4103
2056
278
498
1571
1986
1395
1040
1551
1039
1530
1238
1917
936
1883
2064
253
359
957
1526
1022
27
941
1140
1724
624
528
2482
1638
2780
3025
1035
2609
2898
2867
2080
1048
241
3444
1899
2620
1217
3548
2287
1663
2947
1769
1239
2374
2467
619
86
1649
569
2096
2949
2800
1686
1629
2988
2470
0
625
945
1485
1049
258
375
3099
1594
1824
1682
1541
2255
1726
2615
1457
1716
168
2486
1455
1342
1082
628
1303
2543
2776
3032
1508
2340
2571
155
1171
2654
3559
2830
2139
2242
4085
1928
1485
2018
1597
1971
400
1940
3917
2209
0
1155
790
1234
1378
955
665
2060
1657
1451
2059
2106
793
1067
1042
1355
2548
3161
2843
1382
1733
1333
0
1101
523
2287
2339
1121
2904
1024
621
420
1644
1196
447
1795
1386
1533
2814
2646
3703
1959
1367
3102
1524
1626
2418
2232
1396
0
661
932
2164
1143
606
1383
1901
1150
3694
2221
2145
759
2018
2904
2777
3579
1657
1182
1018
944
2182
979
0
3150
1317
277
1675
1565
997
0
1231
1135
912
1201
2197
2380
1287
153
1829
1514
2139
1213
1242
2749
2368
2227
287
490
3152
2469
1025
56
0
1842
2063
1356
412
210
580
21
582
858
1229
23
2508
2883
988
2067
2289
2710
915
644
1207
3691
2444
2927
633
1592
2221
1902
1617
61
1047
1837
527
1327
1048
1127
1288
1649
2514
1884
2172
1159
1377
1223
0
2554
703
1979
2438
1699
1301
1515
1870
1603
59
1456
2724
1068
707
2432
2435
2577
2299
1786
3153
2927
2535
484
2708
2931
2787
2611
1766
467
665
2035
3000
2487
247
1329
1685
319
1781
1656
277
319
1136
2651
1634
2505
2212
2816
3171
1975
2902
3592
3600
1865
1910
769
998
1001
1133
23
2007
3340
2312
2055
2277
2189
1581
586
1290
954
2340
1798
2022
2325
893
2692
465
1998
3390
2600
978
1797
0
712
2666
1261
1810
1130
815
544
362
2514
2720
2334
2418
2797
2384
2128
2823
1636
2519
3177
1734
2270
1732
3055
2635
3476
3120
2713
1320
1297
1780
1700
845
1413
2201
2711
644
1602
2265
1718
1221
580
989
391
616
918
383
1343
2989
3263
2387
557
1377
1021
1483
2198
1701
1464
2170
2006
2920
2452
2675
2886
2279
1861
1868
2045
3101
786
909
1130
460
1243
890
1778
2370
2080
873
1935
754
1571
2792
2707
1832
2131
1549
2294
1801
716
2288
2360
447
2107
2612
851
1046
2633
3645
2137
0
728
1195
1967
1416
1225
2516
2579
2423
1597
2988
0
2024
3008
2479
2533
2973
3539
2406
1228
1808
3464
2706
2885
1623
2574
2396
3455
2032
1438
716
684
2719
1965
1191
1854
2931
0
961
1659
3981
1509
2315
2875
2710
1539
1677
3414
3008
2550
2127
1976
1608
1873
2523
3500
2510
2858
822
0
2423
1032
2273
1828
569
988
2618
971
495
1478
3419
1898
1578
1119
1192
2527
164
1053
1112
1136
2612
2463
2065
320
889
2325
1498
987
1104
1230
1692
1395
2883
1525
1979
3790
2635
1741
1443
2365
2540
1935
2787
1982
1776
3008
1484
1852
2114
868
979
1265
708
1218
2474
1718
2743
2489
1766
1819
2525
1592
2342
559
564
1342
740
263
0
1883
1376
2702
1775
0
1245
1145
906
466
3976
2004
1754
732
2101
2213
3124
1787
1183
1678
2967
1615
