1309
-497
-210
-826
1864
2
171
112
-523
225
556
564
-366
109
119
-541
530
1513
1362
-273
-571
1216
1606
1894
-874
1770
-411
209
-1072
765
-33
-1017
-642
1368
2136
-2692
3174
1063
233
-2206
1678
-432
367
504
290
151
2206
-1790
884
-848
810
950
407
-1307
1622
-2003
-394
-157
799
760
-1558
780
1618
1168
-1362
1096
224
584
-502
2157
-193
330
413
1223
53
2017
-637
-151
349
-70
1572
1830
-231
164
1663
-1661
277
2369
1813
489
-1020
1112
1253
-209
35
1292
-328
1736
-576
2666
-546
-1065
1759
454
853
3
-348
1393
-851
1973
-1569
387
-596
-59
-1184
991
3
2229
-988
-395
625
1583
-2547
1462
291
313
850
-755
110
-72
1660
689
1333
-626
-1040
1460
580
-173
2873
175
1139
-630
-35
1001
165
2371
1004
-803
-805
1089
130
-1454
-614
1717
1388
373
-580
-352
2059
-979
1145
327
400
-511
-109
3214
-760
727
-152
-426
115
-1736
1036
279
1314
843
-1257
610
2994
949
-213
1157
1830
2743
1272
-1206
2235
-319
993
1007
-77
1081
325
-2296
1583
1352
-768
-1625
253
1501
-658
3148
2495
-1227
1065
-2707
710
1843
3
115
1663
-848
-43
565
357
-1514
-171
-249
651
-310
72
600
195
1920
9
-737
2002
305
1113
-1923
10
1234
89
-1564
276
434
3450
-597
-979
130
48
584
159
1275
1523
-295
1194
1935
-911
-1327
-1
230
1814
-531
-1503
1214
2096
192
-960
2173
473
-367
-1687
1302
-1015
1594
-58
-320
193
553
-795
2479
-785
-18
-1310
-5
-699
765
552
1108
452
1629
-652
-426
2313
279
-2293
-1617
2802
1940
78
80
-917
2046
2366
1704
-1930
-440
-127
1824
433
1091
-1201
581
422
914
-51
425
-577
976
298
1872
-73
2256
515
-101
1070
1011
29
-1742
608
-1446
1417
510
692
-2002
2020
1098
128
-1632
531
-2317
1379
832
-854
-203
1272
72
81
-305
-914
-1676
379
2006
95
-489
424
-223
1318
2335
-62
-53
456
366
-550
1872
1072
1235
-47
159
-1888
2464
940
818
259
-34
393
1849
-116
-658
1733
1411
803
558
1294
-297
-1046
606
87
-363
-2089
1035
-464
985
-174
1257
-699
-724
965
1326
508
996
-861
461
-1744
1165
791
314
118
882
304
410
-365
2377
-1546
168
1131
152
421
649
564
2596
1475
1550
-150
25
1203
13
1863
-1286
630
-1056
2901
-552
-537
715
-1071
-83
2595
132
648
-1532
667
1294
-1392
-203
296
1287
70
-471
-76
1698
544
-1680
314
-391
186
-560
-458
1341
1975
-1536
-226
-36
872
-83
-298
527
75
1167
568
130
1512
986
-321
116
1642
1273
985
965
124
-375
-742
-1266
879
496
1361
-468
806
558
-591
-626
146
1636
664
-465
1575
563
1447
1577
151
1127
-495
-1531
-146
468
-654
236
710
734
-1156
-1219
749
1274
264
-685
-1121
3047
774
-1339
-107
840
-1437
384
-7
823
520
846
-539
-1502
-46
1720
2134
-1822
1700
132
-1741
1228
1230
146
-1840
783
532
-379
390
-861
856
1099
-1204
-144
-688
78
1359
-1291
761
852
807
627
-1639
1427
1722
349
-860
-302
875
825
914
-791
-788
-12
1030
571
-460
1948
156
1753
2640
-1604
-1033
561
1151
134
-885
-556
3374
-272
730
-1428
-495
1292
-107
-141
-894
-615
1386
1462
1041
-397
340
1200
2241
-216
596
618
-509
1270
1503
-877
1624
514
703
1681
457
-61
67
60
649
-663
713
717
-1047
328
-228
1774
745
-725
-155
2464
-107
1127
-1602
1772
2410
-351
305
-1108
-1546
533
-704
1974
2134
-68
-808
1418
-35
617
1536
-812
-608
397
2370
411
1052
754
-690
461
-260
962
1088
869
-1587
-443
-1764
1086
495
597
-62
42
636
1991
-921
-1688
1540
1255
-1195
1127
449
1270
562
158
2671
-1077
1067
-515
699
2467
1899
-1079
1569
73
-235
704
1185
-125
-912
1485
462
-1180
2591
1068
856
1752
-176
-1342
-685
25
-1057
-119
78
700
14
74
1411
-544
361
390
3
-1290
-624
-573
1081
2094
-282
-199
3353
-849
-615
655
1686
-54
368
55
-550
520
1030
-116
121
1610
2889
-578
-1375
-122
-522
2076
1092
974
-401
1408
-15
1317
-46
-626
-157
1515
-949
-61
-454
1666
-1378
361
-494
-769
573
318
1090
-403
1410
-32
650
-80
1263
431
1209
-1421
1440
-430
837
1346
1026
522
458
-359
1429
1608
-162
634
557
2167
632
137
245
-157
516
1424
-440
851
1773
17
-1421
481
-542
1495
351
1533
-250
1169
637
-458
-638
-338
3179
217
367
-883
-99
-75
1918
1043
526
-773
-441
1106
1290
215
-1159
2475
-1782
679
165
1710
-123
-1117
2388
927
-1423
38
851
857
-1209
-303
-575
114
1333
-51
1258
-309
406
-804
-1838
104
-463
-168
948
-582
166
1360
512
1460
-602
2949
382
-210
563
-896
2732
-887
1626
254
1589
1071
-550
1086
-906
-1140
1601
880
-258
-47
1102
936
-675
1175
870
-146
599
-16
483
-2446
-387
527
-748
778
-198
373
214
-557
-881
-775
361
-122
2656
-85
-1629
1539
1584
531
1278
-727
301
-241
