57
833
44
-929
-2317
2088
-644
-1264
-1171
-152
-1506
738
-71
-555
-862
-824
-1886
487
-189
388
24
-1810
-1381
642
-1513
-389
2331
-223
-627
-1245
2545
830
-1234
-2490
850
576
-1584
998
1148
-404
-1221
1264
-647
-531
573
-2568
-898
1123
-772
362
-1739
-979
73
1326
-445
1739
261
-1272
-2889
-1154
-108
-1134
-1442
-300
-499
-1191
72
73
580
-2156
-825
-277
-1075
-901
139
-1244
1394
-380
-990
-2253
-508
296
650
-792
956
-715
-2427
-2837
-998
-602
-1356
-2295
1745
-795
-2588
-313
-1204
-1185
-708
-302
512
-2285
-2013
467
1275
-609
-1364
1268
-1004
-1167
625
21
895
43
88
-1607
-1459
97
1907
-58
-738
951
1467
-2167
-1771
-664
21
507
-1171
-604
-588
-1450
-1295
1491
646
-3091
-1013
-508
-921
627
78
947
-1523
-132
-1140
-1021
2163
1132
-920
-2420
1360
1430
-379
-2216
-1496
1861
113
-1237
-530
-366
-772
-133
-1329
376
-1391
-2026
-581
-127
1197
-683
1824
-1086
-3566
-673
-1380
866
-25
-2652
-1036
674
-2230
-2489
-1602
-1629
-940
242
-884
-718
-988
1123
606
-521
528
-977
-1020
2328
228
-15
-1793
-947
-1022
-2436
40
870
271
788
-3942
-773
2003
984
-335
-636
-281
872
246
1007
84
-1194
-737
1190
282
-47
-1186
-1118
960
80
-747
-229
48
-1083
-2012
445
2775
143
-1474
-2028
-1320
2110
105
112
1996
-1276
-877
-884
824
362
-672
388
1370
101
-328
-1478
-675
877
-2252
-2322
361
3167
42
-1484
1205
1111
1608
-1204
-1431
-2562
852
-728
-453
-2023
32
-1106
898
-491
808
-452
-444
-1041
54
-545
-144
141
1521
-2158
-1698
1619
706
-2224
-2791
-5
491
623
-1267
-1645
-485
1632
-94
-1594
-1582
775
-523
2274
524
-1402
359
333
-1405
-2197
-1719
-1257
-838
-233
137
-2765
46
700
-860
-426
331
-408
-60
-107
-1978
-45
1452
1066
-1533
391
221
636
2419
301
-1845
-149
674
487
432
55
-827
851
-189
-605
-1227
-1124
-697
-283
149
-256
-1599
-911
1714
-1103
-868
-182
-915
-2638
-964
443
-278
-2946
168
-2108
128
-938
1494
-278
-276
435
434
-1419
-1277
-893
-119
-1736
1068
2056
-842
-1379
172
1377
1661
-1192
-1585
-1305
-518
220
-145
-714
-1458
-41
-2425
1758
-155
-955
73
-1474
76
732
-1536
-2360
-1572
605
-135
-1334
1385
231
482
-985
-1454
-1313
-1196
-2085
-1560
514
715
-545
-142
-531
731
1136
-2132
663
591
1103
-1595
-113
626
-1008
175
482
-206
121
-1644
983
396
-776
-287
-1258
-1662
-2113
-1088
17
874
1377
-159
776
-520
241
-726
-726
-486
863
769
704
-845
563
-892
-849
389
-870
-301
-1984
-2041
889
66
-2519
-54
526
-350
-659
1217
2448
1233
-809
-995
248
818
-1428
-1627
1223
1072
-1074
-1004
-469
-523
-1777
-2029
-1600
-990
504
-65
-198
-164
1693
-836
-1495
825
358
-152
523
1966
1
-1329
-607
-426
365
-1823
-1368
1971
868
-691
-490
-484
207
-511
-2131
-1133
-457
2768
150
-1341
-626
1545
1536
-579
526
-905
-796
1569
1036
99
-1255
828
49
904
-172
-3425
56
1343
-2167
-219
-691
582
1316
-1984
-492
-1074
1050
812
-2552
-1895
116
829
487
-556
-527
-320
223
214
-261
-1340
-64
-1409
-1708
-424
-978
254
1704
-1212
-2273
-238
-732
137
-1162
-644
747
-899
741
-527
-723
781
268
-30
-2255
-1978
-780
510
-1115
-2843
-2942
244
-109
-2839
-1100
-1370
-1223
1632
828
-693
-907
-1246
-195
344
-838
1043
1217
-568
275
368
1538
-1211
-877
-1185
-2411
-74
-1317
-2010
-1142
-1001
-2457
242
-1482
968
747
-191
656
-130
308
-630
-3117
-1769
1358
-189
-1226
466
-669
256
43
-1384
-639
-1615
-428
-754
725
1191
-1640
-1822
364
931
758
852
30
315
-148
873
-451
208
153
-1236
-1033
730
-1487
-2687
-254
-530
-1647
-197
-1019
-2057
-2293
-160
1553
-1613
-35
-2196
-1446
-741
90
246
2033
3
-1032
-906
118
-2107
-863
982
-844
-1612
1686
-10
-244
1813
954
-156
-18
454
-483
-1499
-1482
968
-349
230
-507
-794
-292
1597
-401
-484
-1419
-2794
-634
736
-2568
-1231
807
-709
-2601
-764
1021
1870
1818
720
-346
86
188
-1445
-1132
163
1211
-374
399
-1725
-106
0
450
-247
-1091
-410
-484
-269
236
-589
-1095
1103
238
-608
-1978
-224
-1494
774
-159
-1505
-1171
-33
-1046
-2414
-99
859
-484
-825
-175
-1287
-1607
-929
-286
-2450
-1429
450
1476
-989
-1578
-1281
355
-643
-892
-1181
-1528
-320
-105
-3
-281
-2130
-653
1031
-2179
404
1303
-22
-2317
-1403
562
-341
-1781
-425
-528
124
-1525
-607
-1377
-1107
371
-963
629
-1608
-1877
-1641
454
2257
2218
-980
-691
-1101
795
170
-1043
939
-98
1163
-1971
-894
-806
-906
2482
-486
138
1335
598
-64
-851
411
-561
834
799
-663
-195
576
1871
409
-762
10
-895
-571
423
-1773
-1401
-1770
-375
-122
-1596
742
-1642
319
311
-1395
-764
-382
965
-789
1488
-899
-517
1557
-181
-941
604
-879
-1262
-1833
-917
-582
-1666
-181
728
-487
-507
1139
2286
-866
359
-34
-1272
-227
463
588
-286
1040
-1680
-1485
-710
291
1807
-1221
-3616
-537
-403
-131
-792
-1186
818
