57
833
44
0
0
2088
0
0
0
0
0
738
0
0
0
0
0
487
0
388
24
0
0
642
0
0
2331
0
0
0
2545
830
0
0
850
576
0
998
1148
0
0
1264
0
0
573
0
0
1123
0
362
0
0
73
1326
0
1739
261
0
0
0
0
0
0
0
0
0
72
73
580
0
0
0
0
0
139
0
1394
0
0
0
0
296
650
0
956
0
0
0
0
0
0
0
1745
0
0
0
0
0
0
0
512
0
0
467
1275
0
0
1268
0
0
625
21
895
43
88
0
0
97
1907
0
0
951
1467
0
0
0
21
507
0
0
0
0
0
1491
646
0
0
0
0
627
78
947
0
0
0
0
2163
1132
0
0
1360
1430
0
0
0
1861
113
0
0
0
0
0
0
376
0
0
0
0
1197
0
1824
0
0
0
0
866
0
0
0
674
0
0
0
0
0
242
0
0
0
1123
606
0
528
0
0
2328
228
0
0
0
0
0
40
870
271
788
0
0
2003
984
0
0
0
872
246
1007
84
0
0
1190
282
0
0
0
960
80
0
0
48
0
0
445
2775
143
0
0
0
2110
105
112
1996
0
0
0
824
362
0
388
1370
101
0
0
0
877
0
0
361
3167
42
0
1205
1111
1608
0
0
0
852
0
0
0
32
0
898
0
808
0
0
0
54
0
0
141
1521
0
0
1619
706
0
0
0
491
623
0
0
0
1632
0
0
0
775
0
2274
524
0
359
333
0
0
0
0
0
0
137
0
46
700
0
0
331
0
0
0
0
0
1452
1066
0
391
221
636
2419
301
0
0
674
487
432
55
0
851
0
0
0
0
0
0
149
0
0
0
1714
0
0
0
0
0
0
443
0
0
168
0
128
0
1494
0
0
435
434
0
0
0
0
0
1068
2056
0
0
172
1377
1661
0
0
0
0
220
0
0
0
0
0
1758
0
0
73
0
76
732
0
0
0
605
0
0
1385
231
482
0
0
0
0
0
0
514
715
0
0
0
731
1136
0
663
591
1103
0
0
626
0
175
482
0
121
0
983
396
0
0
0
0
0
0
17
874
1377
0
776
0
241
0
0
0
863
769
704
0
563
0
0
389
0
0
0
0
889
66
0
0
526
0
0
1217
2448
1233
0
0
248
818
0
0
1223
1072
0
0
0
0
0
0
0
0
504
0
0
0
1693
0
0
825
358
0
523
1966
1
0
0
0
365
0
0
1971
868
0
0
0
207
0
0
0
0
2768
150
0
0
1545
1536
0
526
0
0
1569
1036
99
0
828
49
904
0
0
56
1343
0
0
0
582
1316
0
0
0
1050
812
0
0
116
829
487
0
0
0
223
214
0
0
0
0
0
0
0
254
1704
0
0
0
0
137
0
0
747
0
741
0
0
781
268
0
0
0
0
510
0
0
0
244
0
0
0
0
0
1632
828
0
0
0
0
344
0
1043
1217
0
275
368
1538
0
0
0
0
0
0
0
0
0
0
242
0
968
747
0
656
0
308
0
0
0
1358
0
0
466
0
256
43
0
0
0
0
0
725
1191
0
0
364
931
758
852
30
315
0
873
0
208
153
0
0
730
0
0
0
0
0
0
0
0
0
0
1553
0
0
0
0
0
90
246
2033
3
0
0
118
0
0
982
0
0
1686
0
0
1813
954
0
0
454
0
0
0
968
0
230
0
0
0
1597
0
0
0
0
0
736
0
0
807
0
0
0
1021
1870
1818
720
0
86
188
0
0
163
1211
0
399
0
0
0
450
0
0
0
0
0
236
0
0
1103
238
0
0
0
0
774
0
0
0
0
0
0
0
859
0
0
0
0
0
0
0
0
0
450
1476
0
0
0
355
0
0
0
0
0
0
0
0
0
0
1031
0
404
1303
0
0
0
562
0
0
0
0
124
0
0
0
0
371
0
629
0
0
0
454
2257
2218
0
0
0
795
170
0
939
0
1163
0
0
0
0
2482
0
138
1335
598
0
0
411
0
834
799
0
0
576
1871
409
0
10
0
0
423
0
0
0
0
0
0
742
0
319
311
0
0
0
965
0
1488
0
0
1557
0
0
604
0
0
0
0
0
0
0
728
0
0
1139
2286
0
359
0
0
0
463
588
0
1040
0
0
0
291
1807
0
0
0
0
0
0
0
818
