59
69
87
32
60
30
84
72
142
189
1
54
46
157
115
60
23
75
189
166
153
138
158
205
181
236
27
178
103
187
60
39
176
158
160
118
67
104
229
23
253
134
217
88
251
60
168
138
174
95
79
62
211
9
22
88
115
103
234
40
118
75
56
117
212
203
32
91
25
200
67
8
110
246
74
169
79
135
78
133
52
245
245
73
123
113
167
252
180
82
253
22
16
136
125
98
240
109
5
94
172
172
44
235
23
67
12
228
111
41
191
61
163
221
0
212
63
149
53
151
35
116
22
100
5
230
178
245
65
235
74
206
13
223
144
56
181
104
134
122
227
89
216
106
89
177
144
68
236
235
171
111
181
71
91
182
207
226
163
144
109
107
227
147
42
235
221
197
210
88
211
5
188
239
214
90
16
254
51
71
166
37
168
19
49
67
72
137
129
29
99
149
135
206
71
45
63
194
249
80
179
83
227
171
150
205
186
60
147
254
234
165
148
207
2
174
187
48
252
5
47
88
214
215
47
39
54
55
76
236
183
37
224
146
100
164
99
241
221
138
188
170
217
2
149
28
43
176
247
162
153
77
234
189
24
98
83
236
248
253
164
210
252
171
92
251
149
53
115
54
100
253
24
38
159
204
227
236
197
197
37
128
20
191
214
89
110
50
194
127
33
199
26
149
23
74
124
203
97
120
31
212
201
90
172
139
128
11
48
218
139
93
4
214
157
253
75
144
7
124
231
138
120
255
206
193
110
166
21
81
30
89
96
139
16
241
218
223
18
9
205
48
109
13
30
25
238
158
242
124
240
158
249
110
162
49
75
103
39
94
207
176
124
102
42
59
87
215
97
10
244
221
155
193
72
102
168
201
24
35
123
238
111
6
106
219
37
45
167
172
62
83
120
227
231
191
248
42
145
226
192
179
0
54
89
171
27
198
26
97
5
208
76
51
163
142
253
21
13
132
44
102
12
65
2
122
72
25
83
212
98
233
110
131
193
233
209
122
4
178
159
183
196
128
248
63
227
202
255
148
245
30
242
89
22
95
87
8
204
237
222
59
178
237
8
57
68
82
47
51
7
147
163
121
116
82
129
159
168
77
138
218
131
12
119
113
155
103
18
69
135
155
206
140
158
139
148
44
104
242
252
232
162
228
226
46
202
84
191
62
31
168
28
249
255
115
1
82
104
42
145
54
22
155
51
183
160
70
100
109
70
104
175
251
139
83
60
103
0
85
38
196
169
63
220
230
71
129
17
84
104
47
113
93
111
115
199
243
250
33
253
181
74
141
138
164
4
25
67
134
179
19
77
147
93
44
180
179
230
214
158
55
183
211
230
240
62
101
11
94
115
10
134
158
43
74
91
83
29
129
70
91
10
139
218
82
25
64
174
183
121
117
178
21
206
104
230
23
5
139
250
119
10
51
39
99
223
50
1
21
87
5
5
105
1
100
241
47
166
193
49
72
223
165
15
98
170
191
211
120
139
194
73
146
76
25
128
83
6
140
47
161
35
180
187
134
147
88
15
72
91
223
187
65
81
139
193
153
34
109
140
56
90
69
190
6
162
227
146
175
114
214
245
250
21
149
176
191
213
162
46
84
39
209
113
189
247
70
34
155
11
90
115
115
9
14
181
128
216
108
163
234
227
93
254
218
251
161
12
111
18
114
76
4
241
214
199
252
87
146
217
126
96
106
7
137
194
112
200
34
180
39
98
185
249
97
99
57
0
120
199
54
172
50
94
27
92
103
48
90
189
245
163
180
183
181
175
127
217
224
22
209
116
250
230
231
163
224
49
109
177
135
30
157
202
125
13
240
70
91
253
131
90
4
48
21
95
17
50
123
252
151
187
18
129
24
160
74
106
144
169
219
210
93
243
235
76
156
161
217
99
80
254
78
79
42
91
105
51
180
206
119
0
169
8
232
186
167
133
126
172
166
103
51
198
83
111
108
171
31
159
182
242
183
170
108
40
110
100
149
24
197
95
219
77
240
115
40
179
217
142
212
244
215
110
89
209
230
236
121
194
169
237
186
116
105
124
166
29
140
203
58
101
230
21
39
74
240
179
107
217
150
235
31
188
229
213
248
67
148
84
147
248
212
194
111
3
9
67
212
123
131
120
80
92
47
193
47
40
197
144
223
32
17
190
92
30
53
106
91
209
174
86
46
94
141
63
66
161
103
83
105
65
203
124
124
236
243
192
64
212
80
171
171
169
191
118
255
30
239
39
99
91
77
1
229
79
154
229
203
141
116
3
146
149
159
98
37
68
50
1
8
35
91
115
229
24
22
76
71
9
205
183
197
10
89
247
174
162
142
0
233
123
123
