237
250
41
0
100
288
204
234
241
141
207
167
146
62
8
109
219
0
243
207
298
443
248
311
251
352
244
342
184
233
229
185
365
96
500
252
325
188
121
59
72
74
34
127
192
147
158
179
19
206
243
38
148
0
170
290
139
185
111
72
128
132
32
391
185
383
170
140
203
43
24
89
150
159
130
129
55
16
320
0
151
134
146
200
79
98
118
0
310
103
0
238
228
263
118
174
188
139
203
348
227
442
326
32
108
183
97
126
214
129
41
202
102
128
344
276
363
244
87
220
285
177
315
231
336
127
164
322
145
104
414
182
99
462
110
183
277
197
0
272
18
25
0
248
164
209
82
125
280
113
151
110
85
56
104
61
222
17
236
134
0
133
113
0
349
173
104
247
390
52
326
217
256
172
191
275
409
197
101
122
89
133
163
162
207
277
138
180
23
125
63
153
285
92
52
142
157
242
66
151
288
244
259
49
314
212
195
240
126
269
177
88
491
149
225
168
107
0
72
38
436
204
198
208
47
64
67
0
278
253
155
341
0
264
0
139
0
104
228
158
44
287
2
226
0
84
116
210
328
382
48
300
207
111
153
314
145
172
232
304
259
211
451
398
335
30
119
59
0
0
102
174
222
295
284
106
442
201
141
268
228
46
86
107
280
233
345
126
184
30
155
177
225
68
149
254
141
161
6
133
114
234
330
223
195
135
0
236
166
88
86
0
0
79
182
115
164
112
131
128
59
13
13
0
72
0
412
351
304
231
158
131
228
0
0
41
175
177
264
159
123
23
119
217
87
132
87
221
101
474
197
224
7
249
135
310
49
61
200
214
172
121
22
0
122
340
377
130
284
229
201
384
235
48
245
110
0
320
304
116
196
87
267
174
263
81
202
235
13
76
356
121
125
392
274
309
227
123
0
279
87
207
0
232
0
272
244
201
189
12
27
118
17
248
105
258
152
266
31
0
0
234
131
401
354
200
129
138
184
180
62
0
115
78
228
172
485
274
151
178
169
130
293
30
64
247
187
134
207
0
92
172
300
142
265
154
166
154
293
275
147
63
148
67
182
181
14
288
164
181
215
152
0
91
51
51
248
16
90
282
518
255
194
0
3
58
146
337
151
105
240
179
306
282
40
0
34
62
177
195
366
201
283
74
134
366
97
391
151
211
207
73
84
302
297
235
188
96
4
158
180
249
92
41
143
391
329
314
141
276
309
161
0
180
177
257
368
99
231
0
135
265
255
247
277
80
0
121
262
207
311
51
0
172
324
304
278
214
109
72
69
169
0
84
139
84
159
23
123
64
73
120
64
59
51
279
235
299
304
247
28
319
403
154
282
146
156
241
247
228
239
200
280
208
263
15
201
300
222
473
213
83
104
161
142
182
249
84
47
12
186
83
383
202
56
125
275
30
319
131
268
56
157
320
347
392
285
216
194
24
250
206
0
125
39
145
155
116
190
29
238
247
8
155
130
105
158
172
248
158
53
48
268
268
377
171
91
147
0
187
85
87
470
114
186
116
82
235
145
347
105
99
77
0
149
301
257
195
7
247
111
297
412
324
0
224
0
69
306
263
405
201
224
234
110
21
229
0
285
19
97
57
151
294
269
305
0
161
278
91
225
420
179
274
204
175
261
264
293
210
26
274
163
315
212
223
82
405
52
162
197
316
393
283
198
105
180
97
65
308
102
174
124
0
205
204
281
243
251
68
85
87
357
158
96
209
311
17
270
401
320
88
0
165
47
136
34
225
74
70
201
65
258
159
265
157
52
0
159
138
0
101
0
118
102
163
0
332
93
0
2
64
16
41
171
78
323
0
152
57
172
333
169
545
129
195
126
310
186
391
244
26
245
155
294
257
328
0
137
0
0
145
273
193
302
332
160
325
281
43
8
0
264
0
328
0
304
50
136
20
249
329
261
259
69
184
267
224
127
371
355
287
208
346
120
203
313
149
83
0
42
270
12
298
0
124
0
73
0
224
162
241
0
0
112
0
23
206
187
261
281
1
188
72
215
15
123
76
77
247
256
233
320
197
373
245
277
281
290
252
