67
-157
153
-100
-239
-346
25
-240
-71
49
-109
0
-24
-151
5
-257
-142
-15
4
-148
-2
55
-37
30
12
-80
47
163
-275
43
-111
-122
88
-197
70
-184
138
-166
-17
-192
-204
-36
-298
2
109
-192
62
-69
-111
-183
-90
-126
-12
-84
-232
-285
-133
-62
-61
4
-15
-14
-296
0
-229
-140
133
-152
-13
-92
-30
-190
-363
-18
-252
-216
140
-301
-54
39
-66
-76
19
19
-63
-210
-46
-202
-55
-257
19
-195
-91
112
-246
5
-73
-201
45
28
-117
-2
97
83
-148
-31
-88
-225
-44
-88
-313
-80
-154
6
-27
-133
-5
-68
-89
83
19
-224
115
-202
147
24
-146
-84
78
-210
-36
-59
-158
51
-75
-15
-65
-55
-181
51
-225
6
-326
-123
-233
-15
-86
-260
-103
16
112
-188
-159
-284
9
-336
1
-111
-67
12
40
-294
12
-194
-133
28
124
-169
-4
-46
-100
-183
-7
5
-34
56
-111
152
3
-252
157
-151
-86
-1
-28
20
9
-166
-128
-114
-166
-19
-34
-214
20
-232
-193
-5
-25
-45
-174
-147
2
-283
-94
-181
-53
235
-243
94
98
-346
0
-200
-47
-110
-84
-33
-65
-339
-9
-41
-44
133
-94
-255
16
-239
-165
12
-194
181
-276
24
-171
-146
-198
-99
-125
163
-126
-1
-206
-67
-74
-100
-114
-63
-237
-12
-9
-94
45
150
-216
-88
39
-128
-133
-89
95
62
-13
66
116
61
-186
-255
-226
-167
-1
-28
-178
8
25
-137
-10
-48
-40
-85
-170
69
59
-62
-28
-123
53
-72
-141
-107
-227
-228
54
-95
29
-127
-41
106
-40
-41
3
-285
15
-40
59
-52
-246
-75
-123
-241
-29
-129
-287
-106
-62
-169
-14
-69
-145
-17
-167
-17
-173
-179
-8
-316
-111
-142
84
84
-8
-288
-6
-221
41
-273
-218
67
-198
-70
148
-119
-204
93
-155
-32
-92
-68
-312
37
-125
217
-160
143
-292
-15
-71
-218
2
-91
-166
13
14
-220
-174
-304
53
-26
-128
-27
-166
45
65
-53
-157
29
-142
-220
-123
-39
-29
-89
-85
-27
-84
146
-263
-134
-35
-65
-50
95
-79
-59
-155
-120
-86
36
-133
-158
-220
160
-226
114
-67
-62
-186
-155
-23
-254
-171
-69
-113
-1
-104
34
-230
-51
46
-83
-165
-166
-193
-1
30
14
5
-7
-284
-190
94
-231
-191
-92
-95
-67
87
-16
155
-78
-196
-203
-24
-7
-21
-53
-245
-59
53
-167
-219
-216
29
-162
-55
-139
32
34
-114
-48
58
-185
51
-210
-145
-126
-214
-226
51
-57
-250
-77
-185
-99
-10
-330
-121
-93
-174
-61
-82
-71
148
-280
-64
-213
-249
-18
-31
-96
-108
-118
-7
17
101
-158
-286
-293
3
-114
23
-3
-48
89
-67
-86
0
-78
-175
125
-138
110
-25
-62
74
-88
-69
-57
-76
-53
-235
-110
-101
-43
-101
-46
49
-127
-53
-183
-207
37
-152
-179
-164
-166
157
-211
-35
-86
-211
-14
-165
15
-67
-90
-66
-249
20
-153
-67
98
-167
-238
-266
-99
84
-217
85
-118
-244
110
-179
-137
-269
-255
-10
-215
83
-203
-214
-115
-201
109
-19
83
-62
-178
36
44
50
-67
-28
-23
24
-57
31
-211
187
-270
-79
51
-104
-145
-52
-142
-129
-111
-114
156
3
7
-183
-238
-237
31
-43
-220
-15
-226
-131
-187
-40
-36
-40
-175
-112
-233
218
-314
84
-83
-165
-174
-105
119
-43
-106
3
-208
-158
8
-88
-106
-161
16
-63
-19
79
-174
-23
-64
-67
32
-158
-28
-98
-23
-82
-201
99
-165
-201
-259
-79
5
-254
119
-85
-185
20
-178
-86
-252
30
-196
-189
65
-323
-14
38
-167
-149
-61
-312
-193
-52
164
-221
138
-87
-156
-159
111
-40
-85
-172
-61
-224
-236
23
112
-88
-112
76
-279
129
-204
-175
0
-146
-132
85
-50
-179
77
-81
-136
-98
82
-109
-80
-125
48
-87
-65
42
-20
-114
-21
15
120
-292
151
-94
-76
-160
-18
-62
50
-200
-67
-23
-138
124
-55
-149
-62
-86
14
30
-142
-118
-172
-203
-207
135
-132
-31
67
78
-175
-120
209
-41
-195
-9
-4
-116
6
-50
247
-175
-156
-10
-193
-62
-158
-161
-73
53
-81
103
-178
-187
-90
-10
-214
-81
-101
-190
-184
-177
-158
-236
27
-188
-208
-144
-80
-153
-105
-239
-16
-87
-384
157
-244
-33
-116
17
-56
-79
32
-77
191
-79
54
-64
108
28
-115
44
-50
91
-59
55
-32
-63
-159
-230
-151
-55
-2
-116
64
105
-214
77
-96
-39
-343
10
-339
-68
-225
-123
-133
-47
-144
-65
-132
-20
-78
-23
-119
-55
58
71
-29
-153
48
-105
-98
-8
31
-212
-44
157
-67
-175
23
-114
-89
-119
-71
-315
-2
-110
-156
-146
131
-18
-129
-85
-190
-183
-179
-232
11
-55
-44
-85
-162
85
-105
-61
56
-134
-204
75
-124
-65
2
24
14
-155
192
-80
-225
