220
58
250
28
3
20
253
112
197
171
59
130
189
59
54
90
75
206
29
80
254
98
195
211
209
99
250
186
18
219
120
28
131
160
204
146
240
217
207
99
224
50
73
135
102
145
51
41
196
16
106
38
186
176
70
160
93
128
196
229
151
192
29
75
120
101
100
54
230
200
247
93
207
98
116
48
29
204
57
115
250
88
70
126
127
39
39
25
167
156
63
3
85
71
180
126
166
85
119
223
35
248
70
30
200
125
144
168
240
203
12
71
45
48
232
13
123
235
84
122
114
251
248
109
213
105
109
34
50
93
251
77
166
207
141
52
163
124
128
210
179
141
204
220
92
165
210
85
4
229
3
4
66
229
251
85
72
212
68
160
205
55
216
56
172
19
225
176
33
55
222
1
86
121
5
140
177
53
119
235
86
187
211
199
25
107
99
213
154
12
66
150
123
49
158
116
61
10
158
65
143
62
72
188
146
18
239
35
52
170
251
65
154
141
222
156
161
126
209
222
69
202
123
22
74
31
244
199
201
173
134
209
123
17
35
159
199
127
106
118
81
27
59
140
135
247
97
131
146
23
35
53
1
228
35
103
28
54
241
84
103
30
18
27
160
218
239
21
131
170
39
208
199
36
205
100
113
232
48
245
133
247
79
52
83
85
53
81
44
148
91
252
62
148
179
135
187
250
38
151
83
8
66
226
164
112
197
187
37
64
240
140
151
69
249
188
52
7
10
81
73
6
205
191
169
58
229
63
71
209
188
21
17
40
88
150
206
35
147
189
55
60
3
16
51
18
93
189
209
237
171
183
122
56
180
85
152
10
79
228
16
139
227
5
10
112
5
106
138
87
66
230
156
214
68
119
37
112
232
101
57
12
179
186
103
153
185
13
61
33
239
187
145
171
132
153
203
203
32
171
133
143
90
246
114
96
51
229
95
255
32
190
136
18
72
84
90
144
107
154
172
219
210
102
166
130
40
184
42
102
130
54
35
246
227
54
166
49
79
54
117
106
123
253
105
39
29
70
225
37
54
252
205
207
163
62
31
253
150
46
0
134
42
196
142
169
245
70
117
108
52
162
78
113
63
243
132
22
149
125
81
140
33
117
191
111
201
124
82
212
174
4
195
19
78
88
210
96
183
185
231
205
126
2
94
108
142
160
134
15
155
197
175
251
232
26
184
34
52
82
162
239
149
84
175
150
191
101
23
110
40
5
221
213
68
133
7
93
239
65
134
184
39
180
246
245
98
6
154
144
151
126
13
103
157
79
123
176
74
95
246
222
187
2
220
251
210
111
71
208
217
194
184
142
68
133
28
108
46
211
159
206
225
94
52
79
235
242
24
20
52
169
231
247
252
58
84
104
10
161
24
65
184
25
239
3
86
167
167
195
64
112
29
42
69
169
173
33
230
115
48
218
223
85
48
69
253
37
214
175
58
245
249
137
98
58
149
183
205
185
106
153
70
54
43
210
150
231
220
3
48
207
185
91
255
160
72
124
254
48
244
101
103
145
248
185
195
182
107
182
79
233
164
195
234
147
11
1
28
103
174
3
44
57
191
33
10
198
103
4
127
75
249
59
96
160
216
229
102
227
107
4
135
51
130
1
36
243
235
92
65
159
176
181
189
143
121
161
34
154
201
213
63
156
65
100
192
240
212
58
26
149
15
193
230
201
196
170
214
119
215
47
100
22
47
222
2
76
139
38
90
206
126
43
20
225
60
182
227
211
85
229
120
110
175
156
191
31
170
88
53
251
110
177
203
17
251
172
48
99
170
205
242
212
75
133
118
16
107
169
151
133
75
97
201
96
208
213
86
127
43
51
50
238
69
137
130
188
1
174
148
240
64
58
86
55
182
63
106
123
31
104
218
53
139
136
126
36
127
70
107
228
50
23
183
37
20
206
210
16
147
172
120
62
27
232
53
29
197
146
143
23
53
5
229
192
248
210
29
39
129
128
113
203
41
83
69
89
32
74
128
224
42
31
65
50
17
155
142
128
215
7
247
106
123
25
76
177
117
145
112
180
125
208
68
184
198
79
226
187
220
84
194
135
232
84
129
251
150
115
197
214
49
195
224
67
40
34
142
1
235
4
95
33
17
27
103
73
79
185
55
59
11
26
72
57
50
240
208
213
87
114
61
81
105
60
30
46
171
215
104
237
153
231
87
239
16
210
209
184
83
153
7
112
194
49
143
121
52
82
78
92
113
160
92
7
183
119
10
162
136
46
184
52
190
117
223
221
61
138
241
20
7
70
108
10
170
149
97
237
219
25
120
246
22
201
54
113
32
53
127
152
13
118
238
22
72
197
72
5
65
187
77
74
