91
91
90
89
88
87
87
89
90
86
82
80
82
83
80
76
74
84
84
83
83
82
81
80
79
83
83
83
83
84
84
85
85
86
86
82
76
73
75
77
78
76
76
75
74
75
76
78
79
80
79
81
85
87
87
88
90
88
89
91
92
92
90
89
88
87
87
86
84
81
78
90
90
71
84
82
82
84
79
85
84
84
76
76
93
72
90
95
125
129
164
153
183
185
196
161
175
154
138
128
106
89
71
73
53
73
66
77
73
69
87
76
82
83
84
79
80
91
92
92
92
92
91
91
90
90
90
89
90
89
88
86
84
76
82
77
90
83
73
78
82
79
79
77
69
101
107
143
156
166
164
174
169
168
163
205
169
146
185
170
188
186
162
184
167
139
103
81
54
73
78
66
77
73
82
78
78
84
84
85
88
89
89
89
89
89
89
88
87
87
88
88
88
86
84
80
88
84
82
83
82
87
77
71
90
106
149
158
175
170
176
172
177
168
210
188
176
185
157
152
160
138
169
169
145
186
197
184
174
197
160
98
68
70
79
74
76
74
81
92
82
72
82
86
86
87
87
87
88
86
86
85
86
86
86
84
83
82
81
80
76
78
74
78
76
97
122
180
162
182
209
191
161
155
179
165
179
182
171
170
165
184
160
149
161
161
147
149
160
156
161
173
174
177
145
88
67
71
74
81
76
70
74
81
92
84
85
86
87
87
87
90
89
88
87
87
87
85
84
81
74
80
87
78
67
80
109
158
155
199
183
181
181
191
187
176
139
117
120
118
108
131
187
201
191
178
171
176
177
164
156
143
145
155
155
172
217
196
126
75
67
86
83
68
82
89
82
83
84
86
87
88
88
91
90
88
87
87
86
84
83
84
82
77
75
74
105
123
148
175
173
171
202
160
122
163
173
179
104
110
135
118
124
162
210
186
195
168
176
182
162
171
172
173
154
114
118
152
171
169
192
153
81
67
80
83
86
77
76
83
84
85
87
87
88
89
87
86
85
84
84
82
81
79
81
71
82
95
158
163
173
199
206
198
174
161
127
206
161
134
97
137
119
142
162
209
164
169
197
179
182
186
158
159
171
144
174
155
120
103
133
156
167
213
143
95
69
70
77
70
92
81
82
84
85
85
87
88
87
85
84
84
84
83
82
78
76
86
142
153
192
179
207
208
181
163
171
158
148
198
171
158
128
107
128
136
165
176
149
170
211
199
143
148
170
158
169
153
180
168
170
158
129
118
160
158
198
185
97
68
84
70
79
79
80
82
83
83
89
91
84
89
94
75
86
81
81
77
102
132
160
170
165
224
196
175
154
177
145
102
206
179
149
163
143
90
135
147
175
97
193
208
192
186
159
185
175
166
168
152
169
168
167
159
154
152
120
163
146
175
205
88
70
88
69
81
76
82
72
87
85
90
89
97
80
97
68
58
73
104
142
164
180
206
222
178
161
165
165
136
90
198
214
181
166
161
139
80
112
129
194
120
163
199
180
191
175
152
145
169
148
167
178
162
159
170
157
147
155
103
134
144
169
196
98
74
77
72
67
88
81
74
87
85
91
92
80
73
80
79
92
130
152
172
177
218
175
159
154
156
103
97
177
231
190
176
163
164
117
69
83
145
167
168
140
184
180
174
169
159
157
177
163
159
149
162
171
166
159
152
149
151
118
136
154
183
206
98
67
77
72
69
80
75
89
90
87
67
84
89
77
73
150
153
174
201
230
193
150
145
141
87
119
159
227
163
149
155
169
150
97
79
130
149
162
177
177
187
182
159
155
160
156
151
151
143
126
146
145
133
151
156
147
176
146
111
124
151
171
213
86
65
86
62
73
83
85
88
75
98
78
69
83
125
133
144
168
219
197
143
158
136
115
167
187
208
145
112
133
156
147
125
87
121
160
137
159
163
199
178
158
156
162
153
149
145
143
142
147
146
129
140
156
148
163
162
158
155
110
134
129
187
186
68
74
84
73
76
83
86
82
83
74
83
100
128
163
161
197
207
153
145
155
163
146
102
89
144
102
124
149
197
178
135
140
143
163
153
162
186
171
149
144
146
163
176
166
166
161
155
160
154
140
145
148
143
151
160
168
160
162
111
135
147
211
144
55
81
75
68
85
80
84
78
78
75
135
156
167
181
221
157
166
153
144
142
150
153
146
95
83
130
172
184
159
98
149
117
172
149
172
153
118
156
172
158
169
177
148
175
149
148
157
147
131
129
143
156
148
153
134
141
171
128
129
150
168
201
86
63
72
70
86
87
79
76
78
122
128
135
166
202
183
136
137
158
145
133
148
153
158
69
114
134
168
181
146
60
102
168
196
195
198
120
122
188
201
198
204
151
112
199
135
108
173
158
138
169
185
179
168
139
141
143
167
174
106
114
151
178
144
67
69
73
89
83
77
74
68
170
131
186
207
201
148
126
134
143
158
169
156
171
156
69
117
134
182
192
149
122
69
70
114
175
169
143
135
174
189
200
182
115
103
156
106
143
160
187
211
198
189
178
158
130
119
135
193
117
124
100
133
142
190
57
73
58
83
81
82
76
100
157
133
169
213
181
144
146
169
155
130
141
164
162
150
82
146
124
186
181
148
159
148
81
91
101
149
133
133
135
183
177
154
161
150
139
63
131
150
174
190
150
136
146
139
153
128
99
139
149
141
98
123
119
189
92
64
53
82
75
76
72
134
146
143
165
210
148
138
132
142
150
158
155
150
168
127
74
143
129
203
176
136
155
172
91
63
129
160
146
138
168
195
177
133
154
154
144
57
125
149
174
190
124
110
143
150
131
156
137
117
145
135
110
97
108
171
165
58
59
84
86
75
87
166
155
163
195
191
148
148
141
150
151
150
149
168
156
111
96
142
150
203
172
151
152
150
109
58
138
133
139
140
191
188
181
139
152
149
153
82
110
138
158
189
117
108
149
155
149
148
148
141
150
126
124
85
110
132
223
70
65
83
88
73
118
172
156
163
218
157
142
148
143
155
147
139
140
175
144
103
100
138
170
206
153
149
153
148
135
85
88
108
117
147
194
183
173
134
161
152
143
93
110
145
147
192
133
129
162
161
162
146
145
149
142
135
145
106
104
102
210
112
56
83
75
70
152
159
149
166
222
144
141
135
116
133
139
149
146
169
159
109
96
135
177
213
145
151
153
162
123
65
85
129
110
161
200
174
178
139
141
153
156
104
92
144
125
178
135
134
155
153
143
160
154
146
134
143
144
133
94
104
158
166
44
82
75
83
184
148
149
197
212
160
161
140
122
150
139
131
131
172
155
110
126
154
184
198
158
173
146
137
96
63
116
134
118
171
188
159
181
151
132
158
171
125
83
164
133
187
151
146
155
160
151
142
132
148
152
146
125
143
99
118
137
196
44
78
78
90
192
131
142
217
183
161
140
152
142
146
129
146
135
136
135
76
124
150
200
188
161
149
98
72
104
165
151
136
145
184
204
180
166
126
129
149
146
142
69
173
141
190
153
137
137
149
139
134
138
136
132
148
136
142
112
122
150
197
49
80
76
118
162
138
142
193
186
142
141
129
153
133
138
135
119
135
130
113
138
118
169
189
137
83
65
114
177
199
142
136
169
176
201
176
159
130
137
151
160
163
79
149
155
194
152
131
155
154
153
140
132
128
138
143
137
145
126
116
150
208
61
77
75
152
159
132
157
209
172
147
159
146
144
132
137
133
138
136
138
134
116
116
190
156
145
62
71
120
200
175
135
149
174
189
199
174
175
141
147
162
163
152
77
132
170
179
163
114
137
146
150
152
156
147
143
140
134
145
127
107
131
193
66
72
72
179
164
146
168
223
166
151
146
145
132
137
138
131
155
136
142
157
112
133
179
128
153
97
55
83
146
148
130
156
174
198
199
171
197
158
158
169
157
130
87
107
175
194
176
122
144
151
124
135
148
144
143
145
142
154
130
88
111
183
81
72
73
176
162
157
156
217
172
159
139
144
138
149
143
141
169
150
144
152
111
147
128
121
145
145
96
74
79
152
132
152
172
195
191
155
198
162
154
162
148
121
101
85
141
208
170
134
148
145
142
144
146
141
148
155
147
150
137
93
128
180
97
74
74
160
154
150
156
213
175
168
149
140
139
145
138
149
162
151
164
148
117
163
114
140
152
160
132
83
82
154
124
152
186
203
192
151
197
170
154
164
163
152
134
106
110
192
172
143
145
145
161
154
148
141
149
154
142
142
148
114
161
182
110
72
71
147
165
149
187
226
179
169
148
129
133
142
142
157
144
138
164
150
137
174
140
154
173
160
101
83
138
146
120
165
202
208
191
161
199
181
152
164
174
180
164
147
113
155
182
151
150
162
151
147
146
141
143
144
137
146
157
110
163
196
121
68
69
122
185
144
185
216
190
161
144
135
140
156
157
161
142
143
145
145
152
158
148
153
167
158
77
107
173
150
133
178
207
204
162
161
197
189
146
154
163
170
170
158
136
134
157
149
155
159
159
155
156
150
146
140
138
157
152
111
163
212
106
69
73
92
190
125
138
181
202
155
142
144
142
157
149
144
137
153
151
150
161
140
147
168
150
161
67
122
145
146
141
181
213
213
138
164
205
208
158
163
165
166
174
156
166
147
123
151
164
146
157
149
149
147
147
144
148
173
139
139
188
217
73
70
70
68
194
139
159
190
218
166
152
162
163
148
127
165
146
154
152
161
173
146
170
159
153
163
83
114
174
132
130
191
218
148
141
190
208
199
173
166
163
179
160
174
168
150
139
153
170
158
158
158
153
153
129
139
150
159
123
167
214
207
60
75
59
62
176
145
190
200
226
175
149
170
166
171
149
135
147
151
159
170
167
172
167
164
165
147
90
65
190
127
142
199
134
103
165
165
167
209
180
169
174
169
170
165
158
156
144
138
154
161
155
148
151
148
157
149
145
179
130
180
225
165
49
75
65
57
126
164
163
162
193
180
162
157
175
167
162
149
138
145
165
158
159
165
164
163
156
157
89
83
163
142
199
182
103
101
164
141
169
200
154
153
177
156
173
161
156
166
156
141
153
164
150
150
157
154
162
138
149
172
134
185
234
122
53
67
68
57
74
183
131
158
184
200
166
155
171
150
158
173
148
142
160
153
172
164
165
147
147
107
99
106
154
193
203
136
109
86
167
102
153
198
170
142
156
156
171
167
163
170
165
158
163
157
151
153
153
162
151
139
163
128
142
186
224
86
61
60
58
60
54
160
166
194
205
227
164
173
154
154
157
168
168
146
153
161
170
159
151
139
148
61
148
184
82
143
179
120
148
86
94
122
169
197
156
141
166
165
172
168
161
164
163
162
165
152
157
146
141
160
163
174
152
103
153
194
190
53
55
61
64
59
55
94
195
162
172
220
191
170
151
157
166
175
160
154
154
160
169
151
156
144
79
77
148
176
158
154
114
124
137
105
79
134
117
191
163
134
156
168
170
158
149
158
160
159
167
164
156
147
154
162
179
181
114
126
155
202
143
40
53
69
73
60
58
47
168
142
149
194
222
167
164
152
169
174
149
162
155
165
190
169
158
114
47
107
178
222
181
142
112
108
112
115
50
150
152
181
151
127
147
162
163
154
149
160
159
155
167
169
154
162
169
167
168
135
103
155
165
204
86
45
57
74
63
64
61
42
138
205
196
185
221
188
170
154
165
142
162
169
154
176
186
172
111
60
148
157
220
231
181
156
145
123
125
129
51
129
194
193
187
140
130
158
159
162
161
163
155
150
159
155
156
172
162
166
147
89
126
160
187
203
40
47
56
77
62
68
51
62
61
191
153
172
184
210
166
170
148
173
167
161
172
184
176
165
79
135
206
194
221
211
157
154
154
138
111
103
48
137
198
208
201
172
143
162
158
159
163
157
151
158
160
146
152
159
143
169
122
105
162
167
217
151
46
46
61
58
61
64
62
61
55
123
182
153
194
219
191
157
179
168
174
188
188
193
172
158
104
122
204
209
220
180
144
155
146
131
113
107
48
151
205
221
213
141
175
147
151
167
169
157
158
169
166
153
153
178
167
152
99
153
144
188
214
75
36
57
57
68
67
63
62
53
50
70
187
179
161
185
209
177
173
173
158
194
178
188
178
163
119
123
180
217
214
156
141
157
143
145
145
141
109
100
192
209
214
166
145
162
151
152
160
173
170
151
157
186
173
181
147
129
139
155
204
209
143
34
51
58
42
68
61
64
61
63
56
45
89
144
170
140
204
228
172
177
174
177
187
187
175
152
100
151
185
234
189
146
148
147
129
138
136
131
145
98
124
207
224
181
143
163
155
150
155
163
165
169
175
175
174
158
99
116
169
174
192
219
57
48
60
50
45
64
67
69
51
62
58
59
58
137
165
190
170
197
222
161
169
186
166
180
178
171
123
184
212
203
163
147
160
156
148
143
133
137
133
141
107
192
222
191
165
151
151
148
170
178
162
172
190
178
169
130
112
168
185
209
212
158
39
53
47
46
59
66
60
67
59
73
60
48
38
50
157
159
153
149
192
223
181
157
151
175
171
163
119
158
232
198
163
154
160
161
167
152
149
165
144
145
139
140
197
210
163
162
148
139
169
193
176
174
189
186
127
114
129
184
195
223
191
56
53
44
52
47
48
59
68
62
62
64
57
57
67
53
53
158
152
176
168
176
221
183
150
158
171
173
129
151
207
196
178
165
155
150
157
140
143
141
151
144
144
105
174
204
178
180
164
162
161
167
185
201
184
150
129
165
163
190
217
211
78
51
54
45
61
51
40
68
69
56
67
60
58
60
49
51
44
71
154
172
179
163
211
202
203
157
163
170
133
184
186
221
188
181
172
166
172
164
166
128
135
136
163
97
150
213
188
196
188
188
176
177
187
168
147
155
179
193
195
222
222
74
46
42
53
51
46
57
59
77
82
72
61
57
59
59
55
50
55
34
83
161
151
174
183
182
185
198
186
202
154
175
117
166
218
187
181
183
152
155
157
151
182
167
137
77
144
178
179
213
210
184
184
182
163
147
151
171
182
193
225
210
58
46
60
43
50
51
53
54
54
104
87
79
68
62
60
57
51
46
53
53
27
60
143
185
143
191
178
142
180
215
178
175
192
132
175
173
200
182
148
156
145
172
171
155
155
164
94
148
161
178
173
163
174
165
154
177
176
145
180
228
187
52
48
37
51
52
50
52
55
56
56
83
76
72
66
61
59
56
52
48
54
45
59
44
43
125
151
178
132
163
187
156
172
173
155
164
135
180
173
186
166
155
181
187
171
153
159
187
139
161
169
165
172
145
157
161
157
192
210
188
182
105
49
26
57
42
44
43
53
55
58
59
59
59
63
63
62
61
58
56
55
54
52
55
44
37
46
53
56
137
176
144
174
154
158
176
172
184
184
186
176
183
176
181
177
172
171
178
184
176
178
142
155
160
157
154
174
181
194
225
204
146
48
45
33
46
28
45
44
52
52
54
55
56
56
65
64
65
66
64
61
57
55
55
45
58
43
41
43
44
36
40
102
155
186
146
178
177
190
161
193
164
152
173
167
176
173
152
150
152
153
169
174
165
175
157
153
164
203
227
208
145
69
36
29
30
25
35
47
41
37
56
49
49
50
50
51
65
62
64
65
64
60
56
54
54
56
50
43
61
45
24
38
42
33
45
69
101
157
164
163
204
190
178
164
198
177
168
188
160
161
171
181
186
174
166
185
175
218
212
168
91
48
37
28
35
35
38
44
37
31
42
52
44
50
50
50
50
51
64
56
57
59
58
56
53
51
50
54
50
43
38
32
40
51
36
42
35
42
38
38
83
85
163
184
170
201
201
180
195
177
189
171
182
204
210
232
191
159
121
62
37
26
26
36
39
31
36
28
45
35
39
46
50
37
50
51
52
53
54
55
66
57
58
57
56
53
49
46
45
56
45
41
43
60
49
28
40
43
29
39
28
25
30
43
22
50
75
102
132
153
185
196
212
191
157
117
78
45
29
29
32
36
18
30
36
25
27
33
40
39
33
38
37
49
42
48
50
48
50
53
54
54
60
61
57
53
52
53
53
51
49
46
49
45
41
45
44
38
36
40
43
43
39
36
35
33
30
26
28
26
23
24
33
44
51
32
29
29
31
30
26
24
27
30
34
32
31
35
34
32
35
41
40
38
37
38
41
45
48
54
53
53
53
54
62
57
55
53
53
53
53
50
48
46
48
44
43
46
42
36
37
33
36
38
37
37
38
37
35
33
34
32
27
25
25
25
24
23
22
24
28
30
29
30
33
26
30
29
29
34
34
32
36
40
39
39
39
41
44
48
50
52
52
53
53
54
55
54
53
53
53
52
51
50
49
47
47
44
46
48
41
36
40
36
38
38
36
35
35
34
31
29
27
24
22
24
29
32
31
23
22
24
27
29
28
29
31
25
29
28
28
33
33
31
35
37
38
39
40
43
46
48
50
48
51
53
54
53
54
52
53
52
51
50
49
50
51
47
45
44
48
51
42
37
45
40
41
39
36
34
33
30
27
31
31
28
24
24
27
28
27
27
26
27
28
28
27
26
27
29
32
30
29
33
32
30
34
35
37
38
41
43
45
47
47
46
49
53
54
53
61
53
53
52
50
49
49
51
52
46
43
41
46
50
42
37
45
38
38
37
35
36
37
35
31
22
29
35
34
30
24
19
14
25
26
27
28
29
30
30
30
29
32
30
29
33
32
31
34
37
38
40
42
44
45
45
45
46
49
52
53
52
