9
5
6
5
6
6
1
0
0
11
35
5
0
7
18
19
0
0
2
7
7
0
6
6
0
0
0
0
0
0
0
0
22
19
15
62
50
35
29
29
20
24
4
0
0
0
0
0
0
2
0
0
0
0
0
0
0
0
0
0
0
4
9
5
7
4
4
9
11
13
0
0
43
4
0
23
8
3
0
0
5
27
0
0
0
0
0
0
0
0
0
0
0
0
106
25
0
81
45
91
76
62
78
102
59
25
0
0
20
0
0
5
0
0
0
0
0
0
0
0
0
0
1
4
8
4
5
0
0
7
13
18
17
0
13
0
0
36
4
0
13
0
0
0
0
0
0
0
0
0
0
0
0
27
0
0
175
0
0
22
0
108
26
0
108
169
103
99
111
37
50
0
0
0
0
1
0
0
6
0
0
0
0
0
1
3
14
6
4
0
0
2
9
15
24
0
0
9
0
19
0
0
12
0
0
0
0
0
0
0
9
0
0
0
0
82
0
38
111
0
39
0
0
88
0
0
42
109
15
64
202
189
152
57
2
0
0
0
0
0
28
0
0
0
0
0
0
1
22
4
5
1
0
0
8
13
14
10
1
3
7
24
0
0
0
0
0
0
0
0
0
89
85
11
43
0
0
62
14
0
0
3
107
9
0
46
19
0
9
32
0
0
74
88
182
236
151
48
0
0
22
4
0
0
0
8
0
0
0
0
19
0
8
7
2
1
9
12
10
23
11
0
9
12
0
0
0
0
0
0
45
37
0
0
50
147
177
7
0
43
0
0
0
12
99
58
0
16
47
19
33
39
18
3
0
0
24
239
275
222
54
0
31
0
0
0
3
0
0
0
0
0
7
0
11
10
5
3
10
12
7
12
23
0
0
0
0
0
0
0
0
0
77
209
0
0
55
250
194
0
0
0
0
0
0
0
49
73
0
46
61
0
32
44
95
116
0
0
0
15
96
305
279
60
11
0
0
5
0
0
0
0
0
0
0
0
12
10
6
3
8
11
11
7
15
0
0
0
0
0
0
0
51
45
90
197
0
0
168
240
114
0
0
0
0
0
62
0
0
117
23
35
55
0
33
1
22
154
76
0
0
0
0
121
295
250
151
0
4
0
0
11
0
0
0
0
0
6
11
0
18
9
0
12
17
0
0
0
0
0
0
0
0
61
89
61
122
32
0
0
168
156
172
0
0
0
0
12
0
0
0
184
96
0
26
0
39
0
0
76
81
82
34
0
0
0
52
217
346
153
0
0
0
1
0
0
0
0
0
6
0
0
29
28
28
7
0
0
0
0
0
0
0
0
82
106
70
103
93
0
0
139
92
82
278
43
0
0
69
11
0
0
23
139
92
0
11
12
35
0
0
33
20
69
77
39
0
0
0
0
239
354
120
28
7
0
0
0
3
0
16
0
0
19
33
32
66
0
0
0
0
0
0
0
61
112
78
85
115
85
0
0
12
180
68
106
330
96
0
0
45
71
0
0
48
54
94
56
0
0
36
0
0
18
0
29
67
48
78
47
0
0
0
225
329
182
32
8
0
0
17
0
7
0
2
34
16
19
43
0
0
0
0
0
0
42
194
112
77
120
75
0
0
0
135
82
49
191
342
62
0
0
0
70
0
0
56
54
68
53
0
0
46
23
0
0
0
20
28
26
26
84
54
0
0
0
230
384
192
0
3
0
0
0
0
10
29
14
4
9
0
0
0
0
0
0
46
201
162
82
88
23
0
0
0
155
27
0
53
250
241
0
0
0
0
0
0
0
88
61
16
23
8
10
37
60
0
0
28
0
0
11
0
38
152
56
0
0
0
252
436
107
0
19
0
0
4
23
6
5
36
0
0
0
0
0
0
0
222
156
44
104
57
0
0
0
208
55
0
0
129
230
71
0
0
0
0
0
0
104
75
0
0
22
35
22
25
18
0
37
34
0
0
0
0
0
79
124
51
0
0
0
389
380
34
0
8
0
3
13
0
19
32
0
0
0
0
0
0
114
204
57
0
55
80
46
0
79
101
0
0
0
241
146
0
0
0
3
0
0
56
41
26
0
0
28
30
15
52
0
0
84
42
0
0
0
0
0
19
23
132
77
0
0
74
506
248
0
27
0
0
10
18
21
0
0
0
0
0
0
68
200
48
34
29
0
19
55
158
157
0
0
0
19
355
102
0
0
0
0
34
175
0
0
0
0
0
131
0
0
156
0
0
107
34
0
0
4
29
38
20
0
44
172
0
0
0
327
450
83
0
0
5
27
33
17
0
0
0
0
0
0
231
161
0
0
35
0
0
0
328
190
0
0
0
90
398
178
0
0
0
0
178
240
0
0
0
4
160
284
0
0
222
0
0
45
0
0
0
60
131
107
0
0
0
233
115
0
0
39
445
281
0
18
9
32
34
1
0
0
0
0
0
170
251
49
0
0
0
0
0
4
368
126
0
0
0
126
283
204
74
0
0
0
107
160
0
0
0
40
233
254
0
58
125
0
0
0
0
51
34
76
129
116
40
0
0
197
145
0
0
0
308
434
31
22
14
20
22
0
0
0
0
0
0
269
161
0
0
38
0
0
0
51
356
31
0
0
0
176
135
44
272
178
0
0
0
88
0
0
0
127
140
66
13
268
48
0
0
0
87
210
9
0
46
55
97
0
0
47
154
65
0
0
82
480
183
0
21
22
10
0
0
0
0
0
69
256
74
0
0
7
6
0
0
117
328
0
0
0
0
224
84
0
249
367
0
0
0
53
0
0
0
202
91
0
41
348
89
0
0
0
165
295
0
0
17
6
43
74
0
0
147
135
0
0
0
413
409
0
11
34
0
0
0
6
0
0
187
167
29
0
0
0
6
0
0
209
258
0
0
0
0
228
61
0
168
356
0
0
0
0
0
0
32
209
93
0
26
290
138
0
0
0
146
305
0
0
12
23
13
50
0
26
84
149
71
0
0
227
576
41
7
42
0
0
0
14
0
6
280
70
30
0
0
16
9
0
0
261
211
0
0
0
44
228
12
0
109
315
103
0
0
0
0
0
74
182
90
0
20
234
173
0
0
0
59
251
0
0
12
30
24
15
24
46
10
109
146
0
0
0
580
225
22
35
0
0
3
0
0
87
289
47
88
0
0
3
1
0
0
254
199
0
0
0
107
206
0
15
128
331
103
0
0
0
0
0
72
127
135
0
0
190
249
0
0
0
0
192
0
0
28
19
14
19
23
22
4
52
167
87
0
0
475
434
20
0
0
0
123
0
0
152
226
58
101
0
0
22
3
0
0
244
132
0
0
0
123
151
79
138
124
152
0
0
0
0
0
15
74
105
172
0
0
122
317
0
0
0
0
179
0
0
18
44
28
0
0
0
40
22
126
99
0
0
401
542
7
0
0
0
155
0
0
200
182
51
23
0
24
17
15
0
0
204
43
0
0
0
136
209
210
159
0
0
0
50
0
0
0
20
125
162
145
0
0
35
323
0
0
0
0
210
25
0
2
62
42
2
0
0
20
13
85
94
0
0
384
571
8
0
0
0
92
0
0
220
146
36
0
12
50
0
31
7
0
106
17
0
0
0
148
345
281
0
0
0
88
181
0
0
0
19
146
179
109
0
0
0
325
17
0
0
1
244
36
0
0
37
37
27
7
0
7
0
53
116
0
0
344
579
11
0
0
53
20
0
0
247
91
21
32
32
23
2
0
0
2
5
66
55
0
0
148
325
318
0
0
0
181
107
0
0
0
57
92
125
117
0
0
47
323
77
0
0
16
265
81
0
0
18
0
13
25
0
20
0
37
171
0
0
249
550
8
0
0
105
0
0
0
264
86
28
44
25
0
19
0
0
51
0
115
71
0
0
80
132
319
41
0
0
44
10
0
0
0
109
21
52
150
0
0
129
273
102
0
0
0
283
112
0
33
27
0
0
21
0
12
0
41
227
43
0
156
524
8
0
0
81
6
0
0
233
112
64
26
0
0
18
0
0
61
0
143
19
0
80
0
0
216
233
0
0
0
0
0
0
0
159
0
0
170
0
4
133
193
141
0
0
0
269
103
0
16
9
0
10
0
0
10
13
26
208
24
0
143
524
15
0
0
37
0
0
0
205
116
111
36
0
0
0
0
6
1
0
154
0
0
92
0
0
161
302
80
0
0
0
0
0
0
191
0
0
177
29
0
49
115
161
59
0
0
176
108
0
0
0
27
35
0
0
21
27
0
149
0
0
175
535
21
0
0
0
0
0
0
214
134
134
44
0
0
0
0
54
0
0
94
0
1
68
0
0
254
282
0
0
34
0
0
0
61
189
0
0
188
75
0
0
42
124
160
0
0
42
93
0
0
25
26
30
15
0
27
0
0
146
0
0
192
582
19
0
0
0
30
0
0
193
183
103
23
0
0
0
40
46
0
0
3
0
19
2
0
0
335
218
0
0
102
0
0
0
176
182
0
0
196
132
0
0
0
67
127
49
0
0
0
0
0
20
19
18
25
20
21
0
0
162
0
0
271
641
10
0
0
0
139
0
0
131
232
52
0
0
5
4
20
11
0
0
0
22
35
0
0
5
326
178
0
0
92
0
0
0
272
99
0
0
180
158
0
0
0
37
42
66
94
0
0
0
22
0
24
14
38
30
0
0
31
106
0
0
441
654
15
0
0
0
108
0
0
99
269
24
0
14
82
15
0
0
0
0
0
38
20
0
33
16
298
219
0
0
140
0
0
150
198
0
0
0
104
151
19
0
1
24
4
66
115
8
0
0
30
10
22
12
44
30
0
0
78
17
0
0
599
587
37
46
0
0
0
0
0
56
251
37
0
2
83
73
9
0
0
0
0
4
0
5
29
36
287
287
0
0
104
0
24
316
0
0
0
0
24
160
0
0
15
8
33
37
57
58
0
0
13
40
6
1
7
28
16
0
72
0
0
53
687
441
38
59
0
0
0
0
0
0
157
96
0
0
56
49
60
23
0
0
0
0
0
29
36
69
257
231
0
0
0
0
294
308
0
0
2
0
0
190
0
0
0
0
54
0
12
80
0
0
17
45
0
0
0
54
26
0
66
0
0
241
701
278
28
38
0
0
0
18
0
0
108
167
0
19
36
0
33
88
0
0
0
0
28
56
47
164
163
0
0
0
0
97
315
215
0
0
0
0
0
215
0
0
0
0
44
0
0
51
5
0
35
28
5
0
0
48
0
59
56
0
0
404
642
144
26
12
11
0
0
0
0
0
81
203
55
56
0
0
0
96
24
0
0
2
58
64
101
263
0
0
67
17
0
133
133
137
108
0
0
0
0
225
1
0
0
0
51
5
0
15
0
16
39
33
32
0
0
0
75
208
0
0
0
544
523
35
6
13
37
0
0
0
26
0
0
181
148
60
0
0
21
76
21
0
0
16
77
89
268
219
0
0
43
165
60
117
0
65
232
0
0
0
0
224
8
0
0
25
67
0
0
5
0
0
43
47
5
0
0
0
206
161
0
0
66
624
344
0
0
30
41
13
0
0
3
0
0
101
207
77
0
0
49
18
2
0
0
5
152
229
262
0
0
0
23
257
218
131
0
0
256
0
0
0
0
218
72
0
0
22
47
0
0
22
0
0
40
14
0
0
0
122
216
0
0
0
317
636
132
0
0
38
30
63
0
0
0
7
0
0
178
123
23
0
7
0
5
0
0
23
279
309
0
0
0
0
139
287
144
116
83
16
273
0
0
0
12
196
176
0
0
3
5
0
14
30
0
0
27
0
0
0
52
250
67
0
0
0
544
576
0
0
6
22
23
37
0
0
0
28
0
0
90
176
53
0
0
0
0
0
0
77
337
208
0
0
0
0
243
214
40
89
139
88
265
0
0
0
0
205
211
0
0
0
0
13
41
0
0
35
32
0
0
12
125
204
0
0
0
102
667
384
0
12
21
2
14
22
16
0
0
0
0
0
0
172
78
0
6
0
0
0
28
114
292
142
0
0
0
102
289
106
0
76
107
87
229
0
0
0
0
239
203
2
27
0
0
1
24
0
0
9
18
0
7
94
165
36
0
0
0
417
619
117
0
6
33
8
9
24
36
0
0
0
0
0
0
0
116
48
33
0
0
0
28
120
261
117
0
0
0
239
263
22
13
57
22
39
128
71
0
0
0
192
257
20
0
13
0
0
0
26
8
0
0
2
113
172
14
0
0
0
187
634
359
0
12
0
27
8
21
19
15
22
0
0
0
0
0
0
48
142
64
0
0
0
12
104
264
29
0
0
7
293
158
0
48
43
0
24
18
103
0
0
0
96
288
80
0
39
0
0
0
16
0
0
7
87
233
98
0
0
0
0
504
622
78
0
27
0
18
0
33
9
0
49
0
0
0
0
0
0
0
49
115
16
23
0
0
65
237
0
0
0
163
244
50
0
36
44
41
6
0
45
78
0
0
0
229
146
31
42
0
0
0
25
0
0
105
185
187
0
0
0
0
224
619
393
0
9
0
0
14
0
24
0
0
60
34
0
0
0
0
0
0
0
22
100
134
0
0
18
201
19
0
0
216
175
32
0
0
41
65
0
2
33
43
0
0
0
121
160
58
67
0
0
0
10
0
21
200
177
19
0
0
0
120
545
473
135
0
0
17
0
0
5
15
0
18
39
11
15
0
0
0
0
0
0
0
13
180
77
0
0
166
35
0
0
125
146
65
38
0
31
52
21
20
6
0
122
0
0
0
113
43
67
0
0
0
0
29
103
140
4
0
0
0
67
458
519
179
15
0
0
33
0
0
26
31
5
25
5
12
31
24
0
0
0
0
5
0
0
85
99
58
0
134
21
0
0
0
90
92
49
27
42
21
75
29
0
0
207
0
0
0
23
0
63
53
19
0
19
93
53
0
0
0
0
59
439
489
227
20
0
4
0
0
8
0
47
63
43
21
1
26
38
3
5
0
0
0
0
0
0
0
62
36
0
96
80
7
24
0
0
65
14
110
84
0
28
0
0
78
210
60
0
0
0
0
81
63
13
51
67
42
0
0
0
0
113
446
491
169
23
14
0
0
0
0
8
0
66
69
60
25
13
29
39
0
5
19
0
0
0
0
0
0
97
0
0
51
90
26
104
0
0
0
0
140
111
0
0
0
52
89
38
135
0
0
0
0
79
39
0
61
0
0
44
0
0
76
414
437
178
5
0
3
0
0
0
0
3
1
43
40
41
26
20
26
29
0
0
24
13
0
0
0
0
0
72
0
0
48
0
6
53
45
0
0
0
66
90
0
0
0
79
27
0
107
102
0
0
0
61
12
0
0
0
0
119
208
184
274
333
128
0
7
0
0
0
0
0
0
2
4
3
10
16
20
22
19
14
14
0
13
54
12
0
0
0
0
0
0
0
55
0
0
9
0
0
19
0
0
32
0
10
45
22
0
0
11
98
15
0
15
25
0
0
0
0
66
271
380
291
167
72
0
0
0
0
0
0
0
0
0
0
7
0
0
4
19
27
21
8
21
0
25
41
0
15
11
0
0
0
0
0
0
0
0
0
0
18
116
0
0
26
0
65
79
0
0
0
0
62
10
0
9
0
0
0
90
174
288
299
229
110
14
0
0
0
0
0
0
6
0
0
0
0
9
9
0
0
18
28
23
9
3
5
39
7
7
69
2
0
0
0
0
0
0
0
0
0
0
42
76
0
0
63
0
46
83
0
0
0
0
63
50
60
53
3
86
190
225
177
184
116
29
0
0
3
0
0
0
0
0
0
0
0
0
0
22
23
0
0
15
25
23
12
0
4
50
15
1
27
1
0
8
10
0
0
0
0
0
0
0
0
0
0
0
0
0
0
44
58
0
8
23
107
151
128
154
145
128
125
105
37
22
0
0
0
0
9
0
0
0
0
0
0
0
0
0
0
28
26
5
8
11
18
21
15
0
0
42
24
0
0
52
30
0
16
5
3
39
0
0
0
0
0
0
0
0
0
0
0
28
139
118
128
115
122
111
63
77
105
46
0
0
2
0
0
0
0
0
1
0
0
4
0
0
0
0
0
0
0
21
21
20
14
4
5
14
17
4
0
19
23
0
0
56
30
0
0
0
8
29
5
0
21
11
0
0
0
0
0
0
0
31
101
79
69
64
58
28
0
0
3
0
0
0
0
0
0
0
0
8
2
0
0
0
0
0
0
0
0
0
0
22
19
17
9
1
1
10
16
16
2
8
19
0
4
39
19
4
0
0
4
12
3
4
15
20
8
7
24
16
0
0
0
25
35
0
0
0
2
6
0
6
1
0
6
0
0
9
0
0
0
3
1
0
0
0
0
0
0
0
0
0
0
25
12
6
4
4
6
7
7
13
10
11
4
0
17
48
4
0
9
0
8
12
4
6
17
13
5
14
24
11
0
0
0
21
21
0
0
0
0
2
0
9
2
0
6
0
0
9
0
0
0
0
0
0
0
0
0
0
0
0
0
0
1
23
12
2
7
8
7
0
0
14
23
14
0
0
21
53
0
0
17
1
15
14
5
10
22
16
0
0
14
13
0
0
8
5
0
0
0
0
0
3
0
0
0
0
10
0
0
10
0
0
0
0
0
0
0
0
0
1
0
0
0
0
4
16
21
5
11
10
3
0
0
20
33
20
0
0
14
49
0
0
21
5
14
8
0
5
23
42
5
0
0
18
22
21
22
0
0
0
0
0
0
0
1
3
0
0
12
0
0
6
0
0
0
0
0
0
0
0
0
0
0
0
0
0
2
