0
93
92
29
232
294
0
124
227
0
0
176
5
317
145
0
213
230
0
0
124
0
88
292
0
238
0
43
449
0
0
0
227
191
0
320
295
0
28
182
18
0
36
189
252
0
0
151
0
186
140
0
0
171
270
179
6
0
77
10
6
0
62
59
0
215
337
80
80
255
112
26
0
49
15
157
137
0
265
83
0
200
217
158
0
81
214
0
0
0
0
71
82
0
37
0
50
362
144
0
0
355
83
0
117
185
19
0
0
0
142
0
84
80
114
109
199
391
50
0
65
2
15
92
201
0
0
272
35
22
141
0
66
0
42
61
162
255
0
82
98
0
0
2
184
157
0
212
259
310
152
0
1
9
81
118
10
0
0
28
86
27
162
235
0
0
0
247
311
25
174
3
0
0
28
153
47
0
44
0
128
143
0
9
74
229
122
0
97
0
45
88
190
125
51
5
0
0
185
238
0
193
0
0
0
158
227
117
30
62
0
0
161
300
131
33
163
146
155
99
0
265
191
0
55
360
265
0
0
384
145
2
274
99
0
0
105
179
297
129
57
156
161
42
250
68
0
193
44
172
289
0
123
252
60
231
96
0
0
121
274
104
66
135
0
21
209
0
73
237
196
229
103
0
58
215
59
0
156
368
75
0
0
119
189
44
0
189
115
0
88
146
36
0
124
360
255
0
0
258
0
0
187
302
0
17
44
0
6
0
0
116
122
74
68
8
77
89
183
39
0
224
276
1
0
18
312
156
0
53
0
0
0
231
215
11
9
0
69
103
78
148
32
75
0
27
357
235
8
21
308
188
36
179
0
33
137
0
0
108
257
30
28
19
95
264
69
97
212
51
210
0
38
164
0
53
0
77
318
148
0
194
106
0
73
0
136
370
24
0
210
55
18
0
134
286
101
47
275
219
0
0
57
224
308
184
0
0
181
254
62
162
220
63
68
0
138
191
158
0
0
141
261
0
0
236
147
0
97
358
225
110
12
67
235
307
33
0
0
245
129
50
95
283
134
126
0
14
142
212
37
74
313
75
63
0
0
57
78
44
113
161
0
70
317
41
20
175
42
9
0
0
0
94
281
3
69
102
67
232
107
226
0
34
274
17
0
105
35
160
66
0
0
50
152
153
258
352
93
0
185
240
31
110
0
71
252
0
0
0
300
63
71
0
182
192
262
74
48
70
0
95
194
0
0
0
159
268
85
0
0
106
320
169
0
144
309
0
88
0
109
0
55
230
0
104
277
199
55
148
234
0
0
193
85
0
56
41
281
0
0
0
106
330
285
27
0
153
229
235
54
0
185
241
2
55
0
0
269
259
214
65
110
18
0
350
0
0
281
282
13
0
143
26
149
121
99
6
53
43
0
330
163
206
100
0
12
47
85
11
22
171
253
109
0
0
26
0
38
314
66
0
216
159
0
218
209
0
0
7
0
132
164
33
162
175
31
214
0
121
85
0
85
407
190
0
196
22
0
240
155
0
0
19
241
61
67
262
8
2
57
0
0
12
173
164
229
253
187
0
54
122
0
152
145
249
105
136
0
22
327
217
0
0
214
38
141
258
0
111
68
37
14
27
0
58
215
215
0
7
65
0
0
39
238
0
88
277
0
0
96
331
208
11
29
81
104
0
130
0
188
0
96
209
0
76
108
0
191
0
0
167
76
31
32
110
0
0
176
23
0
18
330
118
0
75
111
229
15
0
217
168
54
122
178
104
12
191
393
77
0
229
148
0
374
68
0
0
277
65
0
0
0
54
233
87
151
244
121
198
122
360
0
0
87
0
113
190
94
0
157
246
160
62
0
0
165
192
0
98
110
214
0
86
170
283
170
0
64
105
0
115
210
200
0
0
220
0
0
153
73
151
167
0
0
230
254
0
0
191
51
32
230
67
0
226
340
0
0
0
0
59
345
277
0
0
146
51
306
57
0
138
154
111
0
119
264
110
0
184
134
0
29
0
0
23
285
232
68
32
0
64
26
0
286
0
0
340
224
10
0
0
278
11
168
185
139
133
0
0
76
133
0
314
164
0
0
258
77
0
