-155
-54
-24
-236
-45
-254
-100
-168
-305
-182
120
-65
-35
-99
-67
-101
-231
-76
-228
1
-85
-133
20
-349
19
11
-261
167
-340
-148
-72
49
-6
-308
151
80
-318
-166
68
-146
-4
-205
-265
81
-260
-190
92
-185
-91
-72
-312
-11
271
-84
-188
-13
-274
-83
-95
-168
-238
-123
33
-285
20
63
-139
-91
4
-298
-266
9
-145
17
-68
-76
-315
96
-105
-158
140
-162
-116
-144
-110
-44
-305
-156
-170
-256
-288
-73
-198
-117
18
12
69
-143
-162
-98
39
-166
-456
128
-139
-112
-144
-142
-215
67
-278
-114
-2
-87
51
36
-100
-76
-297
35
-257
-146
13
-128
-74
-244
113
-76
-220
-72
-334
-28
-175
-138
-103
-54
-107
-120
-77
-54
-134
-162
-1
47
-25
-155
-100
-43
-228
-169
-222
-50
-208
-292
58
-215
-161
-20
-194
-289
-44
-80
-59
-187
-181
-185
-19
-20
-178
-107
-148
-260
-100
-201
3
-26
-166
58
-240
-101
-146
-421
-109
1
-12
-153
-215
-99
-242
-128
-193
-101
-118
-371
-118
-92
17
-78
31
-209
-16
-298
-226
-80
-49
-78
-317
-222
-118
-130
-293
13
-115
-76
-145
-85
-195
-25
-316
-289
45
-55
-44
48
-53
-177
-217
-273
138
-7
-215
-59
-208
-260
-280
-6
69
-29
-23
-231
-111
-27
-271
-44
-21
-120
-121
-189
-99
162
-331
-116
27
-299
-8
-75
-166
-214
-68
45
-163
-191
-276
-190
-120
127
-179
-308
-66
-37
-189
-233
-10
4
-116
-187
-164
39
-137
-212
-188
-66
66
-91
-173
-58
-127
-304
-210
56
-285
-115
-34
-145
-253
-153
-59
-123
46
-133
-174
-85
-2
-228
21
-161
-353
-258
-170
68
-184
-189
-147
-99
-108
-84
-104
-158
-341
-257
123
-79
-326
-196
-162
193
-67
-510
-216
169
-131
-161
80
-141
-385
-158
-203
-172
-41
-19
18
-217
-146
-104
-177
-6
-178
-194
27
-72
-179
-68
-82
-313
-257
15
-40
-146
-116
-149
-179
-320
-117
-48
32
-146
-256
-13
-48
-176
-338
-303
50
-194
-81
-229
-142
-50
-89
-320
-85
-123
-201
-205
-253
-85
176
-368
-221
-118
-324
-102
-100
-124
-116
-33
-247
-191
-90
-82
-22
-235
-63
-117
-206
-143
-180
-131
-16
-156
14
108
-248
-86
-208
-40
-60
-183
-186
-163
-119
-143
-173
-272
-72
57
-442
11
192
-115
-256
-176
-45
-31
-39
-249
-416
-139
187
0
-298
-97
-88
-159
-226
-203
-93
-1
-141
-210
-301
139
-258
-205
-189
-45
-178
-94
-62
53
-43
-355
-285
55
-11
-133
-103
-257
-163
-224
-48
-9
-193
38
-158
-227
-44
-142
-94
-89
-163
-87
-154
-209
-121
-17
-178
-315
100
-86
-328
-52
-17
-79
52
-39
-137
-175
-172
27
-70
-212
4
-139
-226
45
-112
-284
-58
-109
-277
45
-284
-27
-43
-229
28
-98
-149
-231
-129
-53
-461
52
2
-202
14
-23
-158
-353
-64
-107
-170
-54
-143
-113
-226
-243
-93
-239
-164
-186
-23
-321
24
152
-327
-258
-12
91
-334
-216
-104
-22
-202
59
-208
67
-193
-267
-156
-34
143
-115
-161
-71
51
-224
26
-366
29
-70
-41
-184
-184
-316
8
133
-13
-227
-254
-30
-95
-233
-152
-159
-203
151
-63
-161
-249
-35
108
13
-328
-46
-17
-294
-51
-205
-25
-165
-42
-192
-373
-36
-151
-196
-111
-2
-1
-323
-129
-3
-128
-157
-222
-67
30
-91
-335
-122
8
-201
64
-4
-378
-148
-70
-165
-34
-153
-144
-38
18
-353
-51
-213
58
-203
-163
62
48
-210
-456
54
-109
-330
43
60
-243
-178
1
-65
-262
-53
30
-141
-300
-37
-238
-10
45
-123
-113
-209
7
-43
-241
-80
-15
-400
29
90
63
-294
-101
-156
-181
102
-173
-100
-87
1
-28
-74
-60
-260
-151
-109
-109
-265
-119
-247
-99
-22
-38
-111
-248
-271
-135
-97
-43
38
-338
-180
47
-122
-285
124
68
-48
-207
-188
-192
-144
-130
-108
-310
-251
-319
-215
-43
-201
-204
-16
-195
33
-126
-228
-196
-167
-207
-33
120
-112
-292
-76
-141
-153
-145
54
-126
-308
-10
-169
-50
-71
-231
35
2
-114
-143
-141
-270
-42
65
158
-233
-415
-62
84
-302
107
-318
-400
-38
161
-206
-387
-24
-44
-176
-95
-119
51
-27
-139
-203
-121
-119
-301
-282
36
-232
32
-158
-165
-175
-143
-153
-10
-170
-250
64
11
-216
-477
80
-144
-192
-67
74
76
-139
-63
-196
-78
-284
-181
-44
57
-130
-92
-358
-43
-35
-122
84
-317
-138
31
-198
-147
-179
-246
-130
-34
-20
-119
-13
-60
-272
-250
-70
182
-163
-316
-51
-36
-131
68
-121
-167
-155
-99
-223
-40
-88
-405
-55
12
-45
-333
-107
104
-148
-398
-35
-74
-326
27
-186
45
-81
11
29
-129
-239
-119
-203
-15
-161
43
-403
-290
165
-70
-285
-157
-217
85
-145
-186
-142
-177
106
-234
-284
-61
94
-298
-93
53
-350
144
-38
-249
-273
-124
