-103
93
92
29
232
294
-203
124
227
-173
-101
176
5
317
145
-84
213
230
-34
-52
124
-174
88
292
-2
238
-45
43
449
-13
-145
-133
227
191
-20
320
295
-54
28
182
18
-40
36
189
252
-109
-57
151
-19
186
140
-158
-51
171
270
179
6
-105
77
10
6
-5
62
59
-142
215
337
80
80
255
112
26
-35
49
15
157
137
-253
265
83
-129
200
217
158
-2
81
214
-20
-119
-43
-59
71
82
-163
37
-114
50
362
144
-101
-99
355
83
-220
117
185
19
-4
-30
-36
142
-21
84
80
114
109
199
391
50
-90
65
2
15
92
201
-25
-174
272
35
22
141
-32
66
-47
42
61
162
255
-75
82
98
-106
-126
2
184
157
-47
212
259
310
152
-20
1
9
81
118
10
-6
-18
28
86
27
162
235
-64
-192
-52
247
311
25
174
3
-173
-2
28
153
47
-210
44
-63
128
143
-125
9
74
229
122
-8
97
-109
45
88
190
125
51
5
-4
-32
185
238
-55
193
-12
-98
-29
158
227
117
30
62
-4
-154
161
300
131
33
163
146
155
99
-1
265
191
-113
55
360
265
-243
-122
384
145
2
274
99
-125
-139
105
179
297
129
57
156
161
42
250
68
-61
193
44
172
289
-183
123
252
60
231
96
-78
-226
121
274
104
66
135
-27
21
209
-84
73
237
196
229
103
-43
58
215
59
-121
156
368
75
-189
-84
119
189
44
-64
189
115
-125
88
146
36
-114
124
360
255
-76
-256
258
-19
-161
187
302
-126
17
44
-5
6
-78
-23
116
122
74
68
8
77
89
183
39
-124
224
276
1
-153
18
312
156
-14
53
-78
-36
-22
231
215
11
9
-31
69
103
78
148
32
75
-42
27
357
235
8
21
308
188
36
179
-5
33
137
-96
-25
108
257
30
28
19
95
264
69
97
212
51
210
-40
38
164
-74
53
-74
77
318
148
-65
194
106
-43
73
-59
136
370
24
-162
210
55
18
-78
134
286
101
47
275
219
-6
-103
57
224
308
184
-108
-198
181
254
62
162
220
63
68
-99
138
191
158
-21
-34
141
261
-41
-168
236
147
-285
97
358
225
110
12
67
235
307
33
-193
-85
245
129
50
95
283
134
126
-75
14
142
212
37
74
313
75
63
-30
-20
57
78
44
113
161
-37
70
317
41
20
175
42
9
-38
-69
-3
94
281
3
69
102
67
232
107
226
-7
34
274
17
-4
105
35
160
66
-43
-11
50
152
153
258
352
93
-218
185
240
31
110
-26
71
252
-18
-128
-64
300
63
71
-191
182
192
262
74
48
70
-241
95
194
-158
-48
-26
159
268
85
-4
-108
106
320
169
-200
144
309
-70
88
-71
109
-31
55
230
-209
104
277
199
55
148
234
-19
-112
193
85
-102
56
41
281
-29
-79
-112
106
330
285
27
-6
153
229
235
54
-46
185
241
2
55
-252
-115
269
259
214
65
110
18
-56
350
-119
-113
281
282
13
-53
143
26
149
121
99
6
53
43
-17
330
163
206
100
-287
12
47
85
11
22
171
253
109
-47
-60
26
-98
38
314
66
-96
216
159
-262
218
209
-48
-30
7
-83
132
164
33
162
175
31
214
-132
121
85
-39
85
407
190
-220
196
22
-123
240
155
-106
-119
19
241
61
67
262
8
2
57
-61
-40
12
173
164
229
253
187
-156
54
122
-38
152
145
249
105
136
-95
22
327
217
-50
-67
214
38
141
258
-61
111
68
37
14
27
-238
58
215
215
-11
7
65
-113
-104
39
238
-41
88
277
-28
-253
96
331
208
11
29
81
104
-62
130
-6
188
-130
96
209
-66
76
108
-27
191
-1
-60
167
76
31
32
110
-117
-35
176
23
-135
18
330
118
-155
75
111
229
15
-99
217
168
54
122
178
104
12
191
393
77
-212
229
148
-70
374
68
-103
-50
277
65
-123
-30
-38
54
233
87
151
244
121
198
122
360
-41
-103
87
-105
113
190
94
-62
157
246
160
62
-74
-29
165
192
-23
98
110
214
-108
86
170
283
170
-115
64
105
-119
115
210
200
-32
-44
220
-94
-96
153
73
151
167
-65
-28
230
254
-202
-6
191
51
32
230
67
-49
226
340
-113
-130
-86
-132
59
345
277
-14
-29
146
51
306
57
-96
138
154
111
-165
119
264
110
-154
184
134
-31
29
-105
-23
23
285
232
68
32
-145
64
26
0
286
-88
-220
340
224
10
-72
-28
278
11
168
185
139
133
-30
-54
76
133
-172
314
164
-333
-57
258
77
-16
