-91
105
98
185
152
186
-127
87
55
-194
-44
213
179
333
141
125
173
132
21
-116
100
-61
139
283
32
208
31
101
332
2
-164
-27
230
167
43
239
243
-61
30
166
55
102
63
119
182
-186
-25
113
-51
150
21
-158
61
256
206
70
-28
-91
54
72
76
35
103
120
-24
301
290
164
130
235
52
-75
27
-37
64
108
106
-150
250
111
22
297
168
59
-54
2
63
-105
-80
-12
-36
-33
36
-179
-12
-12
107
256
96
-90
20
276
7
-176
117
124
4
-5
13
-55
186
-101
45
29
52
176
226
278
131
-69
98
27
21
160
75
-32
-164
188
10
-15
77
-100
18
-11
25
102
142
148
-46
47
-22
-42
-122
124
227
205
131
313
301
284
56
15
32
-41
5
7
-76
-106
-7
42
-1
145
100
178
-54
-75
64
282
214
35
43
-85
-130
-65
-3
52
-9
-126
72
-29
111
23
-164
-28
66
100
27
-35
34
-35
122
35
219
61
-15
8
-26
37
74
152
-49
115
-70
-74
-17
138
120
-37
-110
-87
0
-52
237
204
104
32
154
131
241
61
52
245
96
74
200
293
123
-204
-72
262
180
11
205
-3
-103
-105
180
280
274
237
174
173
188
20
134
122
48
272
152
257
314
-62
196
242
30
110
-13
-138
-96
111
214
129
56
84
16
68
196
-15
54
127
213
211
-50
42
94
164
119
11
229
205
-57
-185
-47
85
69
-51
-6
114
-27
-89
81
37
94
75
185
234
58
-128
-130
188
-57
-98
149
126
-86
51
31
-39
-104
-84
44
63
68
-49
-17
-10
54
129
115
-16
-50
296
192
-15
-62
0
307
127
-86
40
-120
-69
-32
180
78
-71
-36
-58
14
67
40
138
-71
38
14
103
348
163
68
165
270
137
93
110
-65
-42
22
-3
62
184
220
6
-37
54
155
315
178
114
223
83
113
-72
-25
143
-40
130
29
192
281
159
-58
119
43
-2
2
10
126
324
-41
-89
160
-10
90
37
228
241
162
51
96
56
-53
-16
96
227
225
29
-82
-125
149
154
48
109
215
-8
129
-82
234
139
170
-19
76
134
164
6
-117
168
112
-197
189
368
267
99
129
132
250
270
5
-116
21
271
192
87
157
292
85
86
-98
75
119
121
70
80
317
-34
39
-64
5
46
70
45
155
205
-35
45
191
69
32
118
-66
-90
-170
-7
41
86
250
27
56
117
91
157
177
140
41
111
115
93
16
111
-72
163
34
-64
80
111
188
237
299
191
29
-127
234
179
29
119
17
51
229
-15
-88
113
214
2
70
-96
264
169
158
35
11
-51
-75
87
170
-216
64
63
126
247
63
71
-55
186
186
59
-76
78
138
-96
-65
-92
50
50
39
241
-136
145
313
34
42
122
153
-22
-146
122
-14
-150
68
-81
229
-88
-30
-70
181
325
145
82
20
246
218
224
1
74
191
129
-29
-67
-242
98
289
374
153
83
118
47
-5
168
-66
-7
308
293
72
6
104
127
204
28
197
40
99
96
107
254
123
66
-63
-229
34
26
70
-53
144
160
90
6
-66
-5
-26
54
107
275
100
-107
87
6
-197
170
96
-117
-50
-13
-41
93
39
60
136
242
-11
155
-128
178
-7
50
156
298
113
-197
197
-10
-84
136
65
-136
-101
77
181
68
81
230
80
-30
-69
-77
26
153
295
228
257
177
146
-146
107
97
-49
201
192
349
49
125
-47
53
253
85
-5
-27
194
103
143
208
-66
95
62
0
-24
16
-98
81
175
116
-34
-13
-43
-68
-22
98
279
-51
154
145
9
-155
215
323
175
28
-4
-13
33
-54
81
-18
106
-78
62
158
-71
-40
6
-108
114
2
12
48
65
-67
-29
94
-92
-8
54
29
-150
7
169
9
-182
83
57
177
86
-10
217
219
169
133
170
50
49
226
354
82
-96
231
169
-27
284
-44
-159
-14
208
-66
-189
-44
46
87
293
129
287
253
177
128
212
227
-28
-101
96
-46
151
142
109
57
186
170
46
-8
-135
90
184
147
-122
175
82
141
17
210
255
210
86
-57
36
66
-134
114
131
106
-55
-136
53
-36
-52
259
11
92
82
-57
93
125
135
-123
140
180
200
163
230
75
-64
105
180
-118
-128
56
-17
150
334
192
-3
54
162
53
275
-9
-123
38
103
106
-99
172
254
108
-102
171
38
-113
9
-161
48
59
245
236
147
-16
-125
-29
19
-22
215
-109
-102
298
158
-72
-13
-5
291
118
178
169
41
142
-40
-63
40
176
-126
199
45
-289
115
214
107
13
