10
3
24
17
46
39
60
53
50
75
64
89
86
111
100
125
122
115
136
129
158
151
172
165
162
187
176
201
198
223
29
20
15
6
57
48
43
34
37
92
87
78
65
120
115
106
109
100
159
150
137
128
187
178
181
172
167
222
209
200
32
41
50
59
4
13
22
31
24
97
106
115
124
69
78
87
80
89
162
171
180
189
134
143
136
145
154
227
236
245
51
58
33
40
23
30
5
12
11
114
121
96
111
86
93
68
67
74
177
184
167
174
149
156
155
130
137
240
255
230
70
79
84
93
98
107
112
121
126
7
12
21
26
35
40
49
54
63
196
205
210
219
224
233
238
247
252
133
138
147
73
64
91
82
109
100
127
118
113
8
3
26
21
44
39
62
57
48
203
194
221
212
239
230
225
248
243
138
133
156
92
85
78
71
120
113
106
99
100
29
22
15
0
57
50
43
44
37
222
215
200
193
250
243
244
237
230
159
144
137
111
102
125
116
75
66
89
80
87
46
37
60
51
10
1
24
31
22
237
228
251
242
201
192
199
222
213
172
163
186
114
123
96
105
86
95
68
77
74
51
56
33
46
23
28
5
2
11
240
249
230
239
212
221
218
195
200
177
190
167
133
140
151
158
161
168
179
186
189
196
207
214
217
224
235
242
245
252
7
14
17
24
35
42
45
52
63
70
73
80
136
129
154
147
172
165
190
183
176
201
194
219
212
237
230
255
248
241
10
3
28
21
46
39
32
57
50
75
68
93
155
146
137
128
191
182
173
164
163
218
209
200
199
254
245
236
235
226
25
16
15
6
61
52
51
42
33
88
87
78
174
167
188
181
138
131
152
145
150
239
228
253
242
203
192
217
222
215
44
37
58
51
8
1
6
31
20
109
98
123
177
184
163
170
149
156
135
142
137
240
251
226
237
212
223
198
193
200
51
58
37
44
23
30
25
0
11
114
125
100
196
205
214
223
224
233
242
251
252
133
142
151
152
161
170
179
180
189
70
79
80
89
98
107
108
117
126
7
8
17
215
222
197
204
243
250
225
232
239
150
157
132
139
178
185
160
167
174
85
92
67
74
113
120
127
102
109
20
27
2
218
211
200
193
254
247
236
229
226
155
144
137
134
191
180
173
170
163
88
81
78
71
124
117
114
107
96
25
22
15
237
228
255
246
201
192
219
210
213
172
167
190
177
136
131
154
157
148
111
102
121
112
75
66
69
92
87
46
33
56
240
249
226
235
212
221
198
207
200
177
186
163
172
149
158
135
128
137
114
123
100
109
86
95
88
65
74
51
60
37
3
10
17
24
39
46
53
60
59
66
73
80
95
102
109
116
115
122
129
136
151
158
165
172
171
178
185
192
207
214
22
31
4
13
50
59
32
41
46
87
92
69
74
115
120
97
102
111
148
157
130
139
176
185
190
167
172
213
218
195
25
16
11
2
61
52
47
38
33
88
83
74
69
124
119
110
105
96
155
146
141
132
191
182
177
168
163
218
213
204
44
37
62
55
8
1
26
19
20
109
102
127
112
73
66
91
92
85
174
167
184
177
138
131
132
157
150
239
224
249
63
54
45
36
27
18
9
0
7
126
117
108
99
90
81
72
79
70
189
180
171
162
153
144
151
142
133
252
243
234
66
75
80
89
102
111
116
125
122
3
8
17
30
39
44
53
50
59
192
201
214
223
228
237
234
243
248
129
142
151
85
92
71
78
113
120
99
106
109
20
31
6
9
48
59
34
37
44
215
222
193
200
243
250
253
228
239
150
153
128
88
81
74
67
124
117
110
103
96
25
18
11
4
61
54
47
40
33
218
211
204
197
254
247
240
233
226
155
148
141
107
98
121
112
79
70
93
84
83
42
33
56
55
14
5
28
27
18
233
224
255
246
205
196
195
218
209
168
167
190
126
119
108
101
90
83
72
65
70
63
52
45
34
27
16
9
14
7
252
245
234
227
216
209
214
207
196
189
178
171
129
136
147
154
165
172
183
190
185
192
203
210
221
228
239
246
241
248
3
10
21
28
39
46
41
48
59
66
77
84
