34
98
-167
-152
127
-32
-26
-19
-131
-69
-12
69
40
-152
-240
-34
159
-28
-10
-45
-256
104
48
-114
-155
68
-118
-108
-87
95
168
48
-26
-15
36
-82
18
-74
182
-79
-48
58
-6
-94
-63
12
115
-14
-57
-126
-110
152
95
58
-120
16
-215
-29
24
-57
172
-11
-117
-34
-171
-26
-18
-188
-41
168
95
-39
-207
-48
-80
7
152
136
-40
-319
-125
-27
-52
115
-115
-49
-63
-96
168
-101
73
71
111
-38
97
-72
-81
94
30
-29
1
7
-118
78
-52
2
-52
-133
58
-194
68
52
-269
112
6
-111
-197
-166
165
-55
-113
106
3
-160
-124
-155
57
-120
48
29
-112
-83
-112
-30
143
-30
-30
-89
19
58
-10
-135
-74
30
53
-26
88
-106
208
50
155
122
-144
161
-134
31
-90
-52
118
-12
-143
63
40
-26
44
-75
-114
-251
-127
79
12
117
-106
-176
20
-98
-113
-73
123
-179
-180
-50
20
23
-177
18
126
-16
-23
127
-238
112
-58
-127
197
-18
-144
1
15
-19
-4
-16
-204
87
-22
44
93
-66
-76
167
-13
99
-83
-241
28
3
-42
-158
-83
144
-108
-62
84
24
-89
42
47
-104
-18
19
39
-38
-102
198
65
-106
-33
-94
43
-32
-126
160
-70
10
194
-112
119
-175
-105
143
-142
-72
66
-205
80
-80
-110
2
90
-16
46
19
-114
-104
-127
-137
99
-55
105
12
-61
98
-104
12
-120
13
87
-246
-4
127
-68
-62
57
-141
166
-53
2
-272
-10
37
-161
34
121
-26
-60
-131
-41
-3
-173
31
-121
70
-47
46
-35
-177
75
-37
-200
68
-109
-52
10
-105
67
18
-98
-145
155
128
-121
27
-56
62
-179
-51
9
118
-42
124
42
116
-93
-10
44
-165
255
21
-116
11
26
-15
-113
-58
133
182
-76
-206
-60
-36
-13
124
-250
-79
-31
71
-157
34
-113
-152
-34
-196
98
32
-247
-78
129
-61
-215
37
-48
-24
57
-105
-202
1
4
-126
182
17
-167
-47
-11
28
-243
76
41
-100
115
-167
37
-123
71
-199
-147
161
4
83
-122
33
-42
-29
77
19
49
-189
-68
-91
-59
32
57
51
85
92
-97
-52
-72
156
-86
-179
142
-102
83
-107
-7
-24
-157
-13
-95
108
-126
-177
61
2
-39
-61
182
-33
-170
87
-181
-106
15
19
-5
-164
-102
65
-149
-15
-131
-195
-3
-148
14
145
2
39
-217
-89
109
-2
-269
-11
-170
-57
126
83
-42
-1
-121
-31
166
102
102
-231
-56
81
109
-196
-85
-158
-121
84
4
-94
-61
49
64
-217
24
61
-92
39
15
-40
165
-126
38
77
-98
-251
56
26
-37
-148
70
-86
-68
-226
22
-164
-1
-52
-44
104
194
-196
-55
18
30
-32
-77
-181
48
41
73
-128
-57
-129
95
-72
177
79
-81
72
-158
-47
119
-98
-141
-201
88
-42
-165
12
-79
-89
31
-69
-124
169
80
-220
81
185
-114
21
-62
79
-165
-3
-134
-51
113
82
-120
-63
-221
85
25
-114
-48
216
-108
159
-157
-87
-43
128
-52
-203
65
-120
-121
20
-14
-129
-112
2
83
163
-303
77
130
57
-1
-199
76
-114
69
-138
-273
177
-206
-22
65
-80
38
-21
106
-206
175
-67
-67
-153
-70
63
54
-132
56
-118
-44
33
-35
34
-98
83
127
-277
80
-215
47
182
-146
-209
59
-199
14
10
46
-95
21
-65
118
-54
61
-104
43
57
86
-79
-102
-49
-106
-28
54
73
-88
-187
-71
-15
-36
-174
84
-148
-47
95
-136
51
-165
-15
-211
64
81
-129
30
-160
58
148
-57
-4
-19
54
-180
46
-120
42
214
-246
1
-111
-91
-75
108
17
-98
-6
-187
193
-138
-27
-139
191
65
-62
-86
-3
25
-47
-89
-235
-93
126
-67
53
-117
-23
-51
-307
-84
33
-80
-33
4
-77
-92
180
-69
142
-151
78
-124
-3
31
171
-220
7
13
112
50
-147
80
-29
-135
204
-169
-58
230
-71
-181
-60
-129
104
-153
88
-220
-100
-26
185
-315
-9
-22
-48
37
-144
-100
-17
-127
-39
8
40
41
116
-26
-97
-245
53
138
-17
-166
-14
48
131
-38
-131
-198
185
14
-96
39
-123
-1
-62
70
-51
37
-215
-37
-57
99
-50
-61
40
-179
-121
-105
10
-7
82
-124
9
-38
-169
-14
47
-242
-107
99
-45
169
-146
153
-222
114
3
-86
-172
-5
-28
172
-98
103
15
-55
-60
43
-125
-115
32
123
123
40
-90
-158
62
-171
4
45
-37
-159
88
-8
-19
105
-118
-147
-87
148
-28
71
-90
-100
-34
-3
-273
21
-130
1
77
-53
15
-123
-13
-36
152
-166
-182
-86
235
-208
78
-29
164
-93
117
-113
-150
56
-26
43
-122
114
145
-25
-108
-60
-93
-41
8
