0
0
0
0
0
143
0
96
0
0
0
0
0
0
0
0
0
0
0
0
0
0
0
0
0
0
43
0
109
0
0
79
0
0
0
0
0
0
0
51
0
0
0
0
0
0
0
0
77
0
0
0
0
0
52
0
0
0
0
0
0
0
0
0
0
0
0
0
5
0
48
0
0
0
0
0
0
0
0
0
0
0
0
0
0
0
0
0
0
0
126
0
49
47
0
187
0
0
0
0
0
0
0
0
0
0
0
0
0
0
0
0
0
0
0
0
0
0
0
0
0
0
0
0
0
0
0
0
0
0
0
0
0
57
0
168
0
0
0
0
278
0
0
31
0
70
0
0
0
0
0
90
0
0
52
0
133
0
0
0
0
0
0
0
0
0
0
0
0
0
0
0
0
0
0
0
0
0
27
0
0
0
0
14
0
114
0
0
0
0
0
0
0
0
0
0
4
0
0
0
0
116
28
0
96
0
0
26
0
0
0
0
0
0
0
0
0
0
0
0
0
106
0
0
0
0
0
44
17
13
10
0
0
0
0
0
0
0
0
30
0
10
21
0
91
25
0
0
0
0
0
0
0
0
0
0
0
0
0
0
0
0
0
5
0
0
0
0
47
0
0
0
0
0
32
0
47
0
0
0
0
0
0
0
0
0
0
0
0
0
0
0
158
0
0
0
0
0
0
0
0
0
0
53
0
0
0
0
75
0
0
0
0
0
22
0
255
0
0
0
0
0
0
0
130
0
0
0
0
0
0
1
0
0
0
0
0
23
0
0
0
12
0
0
0
0
0
0
0
0
0
0
0
0
0
0
0
0
0
62
0
0
0
0
0
0
74
0
0
0
0
0
0
0
0
0
0
0
0
0
0
0
0
0
0
0
0
86
0
0
97
0
0
49
0
0
0
0
0
0
0
0
0
65
0
0
0
0
36
0
0
0
0
213
0
0
0
0
30
0
0
106
46
0
0
21
0
0
0
0
0
0
0
0
46
0
0
0
0
0
0
0
0
0
0
33
0
0
0
0
0
0
0
0
100
0
0
0
0
0
0
0
0
0
0
0
80
0
0
176
0
0
0
0
0
67
0
0
0
286
0
0
0
0
0
0
0
100
0
0
0
81
0
0
0
0
0
0
0
0
0
0
0
0
0
0
6
0
0
0
0
25
0
0
0
0
0
0
0
0
0
0
0
9
0
0
0
0
0
0
0
93
0
0
0
0
232
0
0
0
0
0
0
0
0
0
42
0
0
0
0
0
0
0
0
0
6
0
5
0
0
0
117
0
0
128
0
0
0
0
0
0
0
0
145
0
0
0
0
0
0
0
0
0
0
0
0
0
0
66
0
59
0
0
0
0
0
239
0
45
0
0
0
0
0
11
0
112
0
3
0
0
0
0
0
0
0
0
0
0
0
0
0
219
0
0
0
0
221
0
230
0
0
112
0
0
0
0
0
0
0
0
166
0
0
0
0
0
0
0
12
0
56
0
0
0
0
46
0
0
0
0
207
0
0
66
0
0
0
0
0
0
0
0
0
0
141
0
0
0
87
0
19
0
0
0
18
0
0
0
0
123
0
0
0
0
0
0
0
0
0
0
0
11
0
0
0
0
0
0
0
0
0
0
0
99
0
0
0
0
40
0
0
0
10
0
16
0
0
0
0
0
0
0
0
0
0
0
72
0
0
0
0
0
0
0
0
6
0
0
0
0
0
12
0
0
0
0
0
0
0
0
0
0
0
15
0
24
0
0
0
0
163
0
0
0
0
0
0
0
33
0
0
0
0
139
0
0
0
0
0
163
0
0
0
0
0
0
0
0
0
0
0
0
42
0
0
16
0
0
0
0
0
0
0
0
0
0
0
0
0
0
0
0
0
0
45
0
0
0
0
0
0
0
0
0
0
0
0
0
0
195
22
0
0
0
0
0
0
0
32
0
313
0
148
0
0
0
0
0
0
0
0
0
0
3
0
0
0
0
0
0
0
0
0
0
0
124
0
0
0
0
0
0
125
0
0
0
0
0
0
0
0
0
88
0
0
0
0
0
