-212
-13
-219
-35
-490
143
-364
96
-444
-283
-167
-162
-322
-108
-143
-299
-248
-168
-51
-169
-108
-337
-127
-143
-129
-376
43
-364
109
-195
-192
79
-124
-74
-75
-374
-29
-168
-312
51
-60
-155
-97
-86
-98
-86
-258
-187
77
-48
-144
-31
-386
-30
52
-95
-349
-170
-231
-53
-304
-326
-197
-46
-90
-391
-166
-262
5
-166
48
-103
-200
-290
-29
-95
-133
-211
-60
-249
-330
-133
-365
-220
-27
-92
-394
-73
-271
-207
126
-374
49
47
-255
187
-142
-199
-132
-284
-138
-69
-229
-117
-198
-210
-173
-126
-173
-23
-42
-206
-252
-367
-349
-113
-154
-202
-208
-220
-251
-454
-132
-278
-48
-287
-298
-101
-209
-151
-342
-295
-85
57
-194
168
-192
-303
-244
-264
278
-164
-273
31
-307
70
-158
-61
-243
-244
-236
90
-110
-211
52
-393
133
-320
-119
-82
-15
-191
-105
-172
-191
-278
-158
-203
-220
-223
-176
-374
-19
-203
-420
-378
-120
-282
27
-218
-18
-319
-431
14
-317
114
-348
-23
-119
-286
-88
-123
-67
-96
-154
-40
4
-142
-101
-276
-412
116
28
-142
96
-140
-55
26
-47
-462
-275
-343
-105
-154
-481
-103
-170
-174
-175
-208
-156
106
-450
-130
-33
-349
-60
44
17
13
10
-117
-368
-18
-163
-31
-136
-156
-358
30
-66
10
21
-334
91
25
-223
-118
-303
-180
-246
-214
-249
-18
-337
-100
-143
-137
-209
-203
-230
-320
-158
5
-251
-134
-248
-242
47
-134
-30
-292
-435
-11
32
-476
47
-234
-40
-147
-257
-1
-81
-357
-89
-182
-337
-288
-312
-241
-42
-84
158
-18
-391
-294
-140
-266
-14
-399
-4
-193
-191
53
-366
-107
-244
-206
75
-324
-203
-131
-236
-266
22
-276
255
-189
-44
-91
-131
-210
-238
-231
130
-105
-42
-179
-283
-216
-247
1
-140
-104
-114
-7
-188
23
-1
-108
-300
12
-152
-147
-98
-216
-122
-142
-73
-343
-287
-16
-294
-277
-337
-115
-313
-348
-193
62
-105
-154
-394
-76
-214
-390
74
-395
-81
-196
-101
-176
-209
-152
-207
-284
-140
-5
-200
-279
-144
-66
-276
-51
-226
-111
-74
86
-276
-98
97
-272
-1
49
-265
-30
-43
-329
-81
-8
-221
-133
-49
65
-161
-187
-486
-215
36
-164
-31
-237
-127
213
-125
-88
-282
-219
30
-361
-103
106
46
-428
-175
21
-453
-207
-158
-109
-210
-211
-326
-308
46
-176
-104
-140
-264
-518
-168
-204
-173
-242
-104
33
-464
-73
-243
-204
-225
-344
-145
-278
100
-223
-175
-104
-206
-136
-375
-73
-168
-492
-277
-329
80
-127
-4
176
-222
-61
-229
-161
-86
67
-1
-117
-296
286
-249
-196
-202
-362
-102
-255
-118
100
-226
-37
-275
81
-75
-57
-335
-30
-343
-150
-152
-43
-259
-157
-277
-164
-32
-291
6
-153
-145
-331
-56
25
-194
-6
-164
-228
-223
-127
-179
-135
-19
-475
-184
9
-251
-60
-14
-385
-14
-150
-24
93
-63
-175
-178
-180
232
-289
-162
-233
-111
-145
-43
-245
-388
-283
42
-389
-153
-152
-18
-198
-17
-69
-169
-145
6
-232
5
-469
-118
-405
117
-468
-190
128
-293
-175
-43
-173
-356
-54
-84
-262
145
-98
-291
-254
-9
-312
-288
-88
-351
-195
-73
-353
-405
-18
-324
66
-302
59
-261
-335
-55
-76
-46
239
-373
45
-110
-159
-188
-343
-119
11
-397
112
-345
3
-92
-27
-309
-63
-40
-263
-307
-214
-160
-286
-219
-8
-426
219
-215
-272
-35
-297
221
-202
230
-42
-171
112
-481
-102
-326
-59
-146
-335
-155
-301
166
-419
-19
-130
-228
-102
-95
-16
12
-325
56
-17
-322
-317
-431
46
-37
-240
-170
-357
207
-99
-262
66
-144
-504
-18
-445
-171
-357
-105
-552
-89
-126
141
-172
-250
-147
87
-166
19
-264
-198
-203
18
-178
-318
-7
-335
123
-68
-408
-161
-147
-75
-116
-151
-10
-162
-36
-351
11
-49
-204
-70
-401
-17
-272
-380
-101
-360
-98
-122
99
-343
-320
-176
-227
40
-311
-222
-246
10
-215
16
-112
-194
-17
-224
-100
-129
-17
-379
-180
-43
-160
72
-192
-45
-135
-140
-77
-145
-60
-19
6
-268
-210
-315
-121
-202
12
-110
-458
-241
-268
-345
-76
-338
-61
-265
-180
-517
15
-392
24
-492
-223
-214
-135
163
-283
-236
-38
-456
-166
-119
-5
33
-118
-164
-42
-302
139
-278
-184
-178
-18
-426
163
-448
-4
-31
-319
-163
-73
-378
-285
-425
-125
-269
-143
42
-209
-333
16
-215
-341
-212
-52
-179
-77
-243
-69
-185
-7
-283
-277
-139
-18
-166
-132
-264
-108
45
-312
-70
-122
-27
-95
-154
-3
-316
-99
-114
-58
-562
-330
-90
195
22
-186
-102
-187
0
-276
-405
-255
32
-522
313
-434
148
-177
-97
-233
-49
-154
-144
-386
-30
-392
-123
3
-104
-201
-174
-95
-26
-243
-114
-107
-69
-182
-262
124
-189
-150
-124
-180
-282
-37
125
-365
-38
-112
-46
-185
-38
-96
-85
-12
88
-177
-109
-437
-2
-225
