503
233
281
87
451
189
479
12
421
390
449
549
122
224
394
209
551
332
128
325
280
78
479
298
-22
551
214
348
422
503
360
331
142
483
19
578
93
705
245
421
233
146
142
149
368
430
156
268
183
24
492
373
226
360
402
-91
508
211
719
215
302
425
142
331
364
102
556
137
350
464
143
13
83
389
395
495
379
154
210
153
328
696
356
365
402
394
325
628
452
542
274
387
395
122
388
168
201
532
283
91
433
305
352
374
505
191
210
95
295
383
387
397
206
378
470
319
313
451
375
359
672
257
385
323
-21
618
363
252
621
317
86
392
411
334
314
153
142
321
289
673
288
134
445
276
419
402
433
327
424
316
403
307
39
277
350
147
422
442
86
393
197
237
382
289
67
389
158
371
515
326
631
335
235
533
206
476
251
591
189
110
73
400
487
179
637
288
591
153
377
180
284
312
248
187
391
76
267
348
386
272
200
219
231
166
248
185
358
-62
278
341
404
251
320
445
218
641
43
422
205
374
427
161
505
334
134
485
270
154
260
216
66
168
277
426
515
5
188
389
289
166
234
629
207
321
325
163
296
29
452
398
323
506
153
399
490
10
421
461
317
386
442
403
306
243
98
423
330
445
439
407
483
277
504
215
346
338
137
519
277
520
246
259
421
264
295
645
105
305
507
462
149
273
294
107
71
341
497
428
145
333
442
264
142
349
222
-10
601
213
296
239
287
348
314
415
307
224
203
275
242
315
253
84
280
449
276
415
400
312
549
179
319
292
201
194
328
435
192
366
216
114
400
314
270
303
512
177
276
132
400
276
461
522
214
230
797
371
450
348
360
340
123
287
446
369
83
534
340
183
186
485
202
418
359
216
158
352
379
401
488
343
108
316
486
253
52
532
300
62
312
270
278
105
15
250
292
238
487
138
371
247
463
123
336
355
287
42
397
579
296
480
432
237
240
473
189
-84
387
604
18
546
373
174
246
210
357
486
236
315
504
447
189
422
400
467
363
664
285
374
325
222
376
403
294
175
304
333
136
327
602
42
127
373
394
454
472
531
228
301
172
257
587
343
219
411
461
380
610
229
185
69
247
195
507
289
135
232
227
294
235
246
175
93
473
543
434
81
366
251
361
123
185
560
355
127
597
267
364
115
284
399
83
331
284
398
56
223
331
281
48
525
238
366
365
203
427
417
306
242
146
767
166
205
377
389
197
556
-38
278
22
293
417
351
252
165
206
229
204
303
401
253
277
261
376
440
114
483
323
449
316
194
588
280
273
290
271
343
258
104
518
322
186
580
228
314
460
237
338
-13
281
459
239
297
322
539
368
164
286
82
615
434
209
212
444
387
301
336
526
250
502
370
684
6
463
191
450
263
-48
154
301
-30
125
489
237
237
497
143
510
337
357
228
405
217
140
415
346
166
297
791
270
402
153
429
216
370
176
127
182
513
151
452
382
-80
485
149
172
307
265
617
237
557
162
662
246
388
428
511
307
152
439
213
80
110
26
399
158
306
658
210
358
41
195
301
-4
404
135
469
235
560
391
397
468
225
642
329
496
267
252
229
67
472
189
169
399
242
390
494
211
450
250
178
23
75
485
173
451
567
326
33
510
115
357
103
431
369
311
43
123
432
400
117
416
114
516
505
391
178
344
34
279
472
249
548
279
590
366
165
362
414
180
398
222
466
274
329
343
382
326
199
546
272
77
484
172
274
153
359
53
359
416
271
484
168
529
219
310
245
303
382
678
387
264
282
636
325
368
244
610
303
347
421
582
403
428
297
193
81
498
451
422
294
-78
349
236
359
268
49
543
477
268
239
430
235
264
528
221
470
35
577
338
530
505
352
305
131
207
332
245
604
335
276
323
154
322
69
242
544
26
391
554
350
223
689
96
260
369
253
284
216
403
500
244
235
154
243
282
346
557
274
364
394
290
438
-6
197
-38
393
533
343
341
581
188
389
279
339
67
196
145
361
515
299
193
236
143
444
253
288
242
489
295
579
271
279
168
239
593
129
324
250
320
308
425
-56
679
84
375
102
279
227
329
262
148
135
488
109
141
179
82
364
447
295
