187
210
225
190
247
108
144
162
139
93
56
78
211
13
22
180
69
93
51
76
72
197
21
54
114
35
50
95
31
189
247
171
204
144
212
104
253
105
151
21
245
36
165
243
164
118
92
142
252
107
38
156
81
169
254
5
32
237
99
134
59
181
143
145
154
129
38
0
81
235
16
174
26
182
176
167
108
43
42
91
196
201
38
71
56
8
197
84
37
72
221
6
219
136
205
70
143
253
80
164
157
116
192
171
199
183
4
64
81
67
104
165
118
98
65
50
110
245
203
152
132
17
96
134
225
206
98
236
27
234
11
53
75
10
147
83
42
181
169
14
17
79
235
145
216
153
85
13
35
242
180
170
224
109
204
210
203
222
59
148
245
174
237
160
86
218
21
195
229
82
137
188
143
147
170
43
55
24
72
201
80
197
51
44
252
68
49
62
153
198
78
129
121
146
147
36
23
78
190
176
85
214
33
69
146
107
128
168
31
167
177
227
199
12
112
236
173
243
176
240
119
251
46
60
164
227
45
52
249
0
203
50
160
115
89
69
195
94
68
79
73
57
110
201
229
187
162
13
91
121
85
75
137
38
16
194
14
57
236
223
136
195
196
217
55
136
122
30
196
9
141
193
5
111
153
79
41
70
12
24
189
43
152
84
19
157
219
6
41
213
109
36
56
213
73
33
112
158
226
86
150
244
92
83
206
58
28
109
88
106
137
228
242
54
5
139
114
166
53
130
48
214
217
51
244
105
4
177
3
237
144
69
158
103
72
217
36
233
223
222
166
178
85
10
10
106
207
249
162
178
49
87
194
142
162
112
115
64
222
110
119
211
162
82
153
157
126
241
49
80
38
206
65
17
173
76
27
113
121
126
87
32
254
111
103
63
115
55
99
34
58
194
7
34
151
67
152
122
116
99
79
41
150
202
100
62
163
146
218
58
246
180
241
164
171
75
79
217
112
80
177
183
121
251
37
91
148
176
91
117
205
210
107
27
71
161
168
234
134
15
254
227
130
71
152
50
97
216
75
61
84
239
11
20
220
57
46
88
197
51
156
85
1
74
221
172
162
223
6
25
129
130
27
18
224
35
55
195
31
224
111
12
8
71
9
212
219
105
177
95
158
115
131
179
96
102
19
246
152
163
251
190
172
174
93
24
117
221
230
16
246
180
215
157
56
165
104
194
52
110
199
152
175
58
207
253
203
187
216
156
28
56
152
1
128
84
95
93
7
127
132
53
108
68
88
23
178
199
175
221
183
67
77
5
191
209
19
14
222
90
242
158
72
58
60
132
213
251
90
83
1
175
136
151
13
252
20
55
96
183
202
31
59
149
118
129
8
251
154
122
181
185
81
170
5
207
48
12
45
153
46
26
112
129
7
106
161
231
210
102
95
171
102
230
230
149
6
220
185
33
107
93
49
174
79
11
65
80
158
238
100
196
65
101
146
4
228
161
71
104
82
11
112
177
48
91
187
52
201
133
122
184
221
93
88
246
152
47
214
119
168
25
221
2
241
172
29
22
46
66
221
28
6
231
111
224
254
8
159
4
190
165
154
25
68
215
66
130
191
179
93
225
189
221
60
63
246
94
26
18
10
185
1
251
113
100
24
43
229
28
202
222
72
183
77
167
4
243
27
105
79
246
223
72
63
125
41
176
66
66
161
131
253
32
26
181
203
9
19
249
13
55
98
213
99
233
205
182
214
134
219
228
101
118
23
160
35
30
12
55
112
125
230
197
34
16
90
168
27
56
122
5
99
207
87
185
241
42
210
29
198
93
250
78
35
105
61
237
186
55
201
139
167
105
198
47
245
165
31
244
6
99
60
168
184
236
84
19
67
82
148
15
133
150
187
7
63
105
198
49
38
101
46
253
157
45
62
29
93
90
116
252
229
130
249
112
201
57
126
195
239
103
214
73
243
57
205
204
213
19
240
138
162
85
98
116
32
110
201
9
244
191
30
59
21
77
83
111
111
36
208
37
231
205
127
4
245
150
118
165
46
231
101
191
245
238
204
133
143
53
69
187
234
110
35
37
57
14
214
145
146
58
65
205
225
37
92
202
12
218
110
146
109
126
94
217
156
175
8
75
56
23
159
183
204
147
251
166
3
89
55
29
9
196
96
20
226
243
157
230
58
147
9
233
26
68
115
203
130
148
54
215
93
180
156
153
20
198
175
120
159
231
64
13
54
70
241
87
211
144
115
22
253
0
149
18
29
114
207
178
29
95
41
68
132
52
16
213
146
250
193
139
120
53
116
78
207
124
88
5
64
155
212
13
228
158
146
25
169
3
88
120
78
112
100
211
22
0
42
61
126
65
47
27
