150
155
161
160
155
150
120
79
69
84
125
185
224
243
225
155
96
96
97
64
50
64
88
127
160
167
153
123
93
96
152
153
156
157
157
145
109
76
73
92
139
199
233
243
210
132
89
108
113
75
63
84
117
167
212
227
208
160
114
112
154
153
154
155
158
139
96
71
77
104
156
210
239
240
192
114
87
119
118
76
66
88
120
168
215
234
213
161
114
112
155
153
153
154
157
130
84
68
81
117
175
220
243
232
170
99
90
127
120
74
65
87
116
162
209
229
207
156
111
110
157
156
153
155
152
120
78
70
87
130
192
229
244
219
145
87
95
131
118
72
65
86
115
161
208
228
206
156
111
112
155
156
155
161
150
108
74
74
97
146
205
237
242
202
123
82
105
138
120
73
65
87
116
161
207
227
206
156
111
113
154
155
157
167
148
96
70
78
110
165
215
241
237
182
107
84
117
148
125
75
66
88
118
161
207
227
205
156
112
111
154
154
156
165
140
87
69
83
123
183
224
243
227
159
93
89
129
155
129
78
66
89
119
162
207
226
205
156
113
112
153
153
157
156
121
79
73
92
138
198
232
243
213
135
81
96
140
158
129
78
66
89
119
162
207
226
204
155
114
116
156
158
161
144
100
73
78
104
156
210
239
241
195
116
77
101
141
157
128
78
67
90
119
162
207
226
205
155
115
120
161
165
162
132
86
71
83
118
175
219
243
234
173
100
80
109
138
150
125
78
69
91
119
161
206
226
205
156
114
118
167
170
162
123
80
73
89
130
191
228
244
222
148
85
84
120
143
148
123
78
70
91
119
161
205
225
205
156
114
117
166
169
156
111
76
76
98
145
203
236
243
205
125
75
88
129
150
151
125
78
70
92
120
161
205
225
205
155
115
120
166
166
143
95
71
80
110
164
214
241
238
185
108
73
94
134
156
156
128
80
70
94
121
161
204
224
204
156
114
120
170
163
128
82
70
84
123
183
223
243
229
162
93
76
104
140
161
162
130
80
71
95
121
161
203
223
205
157
114
116
172
158
115
77
73
91
137
197
232
243
215
138
79
80
115
146
162
163
129
79
71
93
120
160
203
224
206
158
114
116
166
148
102
73
77
103
154
209
239
241
197
117
71
85
128
155
163
164
131
79
69
91
119
159
202
224
207
159
115
117
156
130
87
70
82
116
173
218
242
235
176
101
69
94
141
164
165
166
135
81
69
91
118
158
202
223
206
159
115
116
152
115
76
70
87
129
190
228
244
224
152
86
72
103
145
163
162
163
134
81
69
91
118
158
201
222
205
158
115
116
147
102
72
74
96
144
204
236
244
208
129
75
76
110
145
159
156
155
129
78
65
88
118
159
201
222
205
158
116
116
133
87
68
78
108
163
214
242
240
188
110
69
82
122
152
157
153
154
129
76
61
84
116
159
201
223
205
158
115
115
119
78
68
83
121
181
223
244
231
165
95
68
90
132
155
153
153
157
130
77
64
86
117
158
201
222
204
157
115
114
106
75
72
90
136
197
232
245
217
141
81
71
100
136
150
153
159
160
128
78
68
89
117
157
201
222
204
157
114
114
94
71
77
102
154
210
239
243
200
120
71
75
111
141
151
157
163
160
126
77
68
89
116
157
202
223
205
158
115
115
86
69
82
116
172
218
243
237
179
103
66
79
119
146
154
159
159
157
126
76
68
89
116
158
202
224
207
160
115
116
80
71
88
129
189
227
244
226
156
88
66
86
129
154
156
157
157
156
127
78
68
89
117
159
203
225
208
161
116
116
74
75
96
145
203
235
244
210
132
76
68
95
142
165
161
160
160
156
129
81
69
91
118
159
203
225
208
160
117
117
70
79
109
163
214
241
241
191
113
69
71
104
148
168
162
160
159
154
129
82
70
92
119
159
203
224
206
159
119
122
71
84
122
181
223
244
232
169
97
66
76
114
151
161
155
155
159
155
126
79
70
93
120
158
202
223
205
157
119
122
76
93
136
197
232
245
219
144
82
64
83
126
156
159
154
154
162
161
126
77
70
93
120
158
201
222
205
157
116
116
