68
76
133
144
93
35
75
268
331
265
411
542
321
75
216
504
441
191
261
505
423
118
0
10
10
0
8
14
11
0
55
349
529
312
128
277
392
328
424
455
225
208
477
493
223
239
392
214
81
356
582
404
178
290
520
397
173
302
355
43
0
0
0
0
0
0
0
0
0
0
0
0
0
89
275
190
294
221
0
0
0
0
246
144
1
0
2
0
0
2
0
5
142
311
65
0
0
0
0
114
312
0
0
0
0
275
270
58
67
51
0
0
0
0
0
0
0
214
159
167
105
0
0
0
0
0
0
0
0
0
0
0
0
0
0
0
65
119
197
194
229
407
349
145
159
155
38
0
0
0
5
12
14
11
132
145
0
0
0
0
0
0
38
0
0
0
0
0
145
63
0
0
0
0
0
0
0
0
0
0
0
0
56
542
710
473
0
0
38
48
13
0
0
19
54
58
0
0
0
9
28
46
67
145
100
0
0
0
9
5
0
0
0
9
21
17
40
41
0
0
15
30
9
22
0
0
0
30
0
0
30
24
0
0
0
4
0
0
40
27
0
0
0
0
0
0
209
567
30
10
0
0
0
12
0
12
29
15
0
4
49
33
0
0
0
0
0
0
0
0
0
0
1
4
0
0
0
0
0
0
94
118
0
0
12
0
12
74
0
0
94
59
0
0
14
9
4
31
37
19
0
0
0
10
46
0
0
0
0
0
0
146
352
322
138
9
6
31
0
0
53
93
46
0
0
0
272
225
148
267
305
158
21
0
12
28
28
8
2
0
0
0
200
451
380
441
422
14
0
372
537
475
370
14
0
0
41
56
14
0
21
21
11
14
27
30
100
374
616
546
311
38
0
0
466
645
363
34
0
0
0
0
0
0
0
0
0
0
171
658
727
577
327
55
0
30
17
0
0
16
27
15
0
0
0
281
650
599
300
0
0
0
475
580
136
0
0
0
0
0
0
0
0
0
0
0
0
0
0
0
178
413
396
0
0
0
0
0
0
0
0
0
0
5
0
0
0
0
0
0
0
0
0
0
0
0
0
0
0
0
0
0
0
0
0
0
0
0
0
0
0
0
0
0
0
0
0
0
0
0
0
0
0
0
0
0
7
0
0
0
0
0
0
0
0
0
0
0
0
0
0
0
0
0
0
9
0
0
0
0
22
0
0
0
0
0
0
0
17
0
0
22
0
0
0
0
11
0
0
0
0
0
0
0
0
0
0
0
0
0
0
0
0
0
0
0
0
0
25
0
0
0
0
0
0
0
0
0
32
5
0
0
7
26
14
10
1
0
8
14
0
0
0
29
43
4
5
27
18
0
0
12
13
17
5
8
30
20
0
2
26
18
3
23
29
26
39
24
0
3
22
11
0
16
35
20
16
43
34
0
0
4
22
22
0
0
26
39
49
48
10
16
6
0
0
0
0
0
0
0
0
5
9
0
7
25
12
13
23
15
0
0
0
16
3
0
22
20
0
7
22
3
0
0
3
0
0
0
0
0
0
0
20
14
0
0
0
0
0
0
2
6
7
6
7
8
7
6
3
0
0
0
12
17
8
0
0
0
0
0
0
0
0
0
23
32
8
0
0
0
0
0
3
13
9
6
0
0
0
7
0
0
0
0
1
15
13
3
3
0
0
16
38
16
0
0
0
0
0
0
0
0
2
5
6
7
8
8
8
8
3
0
0
0
15
17
13
3
0
0
0
0
0
0
8
12
0
0
5
11
19
12
0
0
0
28
12
0
0
0
0
0
1
0
0
0
18
0
0
0
16
8
0
0
6
0
0
0
0
0
0
0
0
0
1
2
2
3
4
4
4
4
0
0
0
0
0
0
1
3
0
0
0
0
0
0
16
15
0
0
0
4
4
0
43
48
5
0
0
0
24
31
8
0
13
22
23
28
7
0
0
0
0
0
5
0
0
0
0
0
0
0
0
0
0
0
0
0
0
0
0
0
0
0
0
0
0
0
2
0
1
5
0
0
0
0
0
0
0
0
51
93
13
0
12
112
289
269
74
0
0
0
14
21
8
0
0
12
29
17
0
28
142
142
14
0
16
23
6
17
26
11
0
0
0
0
0
0
0
0
0
0
0
0
0
0
0
0
0
0
23
0
0
2
0
0
0
0
0
0
0
95
383
465
208
6
0
152
380
370
131
0
0
0
0
0
0
0
0
0
0
0
0
108
363
451
218
0
0
0
0
0
0
0
0
0
0
0
0
0
0
0
0
0
0
0
0
0
0
0
0
0
0
33
67
32
0
0
11
2
0
4
0
80
291
380
228
44
0
0
109
131
61
39
37
0
0
0
17
28
61
93
54
0
0
73
243
329
223
87
6
0
3
0
3
1
12
79
71
0
0
50
38
0
11
103
128
44
12
132
291
347
241
50
347
606
678
595
383
113
0
6
9
0
33
167
246
340
503
543
330
62
0
167
443
657
675
446
123
6
188
510
714
739
674
467
230
214
310
374
538
610
351
64
0
0
0
0
101
335
386
157
88
352
453
202
139
384
407
208
255
492
611
643
626
419
505
371
210
312
388
221
12
0
13
3
40
87
91
113
185
243
179
37
59
273
377
345
456
580
373
57
52
191
122
0
177
491
438
158
51
36
67
120
89
20
0
0
0
0
28
229
397
249
163
453
620
349
166
292
258
202
352
214
0
0
21
349
177
0
0
0
0
0
33
0
0
38
0
0
0
0
0
0
0
0
18
0
0
0
0
7
299
124
0
0
0
0
0
28
211
0
0
0
0
0
0
0
29
0
0
9
0
0
22
139
149
119
129
196
139
0
0
52
237
13
0
0
0
130
62
262
299
27
0
0
0
24
0
0
0
0
0
0
0
0
0
0
0
0
0
0
0
0
25
48
34
155
444
609
442
189
56
0
0
0
0
0
0
0
0
0
19
33
0
0
0
140
174
0
0
58
196
0
0
11
160
288
570
652
358
59
0
113
619
764
558
195
5
7
11
8
20
12
10
29
36
41
12
0
0
0
0
17
0
0
0
36
302
534
321
0
0
0
0
25
0
5
62
60
16
0
14
24
0
0
0
0
0
218
243
0
0
36
277
40
0
0
0
0
0
0
0
0
0
0
0
0
377
365
94
0
19
32
22
20
55
55
0
0
0
0
40
65
39
39
38
12
12
94
242
90
0
0
0
0
0
13
0
0
0
0
0
15
0
0
0
5
0
0
0
235
257
0
0
8
278
64
0
0
0
0
0
0
0
0
264
0
0
0
5
101
31
0
0
0
1
0
0
79
226
214
137
78
28
15
29
8
0
35
47
20
15
53
118
248
386
334
138
0
0
130
292
294
153
17
0
0
24
24
11
0
0
35
11
0
0
0
15
0
0
0
0
200
644
704
704
566
539
730
660
281
0
0
0
2
0
0
0
0
0
0
402
646
429
109
0
0
20
0
0
0
0
0
0
0
405
671
465
87
0
0
0
0
382
602
356
80
6
26
13
0
0
0
0
0
0
0
0
0
0
0
0
0
0
0
6
268
159
0
0
0
0
0
0
0
0
18
14
0
0
0
0
0
0
0
0
0
0
0
0
0
0
0
0
0
0
0
0
0
0
0
0
0
0
0
0
0
0
0
8
10
3
6
6
0
0
0
0
0
0
0
0
0
0
0
0
0
0
0
0
0
0
0
0
0
0
0
26
14
0
0
3
2
0
0
0
0
0
0
0
0
0
0
0
0
0
0
0
0
0
0
0
0
0
0
0
0
0
0
0
0
14
0
0
11
23
0
0
0
0
0
0
0
0
0
0
0
1
0
0
0
0
0
17
0
0
0
41
55
10
0
0
0
0
9
20
0
0
0
32
46
0
0
27
25
0
0
0
9
14
11
0
0
62
36
0
0
7
12
0
0
3
12
0
0
6
10
16
35
34
12
5
16
32
28
0
7
22
11
29
39
5
0
19
35
25
47
34
16
0
0
0
0
20
32
14
0
0
0
23
4
0
0
22
26
25
20
22
8
3
15
7
9
13
1
6
16
10
5
1
7
40
53
20
0
7
28
24
0
0
0
0
19
35
26
1
0
5
0
0
0
0
0
30
30
0
0
0
0
0
0
0
12
34
37
27
13
7
11
18
27
16
0
0
0
11
2
0
0
6
7
2
9
0
0
14
0
0
0
12
2
0
3
0
0
0
0
0
0
0
0
0
0
0
0
0
0
0
0
25
22
18
31
17
1
18
25
6
0
0
0
0
0
0
4
8
0
0
0
0
0
0
9
0
0
18
20
8
0
0
0
0
0
0
0
0
2
22
3
0
0
11
13
0
0
0
0
0
0
0
4
22
22
27
43
35
3
0
0
3
2
1
2
18
40
33
0
0
0
4
4
0
13
21
21
0
0
0
4
5
0
8
14
1
2
11
23
26
0
0
0
0
17
13
3
10
15
15
0
0
0
3
5
11
21
10
5
25
28
4
0
16
24
5
0
0
20
27
13
5
7
12
8
0
0
0
0
0
4
0
0
0
8
27
228
446
293
59
26
35
40
35
0
0
7
29
17
21
38
30
14
18
24
19
12
12
25
162
392
347
89
0
10
2
0
0
0
0
10
14
1
0
5
5
1
0
0
0
0
0
0
8
0
0
8
3
5
8
16
17
11
23
22
11
25
15
203
443
334
67
0
0
0
0
9
10
0
0
0
0
0
10
21
8
10
17
0
0
0
155
414
383
123
0
0
0
0
7
0
0
0
0
0
0
3
0
0
0
0
0
0
0
2
0
0
0
0
0
0
0
0
0
2
0
0
0
0
11
38
64
64
31
9
1
0
0
10
1
1
55
86
35
0
0
0
0
0
73
94
53
0
0
39
61
0
0
20
70
6
0
0
99
181
162
107
49
0
22
78
48
59
172
167
40
30
194
391
402
210
27
47
207
193
53
9
76
221
207
60
0
5
60
246
520
676
593
312
47
12
229
552
741
736
622
406
128
0
112
360
583
704
649
380
78
0
0
8
150
395
443
216
95
321
640
788
797
743
520
187
125
395
624
677
701
568
334
402
589
601
610
568
296
152
391
468
175
0
168
469
404
159
0
0
89
341
407
375
502
533
263
47
133
244
156
102
332
551
375
143
322
541
382
190
244
321
224
53
0
59
372
494
253
84
275
509
349
22
66
376
451
204
88
335
553
381
44
0
210
410
125
0
0
216
430
210
130
194
108
5
44
150
149
61
0
0
0
0
0
0
0
161
342
71
0
0
0
0
0
170
280
273
320
49
0
0
0
0
0
0
129
347
361
0
0
0
263
161
0
0
0
0
0
4
0
0
0
0
0
0
0
63
0
0
0
0
164
211
0
0
19
18
0
0
0
0
2
0
0
0
0
0
0
0
149
86
37
203
438
504
322
142
82
147
125
0
0
0
0
0
0
0
356
560
99
0
0
50
135
0
0
0
0
0
0
0
0
0
0
0
0
0
35
0
0
0
0
0
0
114
38
0
0
0
15
14
0
5
18
28
23
0
22
62
0
0
26
133
395
524
243
0
0
0
0
36
43
0
0
51
18
0
11
60
173
259
118
0
0
25
0
0
0
0
0
0
3
4
28
41
17
27
67
43
0
0
4
10
18
21
0
0
10
24
0
0
0
0
0
0
2
4
24
9
0
0
106
82
0
117
286
0
0
0
0
0
0
0
1
118
80
0
0
36
36
0
0
0
68
483
251
0
0
173
209
92
97
131
73
43
36
23
25
9
0
0
0
77
231
112
136
194
0
0
0
164
263
264
311
246
81
7
32
43
82
198
280
338
365
97
0
0
5
17
101
289
380
260
71
0
0
203
404
349
396
380
190
0
0
0
0
247
531
193
0
33
583
766
669
436
134
0
0
0
38
31
17
0
0
0
353
668
628
280
0
0
0
98
553
701
488
146
0
6
10
0
0
229
640
749
352
0
0
0
0
58
561
684
406
53
0
0
0
0
374
712
644
357
49
0
0
0
0
0
160
246
0
0
0
243
124
0
0
17
0
0
0
0
14
0
0
0
0
180
120
0
0
0
0
0
0
0
0
0
0
0
0
0
0
0
0
0
0
0
0
0
0
0
0
0
0
0
0
0
0
0
0
0
0
0
0
0
0
0
0
0
0
0
0
0
0
0
0
0
0
0
0
0
0
0
0
0
0
0
0
0
0
0
0
8
0
0
0
0
0
0
0
0
21
0
0
0
0
0
0
0
0
10
0
0
0
0
0
0
0
0
0
0
0
0
0
0
0
0
0
0
0
0
0
0
63
325
314
259
360
188
0
0
0
0
0
0
7
19
48
17
0
0
0
0
8
15
26
3
0
0
0
2
22
60
9
0
0
0
0
0
0
8
36
22
38
34
0
0
0
19
20
6
0
0
0
0
0
0
9
38
21
3
22
39
28
6
46
246
493
532
250
0
0
0
11
22
32
36
33
0
0
0
57
65
40
25
0
0
10
24
19
34
35
25
7
0
0
0
0
4
34
51
28
6
0
0
0
6
18
37
33
3
0
15
27
22
23
11
0
0
31
24
0
0
0
0
0
0
0
0
0
0
0
0
0
0
0
0
8
0
0
5
23
13
21
31
20
0
0
0
0
0
0
26
0
0
0
0
9
4
18
3
0
0
20
5
0
0
0
0
0
0
0
0
0
0
6
0
0
18
0
0
0
0
0
5
0
0
0
0
0
0
0
0
0
0
0
24
13
3
0
0
0
17
9
0
0
0
2
34
26
4
1
11
0
0
0
19
20
14
32
22
0
0
0
0
0
0
3
24
5
0
5
0
0
0
5
0
0
0
0
9
31
14
0
0
12
0
0
9
19
2
4
29
46
63
55
18
0
2
25
25
1
0
3
0
0
0
0
0
0
0
13
25
28
34
2
0
0
3
0
0
0
0
3
3
0
0
0
0
0
0
24
38
0
0
0
4
0
0
0
1
15
7
0
0
0
4
8
14
11
5
14
26
20
0
0
0
0
0
0
0
0
0
7
23
3
1
26
27
9
3
0
0
0
0
0
0
0
18
4
0
36
40
21
15
46
65
50
37
3
0
11
0
0
0
0
0
0
11
16
0
0
2
12
0
7
10
0
0
0
0
0
0
0
11
24
7
0
0
7
40
36
19
0
0
6
17
0
0
0
14
17
20
20
21
0
0
13
26
29
16
0
0
0
0
0
58
288
418
200
0
0
8
6
0
0
0
2
39
37
3
0
0
10
24
0
0
0
0
0
0
6
0
0
0
0
0
0
27
21
0
0
0
0
0
25
52
0
0
0
0
12
0
0
0
0
0
36
2
0
0
20
26
100
145
122
88
0
41
278
417
220
43
28
5
0
0
18
62
56
8
0
7
94
126
43
0
0
57
63
48
121
150
63
26
83
149
162
70
0
0
8
29
116
220
251
166
29
0
0
0
21
39
25
1
79
253
381
494
599
541
254
0
0
294
616
725
703
627
497
431
332
314
502
623
417
223
336
430
405
550
566
265
153
414
675
756
626
290
69
207
503
655
687
731
652
506
595
763
783
616
270
18
0
199
538
707
728
711
464
107
0
2
16
0
0
11
260
621
721
527
446
604
583
244
39
66
22
0
0
235
448
252
112
86
179
236
151
123
390
691
652
451
287
215
390
485
222
105
388
520
267
219
499
526
257
187
470
656
419
93
113
403
433
138
100
353
296
0
0
75
409
303
50
0
1
0
0
0
82
186
0
0
0
0
187
284
14
0
0
0
0
0
0
0
0
0
0
0
0
0
41
80
0
0
0
0
234
0
0
0
0
157
281
101
0
0
0
0
0
0
0
0
0
0
138
132
207
305
0
0
0
0
79
224
91
3
0
0
19
21
0
0
0
0
0
0
0
126
92
141
406
602
514
259
0
0
0
0
0
0
0
0
0
0
0
0
0
6
201
210
350
440
259
142
136
42
0
0
0
0
0
0
0
0
0
0
23
55
118
188
287
519
616
364
88
37
34
2
0
0
2
0
19
21
0
0
30
0
0
40
201
439
339
0
0
0
0
0
0
0
52
83
69
28
0
0
0
0
16
97
118
92
167
203
0
0
0
0
0
10
43
56
0
0
0
25
9
0
0
0
32
22
0
0
0
0
0
0
0
25
0
0
0
0
0
5
44
0
0
83
29
0
103
189
0
0
0
0
118
14
15
7
0
0
0
0
0
3
49
32
0
0
0
0
0
0
0
0
0
0
0
0
0
0
0
0
0
0
0
0
0
0
0
0
0
0
0
0
0
0
0
3
0
0
3
15
0
0
179
277
340
335
31
0
0
0
243
509
578
424
429
125
0
46
130
115
74
49
21
12
10
26
0
0
0
156
232
94
194
354
266
98
38
38
1
0
52
79
45
0
3
28
60
36
0
0
188
631
677
662
643
398
78
0
0
24
16
0
0
60
337
677
719
275
0
0
0
0
8
439
363
0
374
264
0
0
464
750
540
202
3
0
0
9
9
0
0
0
525
774
695
466
217
0
0
0
21
0
0
0
0
39
0
0
0
0
0
0
0
41
371
306
47
0
0
5
6
2
10
4
10
0
0
0
0
0
0
0
0
0
0
0
0
0
0
0
0
0
0
39
51
0
0
0
0
0
22
0
0
0
0
0
0
0
0
0
0
0
0
0
0
0
0
0
0
0
0
0
0
0
0
0
0
0
0
0
0
16
0
0
0
3
29
0
0
0
0
0
0
0
7
0
0
0
0
0
