570
-220
-309
-210
-387
447
611
-242
-191
115
-45
-414
-445
-49
286
374
175
5
9
-235
-453
-164
36
-8
-8
-12
-2
-16
7
2
47
369
353
36
8
-67
-416
-174
378
275
23
30
-209
-491
-35
525
-96
-514
197
576
128
-124
112
34
-372
-537
-1
476
277
5
23
-134
590
-297
-402
-150
-231
478
659
-245
-434
71
400
-169
-725
-100
582
293
-283
-166
342
146
-598
-426
25
21
-32
-10
12
-20
5
-9
258
621
35
-372
-19
164
-240
48
450
-196
-265
223
312
-441
-360
654
-63
-741
237
807
-1
-515
-37
406
29
-714
-103
715
29
-465
-42
-3
664
-400
-600
-34
-4
547
590
-490
-603
53
727
237
-785
-71
735
64
-495
-155
365
389
-509
-621
-40
26
-32
0
11
-8
-8
7
500
561
-456
-534
-14
116
62
515
258
-666
-347
190
711
-34
-545
545
-34
-760
193
749
-189
-710
-111
590
450
-629
-266
756
140
-496
-194
-129
708
-370
-658
-4
7
549
560
-593
-570
58
698
395
-733
-45
806
8
-383
-11
118
179
-412
-568
-75
1
-27
16
9
13
-15
7
644
431
-705
-445
55
-36
155
742
63
-751
-216
54
700
229
-514
426
-46
-732
177
678
-263
-664
-66
531
530
-546
-427
500
427
-10
-55
-147
702
-346
-666
-3
0
538
568
-554
-557
35
620
440
-683
-87
809
-101
-518
-43
23
30
-224
-260
-45
-20
-17
12
16
17
-22
19
626
441
-648
-494
36
-5
132
727
84
-758
-232
102
696
199
-523
435
-42
-751
212
681
-283
-649
-74
508
532
-516
-476
172
224
119
292
309
711
-212
-624
-92
-66
495
594
-541
-588
43
655
457
-702
-222
748
33
-612
-241
62
119
-109
-180
-59
-16
2
12
10
2
-28
14
460
584
-276
-591
-70
159
-22
422
357
-528
-389
197
608
-104
-516
548
3
-786
200
706
-281
-669
-103
522
551
-504
-382
262
28
-116
311
462
679
169
-308
-259
-365
336
612
-510
-592
43
641
458
-663
-431
540
443
-181
-232
45
105
-307
-401
-55
12
-25
19
18
-6
-15
-31
194
603
219
-307
-56
155
-336
-104
548
48
-267
118
138
-453
-317
599
33
-710
124
659
-235
-624
-98
467
512
-448
-280
507
208
-131
74
15
437
371
57
-260
-493
123
426
-336
-395
5
379
367
-400
-400
215
410
261
25
-75
-77
-360
-362
1
28
-53
6
46
-18
-4
-19
14
305
338
129
32
-64
-415
-276
356
331
52
-22
-245
-400
-75
383
20
-405
33
399
-102
-388
-79
266
312
-251
-181
342
260
15
-42
-245
116
197
112
-107
-232
18
134
-107
-99
-11
83
136
-113
-107
14
62
192
94
-75
-92
-125
-90
-5
3
-11
-4
24
-21
4
11
7
38
104
141
26
-96
-165
-87
86
140
93
-39
-156
-99
3
77
2
-79
-17
85
17
-93
-41
55
64
-47
-42
46
88
34
-34
-106
-18
35
43
-14
-27
0
4
-8
9
-5
4
-6
-18
33
-18
-41
19
16
5
-13
-8
20
-20
-18
27
-1
-23
8
14
-6
24
-4
-12
0
3
-11
-27
30
13
-28
13
-1
-24
15
-1
-18
-1
16
-12
-15
18
6
-8
-10
-18
8
12
-22
10
9
-19
-10
-12
8
24
0
-4
-4
-4
-4
-4
-4
19
-7
-31
11
19
-9
-12
9
23
-17
-37
11
10
-12
9
13
-22
8
13
-5
16
-11
-6
-2
3
-5
-27
30
20
-49
-1
33
-12
-14
0
0
0
0
0
0
-4
-4
-3
-4
-5
-4
-3
-4
15
11
-12
-14
4
3
10
0
-4
-4
-4
-4
-4
-4
5
17
-19
-8
28
-26
-8
20
13
-18
-41
9
25
-6
-27
24
14
-15
-4
6
16
-19
-3
21
-9
-17
-15
10
26
-22
-12
34
-5
-26
0
0
0
0
0
0
0
-1
-4
-3
-4
-4
-4
-4
7
4
-7
-9
9
5
-5
-3
-4
-4
-4
-4
-4
-4
2
26
-8
-12
15
-33
7
12
-15
-10
-2
12
2
-3
-43
14
39
-13
-19
-12
16
16
6
2
-14
-2
-6
-18
19
20
-10
-8
-5
-7
0
0
0
0
0
0
3
0
-4
-1
-4
-4
-4
-4
-2
-3
-2
-3
11
19
-7
-9
-4
-4
-4
-4
-4
-4
26
5
-45
-4
34
-4
-14
16
3
-40
13
22
-27
11
-26
-5
30
-2
-11
-28
19
42
-17
-37
-8
8
10
-8
-3
25
4
-30
-4
13
0
0
0
0
0
0
3
0
-4
-1
-4
-4
-4
-4
-8
-7
2
3
6
29
7
-17
-4
-4
-4
-4
-4
-4
13
6
-1
-33
3
42
-34
126
119
-171
-94
22
-25
29
0
-17
6
-1
5
-20
29
25
-53
4
54
-58
-50
41
10
-1
10
-15
-8
5
0
0
0
0
0
0
0
-1
-4
-3
-4
-4
-4
-4
-11
-8
7
9
-19
16
27
-24
-4
-4
-4
-4
-4
-4
-28
143
241
-151
-216
32
-5
350
300
-382
-317
-3
1
31
6
-19
4
-8
-3
-3
44
-10
-47
172
255
-171
-298
25
54
-21
0
4
-7
-5
0
0
0
0
0
0
-4
-4
-3
-4
-5
-4
-3
-4
-13
-7
12
14
-13
49
27
-50
-25
14
5
-22
7
-6
-45
350
533
-272
-504
-66
1
533
459
-529
-479
-11
3
-5
8
4
11
0
5
15
2
-60
7
351
501
-243
-565
-63
42
-11
-7
2
13
-21
28
39
-47
-33
35
22
-40
-23
39
47
-32
-62
24
90
51
-15
-83
-78
179
184
-2
-139
-193
-91
11
-18
-1
-23
23
499
674
-230
-535
-179
-184
486
556
-435
-367
69
-61
-214
-131
54
164
180
62
15
-102
-247
-42
486
632
-224
-526
-166
-195
-80
2
-3
20
-33
161
207
-172
-217
152
226
-155
-210
187
236
-173
-204
181
290
129
-5
-216
-343
377
111
-18
-104
-364
-357
-58
41
-27
-41
136
567
689
-129
-401
-215
-425
317
683
-179
-243
127
10
-390
-485
-25
420
385
-8
-12
37
-279
-300
448
659
-202
-353
-214
-437
-194
15
-3
-12
-11
314
489
-235
-531
311
621
-282
-605
336
458
-406
-226
400
170
-61
100
15
-453
217
-365
-101
96
-197
-363
-139
50
-1
-34
88
481
699
-149
-477
-163
-315
358
746
-166
-440
31
359
-81
-709
-292
358
277
-90
2
377
122
-571
109
698
-280
-475
-124
-260
-130
-1
-22
-13
-7
256
701
-100
-697
401
791
-275
-816
307
469
-554
26
483
-275
-351
210
448
-262
116
-566
-261
-1
-86
-127
-65
0
25
-21
-22
336
709
-177
-664
-118
-37
509
624
-390
-610
-59
617
378
-677
-476
204
243
112
19
370
303
-702
-180
757
-332
-713
-37
7
-20
-21
-23
23
-19
73
720
134
-588
336
515
-114
-590
162
264
-575
351
492
-380
-270
148
406
-223
366
-113
-171
-218
-352
-205
11
-7
7
-10
-40
272
716
-151
-730
-107
20
516
570
-507
-599
-35
599
532
-615
-446
426
374
57
-112
196
228
-656
-231
745
-283
-764
-54
36
-1
-6
-12
6
-5
0
595
353
-292
99
5
103
-90
41
-58
-553
554
466
-349
-124
27
70
-272
373
212
162
83
-391
-541
-114
20
9
-2
-46
268
753
-169
-775
-87
-5
487
648
-523
-609
9
534
524
-590
-320
714
166
-469
-237
315
436
-514
-245
711
-255
-748
-72
36
3
-9
-21
-12
17
-10
408
579
103
-249
-474
255
456
6
-474
-525
639
449
-534
-335
-7
34
-101
76
-33
278
560
-111
-737
-259
25
19
7
-51
236
799
-81
-786
-118
-27
468
660
-523
-621
0
532
537
-591
-264
801
-35
-724
-152
500
522
-550
-309
743
-154
-700
-118
-33
-41
-21
-9
8
18
-29
218
747
425
-573
-697
281
804
53
-796
-453
504
554
-268
-448
-22
142
-126
89
-226
120
443
-150
-678
-219
18
0
13
-18
128
706
257
-458
-214
-225
287
588
-426
-628
-56
524
544
-536
-371
702
252
-401
-79
359
233
-624
-390
657
193
-370
-226
-312
-174
-2
14
-3
5
-19
95
639
438
-584
-566
185
716
88
-714
-290
196
474
275
-124
-24
35
-346
267
-56
1
-26
-346
-379
-58
22
-24
-1
22
15
393
442
2
-215
-388
54
424
-249
-489
-59
365
390
-339
-372
370
451
57
-123
19
19
-402
-330
315
384
71
-220
-440
-223
20
14
-23
4
-8
37
302
211
-269
-262
35
325
72
-332
-107
21
131
292
165
-8
-120
-267
139
63
6
-143
-208
-71
40
4
-36
-2
33
-30
100
213
77
-73
-232
-8
193
-111
-177
-7
121
155
-137
-145
75
184
149
-93
-90
12
-101
-117
48
161
119
-76
-187
-90
10
-5
-9
19
-11
-12
65
50
-48
-51
-21
56
34
-77
-12
4
-41
68
110
-6
-72
-54
-7
10
12
-18
-19
21
18
-25
-26
14
26
-13
2
-7
-10
36
-42
-14
39
-30
-1
1
3
43
-40
-9
8
-31
35
15
-26
-18
-10
14
15
-24
-19
17
25
-6
-22
-6
14
26
0
-29
0
6
-13
14
4
-14
-2
-5
0
1
-9
-11
-7
5
21
17
21
-29
-12
22
-2
-9
-14
-9
6
14
8
-2
-12
-18
5
22
-5
-12
0
8
7
-14
-6
12
-3
-9
5
-29
-5
63
4
-64
-28
29
23
-21
-20
21
20
-18
-21
12
12
3
2
-9
3
5
-3
6
3
-21
-15
3
-17
-8
23
1
-16
4
15
7
19
-14
-25
-3
6
-10
-8
11
17
1
-3
-5
-16
5
2
-32
4
30
3
0
-7
-1
4
-11
10
-3
-20
-7
-2
27
16
-41
-34
20
22
-7
-8
7
1
-13
-6
12
8
-17
-19
0
11
17
14
-5
-11
2
-5
-22
-20
-7
13
29
10
-15
-16
-8
-16
-15
-15
-6
25
12
-4
-5
5
6
-1
-9
1
11
-30
-41
26
36
6
-20
-24
20
7
-20
8
-3
-25
24
8
-23
16
-6
-27
5
14
-10
-16
8
9
-10
-4
20
18
-22
-23
5
-9
1
29
4
-15
18
3
-32
2
6
-21
14
27
-14
-28
-10
-13
-29
1
5
2
18
9
-12
-5
16
12
-22
7
20
-45
-17
32
1
10
-24
-22
37
-11
-19
8
-7
-15
28
3
-29
19
3
-11
1
-10
-9
-1
4
-2
-7
10
30
7
-31
0
24
-29
-25
33
11
-12
10
-12
-27
15
17
-23
-8
16
-3
-15
-6
19
156
42
-189
-67
30
21
2
-23
-12
30
-3
-3
19
-31
-2
12
-26
22
-22
-15
42
-20
-7
140
96
-163
-99
13
-14
14
1
-7
-4
-8
8
6
-13
-11
1
21
23
-14
-31
18
23
-39
-7
20
-1
14
-2
-27
-21
14
28
-17
-11
13
-12
-1
11
57
507
149
-558
-199
47
11
12
-27
-27
26
14
-19
-5
-1
19
14
-33
20
-12
-23
13
-8
17
415
310
-453
-327
17
-15
3
17
-11
-19
-2
3
-1
-1
9
-5
21
13
-27
-13
11
5
-24
18
-10
-11
31
-9
-11
-12
-2
27
-3
-4
11
-21
-1
18
89
690
232
-750
-307
51
-3
3
-3
-8
-1
23
5
-26
-29
7
40
-24
-2
39
11
-30
-23
1
579
459
-611
-490
10
40
-6
-24
-9
14
53
7
-40
1
-17
-29
70
14
-72
49
64
-69
-62
64
90
73
-44
-134
-55
75
61
-75
-29
5
62
63
-97
-40
106
711
292
-624
-192
70
-113
-186
-75
52
147
198
73
-68
-152
-160
-88
-9
104
208
143
-20
-129
-216
480
508
-623
-520
140
217
-85
-236
27
247
244
46
-89
-59
-238
-199
209
201
-60
101
149
-292
-200
260
245
127
-78
-334
-310
206
329
-280
-257
2
312
259
-372
-157
101
712
473
-367
-109
111
-110
-439
-357
83
419
360
12
-66
-38
-271
-431
-35
430
349
66
-14
-136
-401
266
447
-645
-375
450
274
-335
-382
243
491
159
-48
58
50
-495
-522
354
573
15
-93
30
-390
-86
414
-7
-81
184
-120
-582
114
580
-390
-526
-19
552
426
-605
-257
79
697
579
-368
-338
121
298
-237
-648
-113
370
250
-60
56
376
-82
-686
-19
640
87
-338
-74
60
-239
236
419
-561
-137
539
-70
-581
-110
595
271
-353
-202
296
406
-450
-710
396
760
-101
-481
-148
-98
381
255
-534
-284
431
443
-462
-179
569
-342
-601
-48
570
486
-629
-306
62
686
450
-575
-485
51
643
278
-713
-382
259
257
74
92
464
34
-752
105
541
-407
-537
-70
138
-54
376
593
-198
-78
33
-478
-417
304
699
-190
-645
-153
332
656
-278
-728
376
710
-332
-659
-117
200
697
-28
-750
-215
296
742
-95
-362
452
-312
-592
-37
545
482
-602
-313
62
690
337
-684
-402
-22
605
570
-650
-401
491
320
-35
-70
324
60
-726
216
415
-689
-438
-1
36
-16
473
746
145
-131
-516
-650
-117
455
603
-383
-630
-48
281
709
-229
-726
390
657
-437
-621
-33
223
728
-136
-726
-122
146
767
40
-381
442
-348
-620
-4
566
458
-602
-282
54
710
332
-727
-395
33
598
526
-637
-155
676
-57
-493
-137
487
295
-640
201
459
-702
-460
-1
19
8
488
715
42
-59
-268
-667
-309
382
687
-287
-687
-84
331
693
-265
-719
400
647
-449
-615
-34
158
720
37
-731
-230
286
688
-148
-327
556
-256
-657
18
609
348
-667
-265
50
727
374
-668
-440
158
643
189
-694
123
683
-373
-647
17
640
354
-679
26
645
-415
-584
-45
126
-62
368
569
-355
-69
417
-307
-617
19
702
141
-529
-176
331
494
-426
-724
372
679
-430
-657
-41
75
604
397
-453
-312
352
332
-462
-251
676
124
-483
-7
468
82
-722
-268
80
660
460
-351
-264
149
282
-251
-646
197
705
-62
-371
52
418
103
-737
-217
655
107
-330
-16
76
-315
123
455
-507
-297
572
274
-404
-446
320
538
-19
-191
130
294
-514
-725
281
640
-342
-613
-28
-8
292
540
110
-130
70
-149
-524
-169
533
432
-90
-116
91
-86
-515
-202
77
433
386
-18
30
31
-183
-395
-361
102
482
299
-24
-90
59
-42
-481
-270
326
356
100
30
-75
-419
-50
326
-280
-348
225
401
-21
-435
-28
355
191
-83
115
403
-407
-695
98
380
-170
-369
-31
-4
24
278
292
45
-138
-253
-208
-64
146
295
90
-147
-79
-31
-173
-87
21
142
130
18
84
2
-173
-191
-67
26
86
202
102
-115
-59
-12
-128
-106
44
175
125
-1
-43
-178
-63
117
-46
-128
13
128
42
-89
95
177
28
31
314
294
-463
-561
-10
91
-38
-87
-25
25
-22
9
86
38
-61
-68
24
-13
-40
77
2
-64
-3
14
4
-26
-11
-18
-7
-8
-7
0
2
-12
24
2
-48
22
33
-39
-5
17
-4
-18
-14
31
-8
-21
30
-10
-13
18
-7
3
20
-21
-30
62
332
402
39
4
160
-195
-526
-275
-1
-8
2
14
-11
-13
6
-12
-5
-3
-2
17
15
-16
4
24
-53
-12
33
1
19
-12
-10
-18
-12
34
-10
-31
16
16
11
-20
-2
-2
-4
5
-3
5
1
-17
-15
32
-25
-25
28
-1
33
-6
-34
22
7
-14
-14
19
242
399
139
-63
-117
-316
-273
-45
-3
6
12
-8
-7
-25
-3
25
27
-17
-24
-3
-8
2
8
1
-1
-6
0
5
-6
0
-19
14
-4
19
2
-6
-2
-3
-1
-28
16
1
10
20
-23
-15
8
5
-12
15
-6
-36
-3
31
37
-32
-24
31
-20
-18
18
-8
35
117
70
-43
-82
-90
-18
8
-21
15
0
-22
13
3
-21
24
28
-21
-8
-14
-22
8
-9
-5
25
-5
-10
15
-18
2
-28
8
-7
-10
-4
23
2
-17
7
-14
-15
5
33
-1
-26
-7
11
2
-1
-11
16
-9
-29
34
6
-9
-8
7
-10
-13
17
-14
-18
-1
4
-3
-13
-8
41
16
-17
1
-27
-13
35
-9
-41
31
19
-24
19
2
-17
-7
6
-4
-22
4
20
7
-27
6
-19
-3
-15
-19
-5
16
9
-21
11
15
-18
0
15
-15
-11
4
5
-1
1
-15
29
-1
-31
9
6
16
-8
-4
-11
5
18
-20
-16
0
11
5
-37
-18
36
16
-16
9
-17
-15
27
-13
-36
23
15
-25
13
3
7
0
1
-30
-15
24
6
13
-8
-8
-23
3
14
-29
-18
5
-17
-10
9
18
11
-23
-22
4
13
13
-10
-12
4
10
28
-20
-21
-8
-4
26
9
-9
-12
9
21
7
-36
-19
5
-2
-11
-8
30
-7
-41
36
18
-23
-7
-4
0
10
13
-26
6
-5
-11
26
-1
-52
23
22
-40
37
24
-36
-18
72
206
-72
-208
-31
-27
20
-2
-2
15
-38
0
25
9
5
-32
-14
34
18
-6
-10
-2
-23
-24
31
34
-39
-25
24
21
28
-14
-29
-7
-23
8
11
7
-9
-7
22
-5
-8
-28
0
30
-16
19
-21
-16
37
-20
-10
12
-12
12
26
-4
35
16
-62
-4
199
546
-143
-552
-77
-8
11
-18
-1
42
-24
2
12
-10
19
6
-18
-5
-3
1
37
-21
-18
41
-2
-13
-40
-7
65
10
-50
-1
-2
-18
-13
56
72
-23
-72
-23
-1
-24
13
-11
7
23
-51
109
71
3
150
27
-149
-184
-52
97
244
174
11
-5
-151
-27
217
666
-142
-562
-123
-183
-31
114
-34
81
126
-138
-197
57
242
131
-30
-206
-212
11
231
87
11
117
-5
-176
-60
159
133
-25
-274
-218
-26
7
185
284
117
-16
-181
-298
-149
7
30
8
-10
-5
-5
390
325
-23
95
106
-128
-513
-338
197
468
228
-70
91
-11
-156
84
560
-80
-343
-164
-433
-3
466
9
-26
177
-337
-371
294
361
10
55
-138
-484
-191
523
371
-94
-15
101
-78
-118
69
65
83
-259
-549
-242
164
483
268
-96
68
45
-437
-473
-54
55
11
-33
-27
64
664
516
-303
-246
183
266
-441
-652
36
333
114
-56
293
372
-471
32
622
-99
-454
-148
-348
164
765
50
-357
-62
-280
-40
470
-35
-343
151
370
-317
-487
591
436
-399
-296
230
427
-117
-439
-149
362
198
-622
-470
429
569
-197
-395
155
461
-171
-700
-213
63
5
-27
-23
67
706
431
-602
-448
161
625
7
-736
-184
279
228
62
266
417
-607
151
792
-142
-738
-121
-94
332
797
-141
-635
-162
-22
468
489
-360
-364
122
539
-60
-626
456
276
-658
-406
309
766
-120
-757
-222
528
571
-537
-529
626
540
-391
-335
130
410
-48
-729
-320
50
-8
-9
-4
47
697
295
-722
-369
78
645
309
-676
-117
499
173
-120
93
368
-363
235
803
-81
-812
-121
-13
352
748
-302
-714
-87
126
707
466
-354
-155
39
188
-109
-521
448
216
-740
-343
310
771
-140
-764
-173
511
632
-495
-507
708
518
-377
-236
64
86
-163
-495
-228
21
-18
-3
4
25
722
309
-758
-355
101
629
273
-633
163
543
-340
-439
174
602
-294
236
759
-31
-783
-132
-17
298
760
-275
-717
-96
140
759
363
-503
-210
5
-13
-105
-222
591
237
-729
-300
276
732
-127
-754
-164
479
613
-458
-507
672
484
-500
-445
3
71
-108
-194
-64
-7
-18
-8
13
17
658
434
-649
-421
230
589
-45
-619
371
543
-463
-449
282
622
-559
93
760
24
-766
-177
-14
253
765
-238
-710
-104
53
652
439
-484
-432
-36
146
-18
-156
608
244
-714
-331
296
758
-121
-795
-186
497
618
-412
-572
431
588
-196
-519
-83
204
-57
-304
-138
-2
5
-6
6
13
596
598
-341
-291
205
165
-403
-505
321
624
28
-243
69
257
-614
-266
609
296
-444
-228
-214
90
701
-220
-709
-67
-37
357
600
14
-295
-62
193
-134
-377
442
250
-650
-379
286
719
-105
-732
-181
442
540
-331
-551
100
569
326
-173
-53
94
-225
-502
-227
23
12
8
-8
-2
606
623
-176
-159
-15
-270
-400
-229
96
422
323
-66
-167
-32
-269
-448
240
485
84
-177
-463
-156
529
-144
-576
-18
-28
54
397
356
110
-19
-51
-280
-380
256
213
-412
-287
158
460
-60
-442
-110
235
302
-190
-316
-51
253
337
113
36
-87
-260
-296
-97
30
-18
16
0
5
631
486
-410
-308
-72
-183
-134
-27
-21
88
152
6
-116
-50
