-58
-149
-166
-112
-40
-10
-14
-21
-12
-1
12
71
168
261
289
193
9
-197
-348
-329
-135
76
238
385
476
492
460
416
382
353
-41
33
6
-70
-53
-9
-43
-60
-25
-14
-46
-71
15
183
328
420
392
236
29
-197
-371
-378
-202
-16
-19
-116
-121
-52
48
133
-99
57
40
-135
-248
-232
-204
-232
-290
-314
-295
-248
-102
108
243
302
354
421
432
294
55
-154
-236
-279
-456
-649
-664
-542
-382
-267
20
30
7
-118
-234
-206
-137
-152
-185
-182
-136
-91
-96
-77
-34
-8
74
202
305
408
470
417
309
162
-49
-243
-348
-391
-431
-453
25
-63
-74
-29
-54
-123
-139
-60
102
240
263
186
35
-112
-156
-140
-129
-95
-14
116
258
364
376
332
378
429
351
209
45
-100
-21
-96
-93
28
22
-115
-181
-148
-44
103
140
67
11
-24
-14
0
-70
-118
-60
-6
-16
5
32
59
242
487
571
528
468
402
7
-14
10
103
157
110
25
-99
-220
-208
-130
-105
-81
-32
-4
29
71
74
58
28
-44
-109
-130
-100
3
138
226
252
277
343
100
127
134
182
306
373
316
184
44
-14
36
102
116
91
29
6
68
96
47
10
42
45
-21
-50
-62
-91
-66
-19
-3
15
143
192
217
221
255
337
399
402
365
294
241
272
307
246
124
13
-35
-46
-68
-53
35
117
116
35
-79
-159
-164
-103
-30
-42
81
76
67
58
57
90
167
260
297
236
142
110
102
46
-4
-32
-45
-37
-59
-82
-50
39
99
47
-6
-27
-94
-98
6
60
-24
-71
-122
-144
-141
-147
-141
-81
-41
-83
-126
-155
-201
-208
-152
-77
-42
-55
-85
-126
-145
-105
-56
-44
-37
-24
-25
-26
-12
2
-108
-130
-139
-189
-233
-208
-170
-143
-138
-195
-231
-234
-240
-219
-204
-160
-94
-105
-130
-133
-191
-252
-222
-173
-201
-185
-72
-47
-119
-125
-16
-27
-52
-52
-2
81
139
134
94
53
24
28
52
27
-25
-25
5
7
-5
2
-24
-76
-71
-28
10
63
103
46
-72
-99
-30
-47
-82
-73
-30
-10
-12
-29
-49
-29
-2
36
94
83
33
5
-21
-27
-31
-30
26
94
109
122
190
220
164
108
84
41
-125
-146
-155
-189
-272
-365
-403
-378
-336
-312
-300
-263
-189
-124
-116
-157
-200
-220
-231
-228
-186
-146
-147
-147
-109
-73
-80
-90
-48
-5
37
19
-5
12
32
13
-9
7
39
22
-22
-39
-45
-3
64
30
-20
24
49
14
-34
-146
-295
-364
-368
-364
-365
-388
-355
-210
145
192
234
296
367
402
393
380
376
361
327
257
150
108
152
138
126
253
381
386
326
256
163
36
-103
-191
-180
-116
-59
-26
-13
70
182
221
188
152
137
128
121
148
187
140
15
-66
-81
-120
-145
-40
108
171
199
294
413
414
329
269
264
330
335
215
-120
-92
7
15
-70
-111
-70
-68
-115
-86
8
69
82
42
-30
-69
-83
-100
-118
-113
-58
26
128
254
349
342
269
206
143
112
-26
-31
6
-4
-38
-48
-20
-5
-25
-38
-32
33
151
205
209
288
333
195
49
-35
-131
-140
-54
56
154
197
161
11
-146
-142
-121
-109
-123
-78
19
46
-31
-86
-51
-2
-10
-31
1
92
198
296
329
240
149
64
-57
-72
19
63
55
86
128
88
-58
-211
-172
-211
-272
-262
-228
-193
-204
-258
-247
-175
-143
-143
-117
-81
-50
-7
6
0
32
72
110
128
108
72
29
18
76
194
247
157
174
97
2
-93
-187
-209
-146
-86
-80
-131
-183
-163
-105
-112
-166
-190
-203
-188
-116
-1
116
132
52
-9
-19
-11
15
98
250
372
281
219
74
46
122
121
109
180
185
85
42
29
-8
0
-27
-117
-134
-117
-142
-80
46
65
-6
-52
-31
-5
-26
-38
44
155
64
38
-162
-284
-183
-48
12
56
61
15
20
12
-58
-39
1
-46
-63
-72
-142
-145
-65
-42
-92
-116
-96
-75
-56
-34
-9
8
-55
12
54
-136
-379
-412
-349
-295
-180
-102
-138
-165
-150
-105
-26
6
-39
-83
-89
-95
-124
-147
-135
-164
-258
-273
-180
-115
-123
-125
-54
4
259
411
296
81
-87
-159
-107
-23
-43
-59
19
54
54
105
121
115
155
108
-80
-232
-206
-159
-223
-281
-297
-338
-411
-444
15
-22
39
266
477
485
381
279
174
134
170
192
194
133
29
23
91
126
129
109
27
-108
-133
-8
68
27
-39
-95
-167
-235
36
16
-40
-46
20
126
198
178
96
64
137
194
139
49
9
-11
-22
-42
-76
-17
127
221
212
195
239
280
286
303
340
343
35
59
42
-4
-26
-10
10
4
-25
-42
-15
37
47
36
83
106
48
14
0
-45
2
168
203
83
45
94
105
118
200
266
