0
0
0
0
0
0
0
0
0
0
12
71
168
261
289
193
9
0
0
0
0
76
238
385
476
492
460
416
382
353
0
33
6
0
0
0
0
0
0
0
0
0
15
183
328
420
392
236
29
0
0
0
0
0
0
0
0
0
48
133
0
57
40
0
0
0
0
0
0
0
0
0
0
108
243
302
354
421
432
294
55
0
0
0
0
0
0
0
0
0
20
30
7
0
0
0
0
0
0
0
0
0
0
0
0
0
74
202
305
408
470
417
309
162
0
0
0
0
0
0
25
0
0
0
0
0
0
0
102
240
263
186
35
0
0
0
0
0
0
116
258
364
376
332
378
429
351
209
45
0
0
0
0
28
22
0
0
0
0
103
140
67
11
0
0
0
0
0
0
0
0
5
32
59
242
487
571
528
468
402
7
0
10
103
157
110
25
0
0
0
0
0
0
0
0
29
71
74
58
28
0
0
0
0
3
138
226
252
277
343
100
127
134
182
306
373
316
184
44
0
36
102
116
91
29
6
68
96
47
10
42
45
0
0
0
0
0
0
0
15
143
192
217
221
255
337
399
402
365
294
241
272
307
246
124
13
0
0
0
0
35
117
116
35
0
0
0
0
0
0
81
76
67
58
57
90
167
260
297
236
142
110
102
46
0
0
0
0
0
0
0
39
99
47
0
0
0
0
6
60
0
0
0
0
0
0
0
0
0
0
0
0
0
0
0
0
0
0
0
0
0
0
0
0
0
0
0
0
0
2
0
0
0
0
0
0
0
0
0
0
0
0
0
0
0
0
0
0
0
0
0
0
0
0
0
0
0
0
0
0
0
0
0
0
0
81
139
134
94
53
24
28
52
27
0
0
5
7
0
2
0
0
0
0
10
63
103
46
0
0
0
0
0
0
0
0
0
0
0
0
0
36
94
83
33
5
0
0
0
0
26
94
109
122
190
220
164
108
84
41
0
0
0
0
0
0
0
0
0
0
0
0
0
0
0
0
0
0
0
0
0
0
0
0
0
0
0
0
0
0
37
19
0
12
32
13
0
7
39
22
0
0
0
0
64
30
0
24
49
14
0
0
0
0
0
0
0
0
0
0
145
192
234
296
367
402
393
380
376
361
327
257
150
108
152
138
126
253
381
386
326
256
163
36
0
0
0
0
0
0
0
70
182
221
188
152
137
128
121
148
187
140
15
0
0
0
0
0
108
171
199
294
413
414
329
269
264
330
335
215
0
0
7
15
0
0
0
0
0
0
8
69
82
42
0
0
0
0
0
0
0
26
128
254
349
342
269
206
143
112
0
0
6
0
0
0
0
0
0
0
0
33
151
205
209
288
333
195
49
0
0
0
0
56
154
197
161
11
0
0
0
0
0
0
19
46
0
0
0
0
0
0
1
92
198
296
329
240
149
64
0
0
19
63
55
86
128
88
0
0
0
0
0
0
0
0
0
0
0
0
0
0
0
0
0
0
6
0
32
72
110
128
108
72
29
18
76
194
247
157
174
97
2
0
0
0
0
0
0
0
0
0
0
0
0
0
0
0
0
0
116
132
52
0
0
0
15
98
250
372
281
219
74
46
122
121
109
180
185
85
42
29
0
0
0
0
0
0
0
0
46
65
0
0
0
0
0
0
44
155
64
38
0
0
0
0
12
56
61
15
20
12
0
0
1
0
0
0
0
0
0
0
0
0
0
0
0
0
0
8
0
12
54
0
0
0
0
0
0
0
0
0
0
0
0
6
0
0
0
0
0
0
0
0
0
0
0
0
0
0
0
4
259
411
296
81
0
0
0
0
0
0
19
54
54
105
121
115
155
108
0
0
0
0
0
0
0
0
0
0
15
0
39
266
477
485
381
279
174
134
170
192
194
133
29
23
91
126
129
109
27
0
0
0
68
27
0
0
0
0
36
16
0
0
20
126
198
178
96
64
137
194
139
49
9
0
0
0
0
0
127
221
212
195
239
280
286
303
340
343
35
59
42
0
0
0
10
4
0
0
0
37
47
36
83
106
48
14
0
0
2
168
203
83
45
94
105
118
200
266
