34
98
0
0
127
0
0
0
0
0
0
69
40
0
0
0
159
0
0
0
0
104
48
0
0
68
0
0
0
95
168
48
0
0
36
0
18
0
182
0
0
58
0
0
0
12
115
0
0
0
0
152
95
58
0
16
0
0
24
0
172
0
0
0
0
0
0
0
0
168
95
0
0
0
0
7
152
136
0
0
0
0
0
115
0
0
0
0
168
0
73
71
111
0
97
0
0
94
30
0
1
7
0
78
0
2
0
0
58
0
68
52
0
112
6
0
0
0
165
0
0
106
3
0
0
0
57
0
48
29
0
0
0
0
143
0
0
0
19
58
0
0
0
30
53
0
88
0
208
50
155
122
0
161
0
31
0
0
118
0
0
63
40
0
44
0
0
0
0
79
12
117
0
0
20
0
0
0
123
0
0
0
20
23
0
18
126
0
0
127
0
112
0
0
197
0
0
1
15
0
0
0
0
87
0
44
93
0
0
167
0
99
0
0
28
3
0
0
0
144
0
0
84
24
0
42
47
0
0
19
39
0
0
198
65
0
0
0
43
0
0
160
0
10
194
0
119
0
0
143
0
0
66
0
80
0
0
2
90
0
46
19
0
0
0
0
99
0
105
12
0
98
0
12
0
13
87
0
0
127
0
0
57
0
166
0
2
0
0
37
0
34
121
0
0
0
0
0
0
31
0
70
0
46
0
0
75
0
0
68
0
0
10
0
67
18
0
0
155
128
0
27
0
62
0
0
9
118
0
124
42
116
0
0
44
0
255
21
0
11
26
0
0
0
133
182
0
0
0
0
0
124
0
0
0
71
0
34
0
0
0
0
98
32
0
0
129
0
0
37
0
0
57
0
0
1
4
0
182
17
0
0
0
28
0
76
41
0
115
0
37
0
71
0
0
161
4
83
0
33
0
0
77
19
49
0
0
0
0
32
57
51
85
92
0
0
0
156
0
0
142
0
83
0
0
0
0
0
0
108
0
0
61
2
0
0
182
0
0
87
0
0
15
19
0
0
0
65
0
0
0
0
0
0
14
145
2
39
0
0
109
0
0
0
0
0
126
83
0
0
0
0
166
102
102
0
0
81
109
0
0
0
0
84
4
0
0
49
64
0
24
61
0
39
15
0
165
0
38
77
0
0
56
26
0
0
70
0
0
0
22
0
0
0
0
104
194
0
0
18
30
0
0
0
48
41
73
0
0
0
95
0
177
79
0
72
0
0
119
0
0
0
88
0
0
12
0
0
31
0
0
169
80
0
81
185
0
21
0
79
0
0
0
0
113
82
0
0
0
85
25
0
0
216
0
159
0
0
0
128
0
0
65
0
0
20
0
0
0
2
83
163
0
77
130
57
0
0
76
0
69
0
0
177
0
0
65
0
38
0
106
0
175
0
0
0
0
63
54
0
56
0
0
33
0
34
0
83
127
0
80
0
47
182
0
0
59
0
14
10
46
0
21
0
118
0
61
0
43
57
86
0
0
0
0
0
54
73
0
0
0
0
0
0
84
0
0
95
0
51
0
0
0
64
81
0
30
0
58
148
0
0
0
54
0
46
0
42
214
0
1
0
0
0
108
17
0
0
0
193
0
0
0
191
65
0
0
0
25
0
0
0
0
126
0
53
0
0
0
0
0
33
0
0
4
0
0
180
0
142
0
78
0
0
31
171
0
7
13
112
50
0
80
0
0
204
0
0
230
0
0
0
0
104
0
88
0
0
0
185
0
0
0
0
37
0
0
0
0
0
8
40
41
116
0
0
0
53
138
0
0
0
48
131
0
0
0
185
14
0
39
0
0
0
70
0
37
0
0
0
99
0
0
40
0
0
0
10
0
82
0
9
0
0
0
47
0
0
99
0
169
0
153
0
114
3
0
0
0
0
172
0
103
15
0
0
43
0
0
32
123
123
40
0
0
62
0
4
45
0
0
88
0
0
105
0
0
0
148
0
71
0
0
0
0
0
21
0
1
77
0
15
0
0
0
152
0
0
0
235
0
78
0
164
0
117
0
0
56
0
43
0
114
145
0
0
0
0
0
8
