-140
-122
-90
-361
-58
-235
-62
-281
-152
-274
-333
-149
0
-185
-315
-331
-127
-44
-184
-87
-269
-219
-45
-81
-329
-138
-242
-216
-403
-186
-189
-134
-139
-204
-268
-147
-318
-235
-98
-224
-189
-65
-73
-176
-246
-234
-95
-50
-176
-236
-287
-267
-49
-132
-168
-222
-176
-379
-243
-307
-211
10
-192
-209
-181
-168
-183
-239
-376
-10
-11
-59
-211
-266
-359
-292
-97
22
-60
-249
-420
-353
-226
-211
-229
-295
-242
-452
-195
-145
-387
-93
-167
-207
-67
-268
-271
-136
-168
-214
-188
-155
-222
-275
-128
-137
-122
-200
-129
-246
-317
-84
-267
-231
-51
-245
-306
-354
-200
-98
-286
-112
-136
-97
-333
-229
-198
-346
-183
-71
-176
-232
-289
-317
-39
-163
-136
-207
-328
-160
-288
-185
-224
-391
-182
-290
-180
-305
-187
-4
-155
-120
-141
-81
-187
-181
-323
-138
-174
-106
-213
-199
-125
-120
-121
-58
-215
-360
-408
-292
-160
-41
-277
-266
-150
-170
-315
-179
-162
-102
-359
-215
-124
-371
-233
-414
-62
-198
-206
-14
-228
-229
-119
-250
-76
-77
-254
-181
-180
-124
-68
-199
-174
-130
-194
-128
-53
-177
-229
44
-155
-113
-243
-275
-176
-205
-178
-208
-274
-180
-151
-404
-53
-160
-311
-75
-105
-238
-185
-106
-136
-146
-209
-288
-4
-185
-189
-153
-138
-292
-466
-226
-150
-152
-185
-150
-22
-178
-327
-190
-166
-250
-179
-302
-103
-249
-333
-230
-206
-213
-175
-80
-210
-277
-159
-279
-234
-243
-276
-41
-358
-183
-87
-309
-266
-50
-243
-222
-397
-159
-100
-327
-184
-163
-289
-63
-127
-313
-289
-101
-261
-192
-61
-27
-85
-283
-319
-127
-301
-142
-259
-117
-109
-174
35
-323
-154
-56
-356
-114
-148
-266
-171
-198
-263
-11
-263
-196
-248
-47
-106
-214
-203
-144
-346
-346
-284
-187
-134
-226
-153
-142
-146
-243
-166
-294
-175
-63
-183
-226
-118
-239
-246
-301
-185
15
-73
-276
-351
-182
-220
-193
-208
-409
-212
-252
-218
-201
-205
-368
-222
-273
-103
-117
-266
-233
-217
17
-289
-226
-210
-188
-61
-172
-311
-233
-180
-324
-159
-31
-270
-256
-43
-173
-283
-237
-34
-265
-49
-194
-62
-33
-206
-183
-223
-293
-161
-46
-237
-301
-117
-239
-200
-116
-47
-259
-273
-302
-428
-206
-179
-170
-202
-140
-34
-298
-231
-107
-272
-274
-67
-186
-184
-44
-315
-272
-144
-302
-268
-200
-179
-373
-277
-220
-357
-225
-192
-121
-191
-104
-240
-263
-163
-88
-86
-216
-197
-272
-86
-230
-179
-254
-319
-296
-433
-62
-88
-161
-200
-353
-60
-155
-331
-217
-288
-358
-258
5
-112
-236
-132
-329
-147
-61
-67
-193
-300
-157
-18
-349
-21
-272
-370
-166
-176
-182
-215
-196
3
-293
-317
-192
-161
-311
-132
-295
-63
-120
-181
-39
-78
-325
-222
-58
-112
-112
-226
-124
-230
-225
-134
-296
-241
-317
-244
-142
-72
-211
-319
-146
-203
-87
-189
-323
-199
-95
-82
-7
-290
-264
-198
-231
-171
-1
-122
-128
-322
-163
-122
-189
-163
-273
-242
-69
-246
-280
-274
-128
-247
-292
-312
-131
-126
-256
-277
-67
-155
-175
-251
-72
-319
-167
-323
-175
-138
-153
13
-197
-350
-161
-92
-283
-395
-76
-214
-143
-52
-322
-325
-52
-105
-365
-136
-164
-390
-204
-109
-377
-305
-383
-84
-156
-180
-265
-157
12
-8
-262
-27
-295
-205
-152
-330
-202
-165
-359
-59
-334
-166
-239
-81
-186
-179
-127
-221
-244
-352
-203
-162
-200
-190
-187
-92
-327
-92
-78
-241
-117
-196
-135
-130
-163
-169
-116
7
-369
-255
-303
-330
-171
-270
-202
-402
-164
-253
-163
-176
-246
-150
-29
-55
35
-282
-196
-142
-294
-143
-228
-96
-144
-59
-11
-315
-202
-104
-304
-343
-88
-335
-178
-247
-257
-334
-188
-205
-163
-221
-122
-248
-100
-177
-166
-226
-137
-277
-283
-320
-194
62
-290
-13
-299
-222
-185
-306
-109
-190
-214
-184
-168
-70
-283
-198
-263
-13
-45
-233
-112
-225
-129
-75
-353
-323
-201
-133
-205
-4
-181
-222
-286
-323
-186
-254
-295
-265
-182
-299
-144
-168
-247
-134
-264
-232
-366
-87
-107
-262
-348
-227
-48
-127
-181
-202
-160
-191
-97
-158
-363
-25
-96
-191
-286
-221
-202
-148
-73
-283
-422
-217
-163
-169
-436
-140
-255
-128
-360
-181
-333
-236
-369
-275
-240
-279
12
-75
-302
-220
-358
-159
-73
-189
-242
-157
-143
-3
-378
-275
-219
-139
-262
-18
-359
-179
-265
-220
-66
-230
-310
-256
-310
-156
-176
-121
-97
-210
-217
-300
-417
-193
-133
-100
-196
-101
-218
-173
-97
-278
-494
-131
-185
-254
-180
-139
-215
-174
-88
-237
-191
-361
-239
-160
-101
-148
-154
-134
-309
-233
-250
-190
-265
-213
-112
-4
-34
-304
-233
-238
-280
-187
-186
-341
-53
-262
8
-187
-65
-235
-286
-235
-99
-106
-6
-305
-99
-161
-332
-287
-198
-354
-271
-286
-88
-158
-241
-192
-111
-95
-390
-260
-97
-134
-317
-114
-154
-168
29
-165
-307
-215
-57
-148
-198
-159
-28
-79
-36
-221
-148
-292
-104
