89
40
40
52
52
67
67
0
0
38
38
0
0
0
0
0
0
0
0
0
0
0
0
0
0
0
0
26
26
12
12
27
27
50
50
9
9
70
70
0
0
0
0
76
76
0
0
0
0
0
0
0
0
17
17
0
0
18
18
3
3
0
91
63
63
68
68
57
57
4
4
20
20
7
7
0
0
0
0
0
0
0
0
0
0
16
16
0
0
28
28
0
0
18
18
62
62
0
0
58
58
0
0
0
0
53
53
0
0
0
0
0
0
0
0
14
14
0
0
25
25
0
0
0
81
85
85
92
92
43
43
36
36
0
0
21
21
10
10
0
0
0
0
0
0
0
0
24
24
0
0
20
20
0
0
6
6
50
50
0
0
54
54
4
4
0
0
7
7
0
0
0
0
0
0
0
0
2
2
0
0
27
27
0
0
0
76
98
98
93
93
36
36
52
52
0
0
17
17
28
28
0
0
0
0
0
0
0
0
21
21
0
0
7
7
6
6
2
2
34
34
10
10
59
59
0
0
0
0
0
0
12
12
0
0
0
0
0
0
0
0
5
5
29
29
0
0
0
76
102
102
71
71
36
36
52
52
2
2
0
0
20
20
0
0
11
11
0
0
0
0
7
7
0
0
0
0
18
18
6
6
14
14
30
30
73
73
0
0
3
3
17
17
4
4
0
0
0
0
0
0
0
0
23
23
31
31
0
0
0
69
111
111
62
62
36
36
54
54
18
18
0
0
2
2
0
0
28
28
0
0
0
0
0
0
0
0
0
0
22
22
14
14
0
0
34
34
73
73
0
0
8
8
16
16
3
3
0
0
0
0
0
0
0
0
28
28
29
29
0
0
0
55
125
125
66
66
36
36
58
58
22
22
0
0
0
0
7
7
0
0
0
0
0
0
0
0
0
0
0
0
18
18
26
26
0
0
22
22
59
59
0
0
8
8
0
0
9
9
0
0
0
0
0
0
0
0
20
20
23
23
0
0
0
58
117
117
70
70
43
43
51
51
18
18
0
0
0
0
25
25
0
0
0
0
0
0
0
0
0
0
0
0
12
12
21
21
0
0
25
25
40
40
0
0
18
18
0
0
0
0
0
0
0
0
0
0
0
0
13
13
16
16
0
0
0
78
87
87
74
74
57
57
33
33
6
6
0
0
0
0
35
35
0
0
0
0
0
0
0
0
0
0
12
12
4
4
0
0
23
23
43
43
16
16
0
0
38
38
0
0
0
0
0
0
0
0
0
0
0
0
7
7
8
8
0
0
0
85
92
92
58
58
67
67
28
28
0
0
0
0
0
0
11
11
0
0
0
0
0
0
0
0
0
0
15
15
3
3
0
0
27
27
42
42
7
7
2
2
43
43
0
0
0
0
0
0
0
0
0
0
0
0
5
5
0
0
0
0
0
79
132
132
22
22
73
73
36
36
0
0
0
0
0
0
0
0
4
4
0
0
0
0
0
0
0
0
5
5
9
9
0
0
9
9
22
22
13
13
30
30
33
33
0
0
10
10
0
0
0
0
0
0
0
0
7
7
0
0
0
0
0
73
144
144
26
26
73
73
32
32
0
0
0
0
0
0
0
0
13
13
0
0
0
0
0
0
0
0
0
0
19
19
0
0
0
0
1
1
19
19
30
30
34
34
0
0
27
27
0
0
0
0
0
0
0
0
1
1
0
0
0
0
0
67
128
128
70
70
67
67
16
16
0
0
0
0
0
0
0
0
23
23
0
0
0
0
0
0
0
0
0
0
33
33
6
6
0
0
0
0
25
25
2
2
46
46
3
3
9
9
0
0
0
0
0
0
0
0
0
0
0
0
0
0
0
64
119
119
106
106
54
54
0
0
10
10
0
0
2
2
0
0
29
29
0
0
0
0
0
0
0
0
4
4
49
49
21
21
0
0
0
0
26
26
0
0
54
54
15
15
0
0
0
0
0
0
0
0
0
0
0
0
0
0
0
0
0
64
117
117
134
134
34
34
0
0
30
30
0
0
6
6
0
0
31
31
0
0
0
0
0
0
0
0
12
12
67
67
39
39
0
0
0
0
22
22
0
0
58
58
13
13
0
0
0
0
0
0
0
0
0
0
0
0
0
0
0
0
0
67
140
140
122
122
36
36
0
0
30
30
0
0
6
6
0
0
19
19
0
0
0
0
0
0
0
0
11
11
106
106
51
51
0
0
2
2
23
23
0
0
45
45
17
17
0
0
0
0
0
0
0
0
0
0
0
0
0
0
0
0
0
73
188
188
70
70
60
60
0
0
10
10
0
0
2
2
0
0
0
0
5
5
0
0
0
0
0
0
1
1
166
166
57
57
0
0
0
0
29
29
24
24
15
15
27
27
0
0
0
0
0
0
3
3
0
0
0
0
0
0
0
0
0
72
213
213
48
48
72
72
0
0
0
0
0
0
0
0
0
0
0
0
23
23
0
0
0
0
0
0
0
0
208
208
66
66
0
0
0
0
43
43
53
53
2
2
21
21
0
0
0
0
0
0
0
0
0
0
0
0
0
0
0
0
1
64
215
215
56
56
72
72
0
0
0
0
0
0
0
0
0
0
0
0
29
29
0
0
0
0
0
0
0
0
232
232
78
78
0
0
0
0
65
65
87
87
6
6
0
0
10
10
0
0
0
0
0
0
0
0
0
0
0
0
0
0
0
69
191
191
74
74
71
71
2
2
0
0
0
0
22
22
0
0
0
0
30
30
0
0
0
0
0
0
0
0
255
255
77
77
0
0
0
0
66
66
122
122
20
20
0
0
27
27
0
0
14
14
0
0
0
0
0
0
0
0
0
0
0
87
141
141
102
102
69
69
6
6
0
0
0
0
66
66
0
0
0
0
26
26
0
0
0
0
0
0
3
3
277
277
63
63
0
0
0
0
46
46
158
158
44
44
0
0
41
41
0
0
26
26
0
0
0
0
0
0
0
0
0
0
0
103
109
109
125
125
46
46
17
17
0
0
0
0
90
90
0
0
0
0
37
37
6
6
0
0
0
0
13
13
252
252
58
58
0
0
0
0
34
34
183
183
39
39
11
11
42
42
0
0
39
39
0
0
0
0
0
0
0
0
3
3
0
117
95
95
143
143
2
2
35
35
0
0
0
0
94
94
18
18
0
0
63
63
18
18
0
0
0
0
23
23
180
180
62
62
0
0
0
0
30
30
197
197
5
5
41
41
30
30
0
0
53
53
0
0
0
0
0
0
0
0
1
1
0
99
111
111
149
149
0
0
17
17
0
0
0
0
49
49
55
55
0
0
57
57
16
16
0
0
0
0
47
47
128
128
58
58
0
0
0
0
14
14
169
169
13
13
55
55
3
3
0
0
76
76
0
0
0
0
0
0
0
0
0
0
0
49
157
157
143
143
19
19
0
0
45
45
0
0
0
0
101
101
0
0
19
19
0
0
0
0
0
0
85
85
96
96
46
46
0
0
0
0
0
0
99
99
63
63
53
53
0
0
0
0
108
108
10
10
0
0
0
0
0
0
0
0
0
28
170
170
146
146
25
25
0
0
69
69
0
0
0
0
98
98
0
0
5
5
0
0
0
0
0
0
97
97
68
68
32
32
0
0
0
0
0
0
44
44
107
107
47
47
0
0
0
0
125
125
36
36
0
0
0
0
0
0
0
0
0
36
150
150
158
158
11
11
0
0
63
63
0
0
0
0
46
46
2
2
15
15
0
0
0
0
31
31
83
83
44
44
16
16
0
0
0
0
0
0
4
4
145
145
37
37
0
0
0
0
127
127
76
76
0
0
0
0
0
0
0
0
0
46
127
127
157
157
5
5
0
0
77
77
0
0
8
8
13
13
10
10
0
0
0
0
0
0
42
42
63
63
13
13
6
6
23
23
0
0
0
0
0
0
156
156
30
30
0
0
0
0
114
114
90
90
0
0
0
0
0
0
0
0
0
58
101
101
143
143
7
7
0
0
111
111
0
0
40
40
0
0
22
22
0
0
37
37
0
0
14
14
37
37
0
0
2
2
45
45
0
0
0
0
0
0
140
140
26
26
0
0
0
0
86
86
78
78
0
0
0
0
0
0
0
0
0
59
76
76
125
125
9
9
0
0
101
101
0
0
37
37
0
0
26
26
0
0
71
71
20
20
10
10
31
31
0
0
8
8
47
47
0
0
0
0
0
0
89
89
10
10
23
23
54
54
38
38
70
70
0
0
0
0
0
0
0
0
0
49
52
52
103
103
11
11
0
0
47
47
1
1
0
0
0
0
22
22
0
0
85
85
28
28
30
30
45
45
0
0
24
24
29
29
0
0
0
0
0
0
3
3
0
0
101
101
138
138
0
0
66
66
3
3
0
0
0
0
0
0
0
42
40
40
75
75
14
14
16
16
22
22
27
27
0
0
0
0
19
19
0
0
83
83
38
38
31
31
62
62
0
0
33
33
9
9
0
0
0
0
0
0
0
0
0
0
151
151
166
166
0
0
53
53
6
6
0
0
0
0
0
0
0
38
40
40
41
41
18
18
24
24
26
26
49
49
0
0
0
0
17
17
29
29
65
65
50
50
13
13
82
82
2
2
35
35
0
0
0
0
0
0
0
0
0
0
7
7
173
173
138
138
0
0
31
31
2
2
0
0
0
0
0
0
0
34
36
36
26
26
18
18
25
25
42
42
45
45
0
0
0
0
10
10
54
54
68
68
49
49
1
1
109
109
32
32
6
6
0
0
0
0
0
0
0
0
0
0
38
38
200
200
94
94
14
14
15
15
0
0
0
0
0
0
0
0
0
30
28
28
30
30
14
14
19
19
70
70
15
15
0
0
0
0
0
0
42
42
92
92
35
35
0
0
143
143
40
40
0
0
0
0
22
22
0
0
0
0
0
0
74
74
232
232
34
34
18
18
5
5
0
0
0
0
0
0
0
0
0
24
26
26
31
31
0
0
22
22
86
86
4
4
0
0
0
0
0
0
39
39
104
104
38
38
0
0
156
156
55
55
0
0
0
0
73
73
0
0
0
0
0
0
78
78
226
226
29
29
25
25
0
0
0
0
0
0
0
0
43
43
0
16
30
30
29
29
0
0
34
34
90
90
12
12
0
0
0
0
0
0
45
45
104
104
58
58
0
0
148
148
77
77
0
0
0
0
139
139
0
0
0
0
0
0
50
50
182
182
79
79
35
35
0
0
0
0
0
0
0
0
89
89
0
19
26
26
26
26
0
0
30
30
77
77
20
20
0
0
0
0
0
0
48
48
90
90
47
47
0
0
148
148
77
77
0
0
0
0
157
157
0
0
0
0
0
0
0
0
143
143
94
94
61
61
5
5
0
0
0
0
0
0
101
101
0
33
14
14
22
22
0
0
10
10
47
47
28
28
0
0
0
0
9
9
48
48
62
62
5
5
43
43
156
156
55
55
0
0
0
0
127
127
0
0
0
0
58
58
0
0
109
109
74
74
103
103
15
15
0
0
0
0
17
17
79
79
0
40
8
8
12
12
0
0
5
5
23
23
29
29
0
0
0
0
11
11
40
40
59
59
0
0
77
77
142
142
40
40
0
0
2
2
107
107
0
0
0
0
70
70
0
0
68
68
83
83
107
107
15
15
0
0
0
0
37
37
48
48
0
40
8
8
0
0
0
0
15
15
5
5
23
23
0
0
0
0
1
1
24
24
81
81
0
0
71
71
106
106
32
32
0
0
54
54
97
97
0
0
0
0
26
26
0
0
20
20
121
121
73
73
5
5
0
0
0
0
23
23
8
8
0
36
11
11
0
0
4
4
13
13
0
0
16
16
6
6
0
0
0
0
16
16
75
75
16
16
80
80
79
79
18
18
0
0
99
99
59
59
0
0
0
0
0
0
15
15
22
22
132
132
52
52
11
11
0
0
0
0
4
4
0
0
0
28
17
17
0
0
12
12
0
0
8
8
8
8
2
2
0
0
0
0
16
16
41
41
48
48
104
104
61
61
0
0
0
0
137
137
0
0
0
0
2
2
0
0
21
21
74
74
116
116
44
44
33
33
0
0
0
0
0
0
0
0
0
29
12
12
0
0
9
9
0
0
9
9
1
1
4
4
3
3
0
0
9
9
22
22
56
56
100
100
56
56
0
0
0
0
125
125
0
0
0
0
39
39
0
0
0
0
101
101
128
128
44
44
23
23
0
0
0
0
0
0
0
0
0
39
0
0
0
0
0
0
1
1
3
3
0
0
12
12
9
9
1
1
0
0
18
18
40
40
68
68
64
64
0
0
0
0
63
63
20
20
0
0
61
61
0
0
0
0
103
103
168
168
52
52
0
0
22
22
0
0
0
0
0
0
0
35
0
0
21
21
0
0
0
0
10
10
0
0
12
12
16
16
6
6
0
0
20
20
27
27
37
37
64
64
0
0
0
0
26
26
29
29
3
3
49
49
0
0
0
0
88
88
178
178
65
65
0
0
32
32
0
0
0
0
0
0
0
17
15
15
47
47
0
0
0
0
30
30
0
0
4
4
24
24
10
10
0
0
28
28
17
17
7
7
56
56
0
0
0
0
14
14
7
7
0
0
3
3
0
0
0
0
56
56
158
158
83
83
0
0
16
16
0
0
0
0
0
0
0
10
27
27
58
58
0
0
0
0
34
34
0
0
1
1
22
22
21
21
1
1
25
25
12
12
0
0
55
55
0
0
37
37
25
25
0
0
0
0
3
3
0
0
0
0
36
36
144
144
108
108
0
0
0
0
0
0
0
0
0
0
0
14
33
33
54
54
0
0
0
0
22
22
2
2
3
3
10
10
39
39
0
0
11
11
12
12
0
0
61
61
0
0
47
47
59
59
0
0
0
0
49
49
0
0
0
0
28
28
136
136
140
140
0
0
0
0
0
0
0
0
20
20
0
16
38
38
48
48
0
0
11
11
18
18
0
0
11
11
3
3
39
39
0
0
21
21
0
0
2
2
51
51
0
0
91
91
65
65
0
0
0
0
66
66
0
0
0
0
28
28
108
108
134
134
0
0
0
0
0
0
0
0
29
29
0
16
42
42
40
40
0
0
17
17
22
22
0
0
25
25
1
1
21
21
0
0
55
55
0
0
22
22
25
25
0
0
169
169
43
43
0
0
0
0
54
54
101
101
0
0
36
36
60
60
90
90
26
26
0
0
0
0
0
0
7
7
10
10
38
38
51
51
0
0
12
12
38
38
0
0
34
34
0
0
11
11
0
0
73
73
0
0
36
36
6
6
0
0
225
225
35
35
0
0
0
0
42
42
144
144
0
0
38
38
42
42
57
57
39
39
0
0
0
0
0
0
0
0
14
0
26
26
81
81
0
0
0
0
66
66
0
0
38
38
0
0
9
9
6
6
75
75
0
0
44
44
0
0
13
13
259
259
41
41
0
0
0
0
30
30
112
112
0
0
34
34
54
54
35
35
13
13
0
0
0
0
23
23
0
0
0
1
18
18
89
89
0
0
0
0
74
74
0
0
22
22
2
2
9
9
9
9
59
59
0
0
40
40
0
0
18
18
241
241
77
77
0
0
0
0
31
31
79
79
0
0
35
35
60
60
27
27
0
0
0
0
0
0
39
39
0
0
0
19
14
14
75
75
0
0
0
0
62
62
0
0
0
0
14
14
11
11
3
3
25
25
0
0
24
24
0
0
14
14
171
171
143
143
0
0
0
0
45
45
45
45
0
0
41
41
60
60
33
33
0
0
5
5
0
0
29
29
7
7
0
40
5
5
33
33
0
0
0
0
50
50
11
11
0
0
18
18
14
14
0
0
3
3
0
0
15
15
0
0
4
4
87
87
172
172
0
0
0
0
43
43
17
17
0
0
54
54
56
56
33
33
0
0
7
7
7
7
20
20
15
15
0
64
0
0
0
0
0
0
10
10
38
38
41
41
0
0
14
14
18
18
0
0
0
0
7
7
13
13
7
7
0
0
0
0
164
164
0
0
0
0
25
25
0
0
7
7
74
74
48
48
27
27
0
0
0
0
5
5
12
12
13
13
0
92
0
0
0
0
16
16
25
25
36
36
38
38
0
0
10
10
15
15
0
0
0
0
17
17
12
12
47
47
0
0
0
0
122
122
4
4
0
0
11
11
0
0
24
24
71
71
32
32
25
25
0
0
0
0
0
0
10
10
9
9
0
124
0
0
0
0
16
16
35
35
44
44
2
2
0
0
6
6
5
5
16
16
0
0
27
27
12
12
101
101
0
0
0
0
46
46
60
60
0
0
1
1
20
20
32
32
45
45
8
8
27
27
0
0
0
0
0
0
14
14
3
3
15
127
0
0
0
0
15
15
37
37
60
60
0
0
9
9
22
22
0
0
35
35
0
0
31
31
22
22
112
112
0
0
0
0
4
4
72
72
0
0
0
0
30
30
40
40
34
34
0
0
30
30
0
0
0
0
0
0
11
11
0
0
21
101
0
0
0
0
13
13
31
31
84
84
0
0
0
0
58
58
0
0
57
57
0
0
29
29
42
42
80
80
0
0
0
0
0
0
40
40
0
0
0
0
26
26
48
48
38
38
0
0
34
34
0
0
0
0
0
0
1
1
0
0
15
66
0
0
0
0
16
16
35
35
105
105
0
0
0
0
65
65
0
0
62
62
0
0
25
25
43
43
57
57
0
0
0
0
0
0
26
26
0
0
0
0
21
21
46
46
34
34
0
0
28
28
0
0
0
0
0
0
0
0
0
0
13
