-7
12
36
52
60
61
55
42
22
14
18
29
47
52
44
37
31
30
34
27
9
0
0
17
51
48
8
-6
6
0
-24
-39
-45
-30
6
15
-3
-22
-42
-33
5
30
42
48
48
38
18
10
14
17
19
17
11
11
17
14
2
2
14
17
11
8
-15
-9
13
36
60
65
51
60
92
88
48
35
49
78
122
130
102
73
43
13
-17
-27
-17
-8
0
9
19
20
12
8
8
2
-10
-22
-34
-40
-40
-42
-46
-36
-12
4
12
-7
-53
-55
-13
19
41
54
58
45
15
-6
-18
-14
6
17
19
15
5
1
-15
-9
13
36
60
65
51
60
92
88
48
35
49
78
122
130
102
73
43
13
-17
-27
-17
-8
0
9
19
20
12
8
8
2
-10
-22
-34
-40
-40
-42
-46
-36
-12
4
12
-7
-53
-55
-13
19
41
54
58
45
15
-6
-18
-14
6
17
19
15
5
1
12
14
18
9
-13
-24
-24
-24
-24
-10
18
21
-1
-16
-24
-9
29
89
171
182
122
71
29
1
-13
-9
13
15
-3
-6
6
14
18
10
-10
-10
10
27
41
30
-6
-19
-9
7
29
36
28
17
3
-5
-7
-3
7
5
-9
-7
11
21
23
19
9
1
12
14
18
9
-13
-24
-24
-24
-24
-10
18
21
-1
-16
-24
-9
29
89
171
182
122
71
29
1
-13
-9
13
15
-3
-6
6
14
18
10
-10
-10
10
27
41
30
-6
-19
-9
7
29
36
28
17
3
-5
-7
-3
7
5
-9
-7
11
21
23
19
9
1
-5
-5
9
18
22
24
24
26
30
34
38
38
34
18
-10
-11
15
4
-44
-35
31
59
49
37
23
16
16
18
22
22
18
22
34
35
25
14
2
-11
-25
-19
7
20
20
8
-16
-25
-19
-9
5
11
9
7
5
10
22
24
16
9
3
5
15
15
-5
-5
9
18
22
24
24
26
30
34
38
38
34
18
-10
-11
15
4
-44
-35
31
59
49
37
23
16
16
18
22
22
18
22
34
35
25
14
2
-11
-25
-19
7
20
20
8
-16
-25
-19
-9
5
11
9
7
5
10
22
24
16
9
3
5
15
15
74
69
39
26
30
39
53
51
33
18
6
1
3
-2
-14
-15
-5
9
27
40
48
54
58
56
48
36
20
20
36
40
32
17
-5
-3
23
45
63
60
36
22
18
26
46
60
68
52
12
-14
-26
-26
-14
0
16
20
12
5
-1
-8
-16
-18
-14
-6
74
69
39
26
30
39
53
51
33
18
6
1
3
-2
-14
-15
-5
9
27
40
48
54
58
56
48
36
20
20
36
40
32
17
-5
-3
23
45
63
60
36
22
18
26
46
60
68
52
12
-14
-26
-26
-14
0
16
20
12
5
-1
-8
-16
-18
-14
-6
-33
-16
24
26
-10
-25
-19
-12
-4
0
0
5
15
31
53
35
-23
-48
-40
-27
-9
11
33
40
32
36
52
55
45
43
49
52
52
43
25
6
-14
-21
-15
2
30
39
29
16
0
18
70
91
81
61
31
16
16
15
13
13
15
11
1
-7
-13
-13
-33
-16
24
26
-10
-25
-19
-12
-4
0
0
5
15
31
53
35
-23
-48
-40
-27
-9
11
33
40
32
36
52
55
45
43
49
52
52
43
25
6
-14
-21
-15
2
30
39
29
16
0
18
70
91
81
61
31
16
16
15
13
13
15
11
1
-7
-13
-13
-9
-20
-36
-22
22
41
35
24
8
0
0
0
0
5
15
14
2
1
11
24
40
41
27
28
44
48
40
36
36
43
57
70
82
86
82
69
47
39
45
34
6
-2
10
29
55
59
41
33
35
34
30
32
40
39
29
17
3
-2
2
8
16
16
-9
-20
-36
-22
22
41
35
24
8
0
0
0
0
5
15
14
2
1
11
24
40
41
27
28
44
48
40
36
36
43
57
70
82
86
82
69
47
39
45
34
6
-2
10
29
55
59
41
33
35
34
30
32
40
39
29
17
3
-2
2
8
16
16
-12
-13
-15
-2
26
30
10
-10
-30
-30
-10
-2
-6
-6
-2
9
27
37
39
39
37
46
66
66
46
10
-42
-64
-56
-43
-25
-7
11
18
14
22
42
50
46
44
44
46
50
51
49
41
27
21
23
31
45
48
40
35
33
29
23
17
11
8
8
8
-12
-13
-15
-2
26
30
10
-10
-30
-30
-10
-2
-6
-6
-2
9
27
37
39
39
37
46
66
66
46
10
-42
-64
-56
-43
-25
-7
11
18
14
22
42
50
46
44
44
46
50
51
49
41
27
21
23
31
45
48
40
35
33
29
23
17
11
8
8
8
-35
-8
40
38
-14
-28
-4
16
32
30
10
2
6
6
2
10
30
27
1
3
33
57
75
71
45
11
-31
-57
-67
-42
18
51
57
51
33
18
6
3
9
24
48
45
15
5
15
22
26
24
16
8
0
9
35
47
45
41
35
28
20
6
-14
-19
-35
-8
40
38
-14
-28
-4
16
32
30
10
2
6
6
2
10
30
27
1
3
33
57
75
71
45
11
-31
-57
-67
-42
18
51
57
51
33
18
6
3
9
24
48
45
15
5
15
22
26
24
16
8
0
9
35
47
45
41
35
28
20
6
-14
-19
-16
-19
-17
-12
-4
0
0
0
0
0
0
0
0
0
0
6
18
21
15
15
21
27
33
46
66
52
4
-22
-26
-16
8
26
38
30
2
-34
-78
-89
-67
-39
-5
14
18
9
-13
-14
6
25
43
71
109
110
74
59
65
67
65
58
46
40
40
37
-16
-19
-17
-12
-4
0
0
0
0
0
0
0
0
0
0
6
18
21
15
15
21
27
33
46
66
52
4
-22
-26
-16
8
26
38
30
2
-34
-78
-89
-67
-39
-5
14
18
9
-13
-14
6
25
43
71
109
110
74
59
65
67
65
58
46
40
40
37
31
15
-35
-46
-18
-5
-7
-6
-2
-10
-30
-52
-76
-66
-22
-6
-18
-16
0
6
2
2
6
1
-13
-8
16
33
43
59
81
85
71
69
79
49
-21
-66
-86
-78
-42
-12
12
26
30
39
53
55
45
46
58
71
85
96
104
104
96
70
26
17
43
40
31
15
-35
-46
-18
-5
-7
-6
-2
-10
-30
-52
-76
-66
-22
-6
-18
-16
0
6
2
2
6
1
-13
-8
16
33
43
59
81
85
71
69
79
49
-21
-66
-86
-78
-42
-12
12
26
30
39
53
55
45
46
58
71
85
96
104
104
96
70
26
17
43
40
17
17
3
5
23
10
-34
-47
-29
-19
-17
-32
-64
-78
-74
-58
-30
-31
-61
-63
-37
-18
-6
5
15
49
107
141
151
120
48
14
18
31
53
56
40
30
26
31
45
35
1
-1
29
38
26
16
8
11
25
37
47
39
13
-4
-12
-12
-4
-1
-3
-3
17
17
3
5
23
10
-34
-47
-29
-19
-17
-32
-64
-78
-74
-58
-30
-31
-61
-63
-37
-18
-6
5
15
49
107
141
151
120
48
14
18
31
53
56
40
30
26
31
45
35
1
-1
29
38
26
16
8
11
25
37
47
39
13
-4
-12
-12
-4
-1
-3
-3
-75
-77
-31
-11
-17
-7
19
5
-49
-49
5
37
47
5
-89
-113
-67
-30
-2
-7
-45
-72
-88
-95
-93
-66
-14
31
69
72
40
18
6
-3
-9
24
96
118
90
41
-29
-39
11
35
33
11
-31
-70
-106
-108
-76
-54
-42
-24
0
6
-6
-6
6
0
-24
-28
-75
-77
-31
-11
-17
-7
19
5
-49
-49
5
37
47
5
-89
-113
-67
-30
-2
-7
-45
-72
-88
-95
-93
-66
-14
31
69
72
40
18
6
-3
-9
24
96
118
90
41
-29
-39
11
35
33
11
-31
-70
-106
-108
-76
-54
-42
-24
0
6
-6
-6
6
0
-24
-28
0
-6
-26
-30
-18
-19
-33
-53
-79
-95
-101
-82
-38
5
47
42
-10
-34
-30
-23
-13
-17
-35
-50
-62
-43
7
25
11
-8
-32
-52
-68
-59
-25
20
76
85
47
8
-32
-33
5
19
9
-3
-17
-28
-36
-39
-37
-16
24
41
35
36
44
64
96
93
55
33
0
-6
-26
-30
-18
-19
-33
-53
-79
-95
-101
-82
-38
5
47
42
-10
-34
-30
-23
-13
-17
-35
-50
-62
-43
7
25
11
-8
-32
-52
-68
-59
-25
20
76
85
47
8
-32
-33
5
19
9
-3
-17
-28
-36
-39
-37
-16
24
41
35
36
44
64
96
93
55
33
10
3
-23
-43
-57
-63
-61
-63
-69
-55
-21
-14
-34
-28
4
13
-1
-2
10
-9
-59
-57
-3
55
117
134
106
79
53
21
-17
-38
-42
-33
-11
-20
-60
-68
-44
-47
-77
-100
-116
-126
-130
-114
-78
-22
54
78
50
30
18
20
36
55
77
68
28
20
44
42
10
3
-23
-43
-57
-63
-61
-63
-69
-55
-21
-14
-34
-28
4
13
-1
-2
10
-9
-59
-57
-3
55
117
134
106
79
53
21
-17
-38
-42
-33
-11
-20
-60
-68
-44
-47
-77
-100
-116
-126
-130
-114
-78
-22
54
78
50
30
18
20
36
55
77
68
28
20
44
42
-11
-28
-52
-75
-97
-107
-105
-69
1
9
-45
-57
-27
-31
-69
-93
-103
-110
-114
-112
-104
-93
-79
-68
-60
-46
-26
-9
5
4
-12
-12
4
3
-15
2
54
73
59
49
43
-3
-89
-146
-174
-149
-71
10
94
102
34
-2
-6
-3
7
18
30
54
90
101
87
67
-11
-28
-52
-75
-97
-107
-105
-69
1
9
-45
-57
-27
-31
-69
-93
-103
-110
-114
-112
-104
-93
-79
-68
-60
-46
-26
-9
5
4
-12
-12
4
3
-15
2
54
73
59
49
43
-3
-89
-146
-174
-149
-71
10
94
102
34
-2
-6
-3
7
18
30
54
90
101
87
67
-26
-28
-28
-45
-79
-94
-90
-84
-76
-70
-66
-53
-31
-34
-62
-87
-109
-121
-123
-93
-31
-9
-27
-30
-18
-21
-39
-38
-18
18
70
97
99
89
67
47
29
13
-1
-6
-2
-16
-48
-51
-25
-1
21
18
-10
-5
33
41
19
6
2
5
15
31
53
71
85
85
-26
-28
-28
-45
-79
-94
-90
-84
-76
-70
-66
-53
-31
-34
-62
-87
-109
-121
-123
-93
-31
-9
-27
-30
-18
-21
-39
-38
-18
18
70
97
99
89
67
47
29
13
-1
-6
-2
-16
-48
-51
-25
-1
21
18
-10
-5
33
41
19
6
2
5
15
31
53
71
85
85
-6
-12
-20
-22
-18
-18
-22
-27
-33
-22
6
5
-25
-33
-19
-9
-3
-6
-18
-30
-42
-36
-12
-7
-21
-31
-37
-23
11
32
40
14
-46
-81
-91
-78
-42
-19
-9
-13
-31
-31
-13
14
50
84
116
102
42
14
18
15
5
0
0
-25
-75
-100
-100
-76
-28
19
-6
-12
-20
-22
-18
-18
-22
-27
-33
-22
6
5
-25
-33
-19
-9
-3
-6
-18
-30
-42
-36
-12
-7
-21
-31
-37
-23
11
32
40
14
-46
-81
-91
-78
-42
-19
-9
-13
-31
-31
-13
14
50
84
116
102
42
14
18
15
5
0
0
-25
-75
-100
-100
-76
-28
19
4
2
6
7
5
-11
-41
-50
-38
-30
-26
-20
-12
-14
-26
-28
-20
-17
-19
-17
-11
-8
-8
2
22
17
-13
-32
-40
-33
-11
-3
-9
-44
-108
-107
-41
-6
-2
0
0
6
18
10
-18
-54
-98
-95
-45
-15
-5
0
0
0
0
-8
-24
-46
-74
-65
-19
19
4
2
6
7
5
-11
-41
-50
-38
-30
-26
-20
-12
-14
-26
-28
-20
-17
-19
-17
-11
-8
-8
2
22
17
-13
-32
-40
-33
-11
-3
-9
-44
-108
-107
-41
-6
-2
0
0
6
18
10
-18
-54
-98
-95
-45
-15
-5
0
0
0
0
-8
-24
-46
-74
-65
-19
19
9
10
-2
-10
-14
-7
11
10
-10
-35
-65
-76
-68
-53
-31
-17
-11
-1
13
20
20
6
-22
-57
-99
-83
-9
32
40
33
11
-8
-24
5
79
101
71
35
-7
-11
23
74
142
133
47
-13
-47
-74
-94
-83
-41
-15
-5
0
0
3
9
39
93
109
87
57
9
10
-2
-10
-14
-7
11
10
-10
-35
-65
-76
-68
-53
-31
-17
-11
-1
13
20
20
6
-22
-57
-99
-83
-9
32
40
33
11
-8
-24
5
79
101
71
35
-7
-11
23
74
142
133
47
-13
-47
-74
-94
-83
-41
-15
-5
0
0
3
9
39
93
109
87
57
0
0
0
-8
-24
-29
-23
-15
-5
-9
-27
-39
-45
-39
-21
-8
0
-1
-11
-24
-40
-37
-15
0
8
9
3
-18
-54
-76
-84
-98
-118
-102
-50
-29
-39
-14
46
69
55
26
-18
-3
71
84
36
31
69
71
37
15
5
-5
-15
9
67
89
75
48
8
-13
0
0
0
-8
-24
-29
-23
-15
-5
-9
-27
-39
-45
-39
-21
-8
0
-1
-11
-24
-40
-37
-15
0
8
9
3
-18
-54
-76
-84
-98
-118
-102
-50
-29
-39
-14
46
69
55
26
-18
-3
71
84
36
31
69
71
37
15
5
-5
-15
9
67
89
75
48
8
-13
-8
-9
-3
-3
-9
-8
0
-3
-17
-20
-12
-12
-20
-26
-30
-28
-20
-17
-19
-20
-20
-37
-71
-72
-40
-12
12
15
-3
-22
-42
-52
-52
-33
5
-9
-75
-103
-93
-62
-10
-16
-80
-109
-103
-74
-22
-4
-20
-32
-40
-33
-11
-3
-9
-14
-18
-32
-56
-70
-74
-75
-8
-9
-3
-3
-9
-8
0
-3
-17
-20
-12
-12
-20
-26
-30
-28
-20
-17
-19
-20
-20
-37
-71
-72
-40
-12
12
15
-3
-22
-42
-52
-52
-33
5
-9
-75
-103
-93
-62
-10
-16
-80
-109
-103
-74
-22
-4
-20
-32
-40
-33
-11
-3
-9
-14
-18
-32
-56
-70
-74
-75
15
12
-4
-4
12
13
-1
-5
1
1
-5
-11
-17
-16
-8
-1
5
11
17
13
-1
-10
-14
-24
-40
-64
-96
-108
-100
-95
-93
-79
-53
-71
-133
-144
-104
-75
-57
-37
-15
0
8
-13
-63
-87
-85
-64
-24
0
8
-9
-51
-54
-18
-8
-24
-41
-59
-82
-110
-107
15
12
-4
-4
12
13
-1
-5
1
1
-5
-11
-17
-16
-8
-1
5
11
17
13
-1
-10
-14
-24
-40
-64
-96
-108
-100
-95
-93
-79
-53
-71
-133
-144
-104
-75
-57
-37
-15
0
8
-13
-63
-87
-85
-64
-24
0
8
-9
-51
-54
-18
-8
-24
-41
-59
-82
-110
-107
-19
-19
-1
21
47
42
6
-19
-33
-30
-10
1
3
0
-8
-8
0
6
10
16
24
32
40
39
29
9
-21
-40
-48
-64
-88
-63
11
42
30
13
-9
-25
-35
-63
-109
-103
-45
-12
-4
-16
-48
-74
-94
-95
-77
-57
-35
-32
-48
-61
-71
-73
-67
-55
-37
-20
-19
-19
-1
21
47
42
6
-19
-33
-30
-10
1
3
0
-8
-8
0
6
10
16
24
32
40
39
29
9
-21
-40
-48
-64
-88
-63
11
42
30
13
-9
-25
-35
-63
-109
-103
-45
-12
-4
-16
-48
-74
-94
-95
-77
-57
-35
-32
-48
-61
-71
-73
-67
-55
-37
-20
-6
-1
5
6
2
-2
-6
0
16
18
6
2
6
9
11
6
-6
-3
15
21
15
5
-9
-16
-16
-16
-16
-13
-7
-6
-10
-7
3
25
59
48
-8
-33
-27
-1
45
47
5
-14
-10
-12
-20
-28
-36
-24
8
10
-18
-40
-56
-59
-49
-50
-62
-48
-8
3
-6
-1
5
6
2
-2
-6
0
16
18
6
2
6
9
11
6
-6
-3
15
21
15
5
-9
-16
-16
-16
-16
-13
-7
-6
-10
-7
3
25
59
48
-8
-33
-27
-1
45
47
5
-14
-10
-12
-20
-28
-36
-24
8
10
-18
-40
-56
-59
-49
-50
-62
-48
-8
3
0
2
6
4
-4
-9
-11
-9
-3
2
6
0
-16
-17
-3
3
1
-9
-27
-37
-39
-23
11
9
-29
-38
-18
-21
-47
-46
-18
35
113
141
119
76
12
-44
-92
-122
-134
-81
37
82
54
44
52
32
-16
-62
-106
-102
-50
-31
-45
-55
-61
-54
-34
-35
-57
-50
0
2
6
4
-4
-9
-11
-9
-3
2
6
0
-16
-17
-3
3
1
-9
-27
-37
-39
-23
11
9
-29
-38
-18
-21
-47
-46
-18
35
113
141
119
76
12
-44
-92
-122
-134
-81
37
82
54
44
52
32
-16
-62
-106
-102
-50
-31
-45
-55
-61
-54
-34
-35
-57
-50
6
-6
-18
-9
21
29
15
0
-16
-10
18
22
2
-6
-2
-1
-3
-5
-7
-2
10
17
19
7
-19
-28
-20
-22
-34
-33
-19
5
39
59
65
60
44
27
9
-6
-18
-40
-72
-66
-22
-2
-6
-2
10
5
-17
-41
-67
-74
-62
-53
-47
-23
19
36
28
10
6
-6
-18
-9
21
29
15
0
-16
-10
18
22
2
-6
-2
-1
-3
-5
-7
-2
10
17
19
7
-19
-28
-20
-22
-34
-33
-19
5
39
59
65
60
44
27
9
-6
-18
-40
-72
-66
-22
-2
-6
-2
10
5
-17
-41
-67
-74
-62
-53
-47
-23
19
36
28
10
-1
6
2
-7
-21
-16
8
18
14
6
-6
4
36
34
-2
-14
-2
5
7
5
-1
-21
-55
-45
9
28
12
-1
-11
-18
-22
-59
-129
-131
-65
-14
22
39
37
43
57
47
13
-7
-13
-13
-7
-4
-4
-1
5
-25
-91
-113
-91
-67
-41
-33
-43
-39
-21
-6
-1
6
2
-7
-21
-16
8
18
14
6
-6
4
36
34
-2
-14
-2
5
7
5
-1
-21
-55
-45
9
28
12
-1
-11
-18
-22
-59
-129
-131
-65
-14
22
39
37
43
57
47
13
-7
-13
-13
-7
-4
-4
-1
5
-25
-91
-113
-91
-67
-41
-33
-43
-39
-21
-6
40
45
31
-11
-81
-93
-47
-14
6
10
-2
7
37
43
25
14
10
10
14
14
10
3
-7
-7
3
7
5
17
43
48
32
-25
-123
-176
-184
-143
-53
2
22
23
5
-15
-37
-35
-9
14
34
40
32
25
19
17
19
11
-7
-17
-19
-24
-32
-37
-39
-42
40
45
31
-11
-81
-93
-47
-14
6
10
-2
7
37
43
25
14
10
10
14
14
10
3
-7
-7
3
7
5
17
43
48
32
-25
-123
-176
-184
-143
-53
2
22
23
5
-15
-37
-35
-9
14
34
40
32
25
19
17
19
11
-7
-17
-19
-24
-32
-37
-39
-42
64
58
14
-10
-14
-16
-16
-11
-1
8
16
2
-34
-31
11
30
26
19
9
12
28
22
-6
-15
-5
0
0
27
81
109
111
83
25
-42
-118
-128
-72
-32
-8
-1
-11
-4
20
36
44
35
9
-16
-40
-51
-49
-27
15
39
45
27
-15
-34
-30
-31
-37
-31
64
58
14
-10
-14
-16
-16
-11
-1
8
16
2
-34
-31
11
30
26
19
9
12
28
22
-6
-15
-5
0
0
27
81
109
111
83
25
-42
-118
-128
-72
-32
-8
-1
-11
-4
20
36
44
35
9
-16
-40
-51
-49
-27
15
39
45
27
-15
-34
-30
-31
-37
-31
-39
-33
5
24
24
23
21
17
11
20
44
33
-13
-43
-57
-46
-10
-5
-31
-33
-11
6
18
23
21
30
50
44
12
-14
-34
-18
34
56
48
28
-4
-10
10
11
-7
-18
-22
-20
-12
-6
-2
-7
-21
-26
-22
-17
-11
-14
-26
-21
1
7
-3
-12
-20
-27
-39
-33
5
24
24
23
21
17
11
20
44
33
-13
-43
-57
-46
-10
-5
-31
-33
-11
6
18
23
21
30
50
44
12
-14
-34
-18
34
56
48
28
-4
-10
10
11
-7
-18
-22
-20
-12
-6
-2
-7
-21
-26
-22
-17
-11
-14
-26
-21
1
7
-3
-12
-20
-27
-74
-84
-60
-33
-3
16
24
35
49
65
83
80
56
39
29
13
-9
-16
-8
-10
-22
-19
-1
5
-1
-13
-31
-47
-61
-73
-83
-73
-43
-21
-7
2
6
6
2
8
24
29
23
14
2
-10
-22
-21
-7
-8
-24
-23
-5
-5
-23
-27
-17
-14
-18
-13
1
9
