0
0
0
116
262
213
69
0
0
0
0
0
0
0
0
5
187
361
191
0
0
71
0
0
329
190
0
0
7
0
0
0
0
0
23
122
62
0
0
0
17
2
0
0
12
20
24
100
114
0
0
11
0
0
109
62
0
0
26
0
0
24
0
0
0
33
7
0
6
30
19
0
0
0
4
39
25
0
0
9
0
0
5
0
0
0
0
0
13
2
0
0
0
0
0
30
0
0
16
14
0
0
0
0
0
26
32
0
0
18
0
0
0
0
0
0
17
0
0
24
0
0
5
0
0
21
0
0
0
0
0
0
0
0
9
24
9
3
0
5
13
0
0
0
0
31
48
0
0
4
0
0
0
0
0
2
2
1
0
0
0
0
0
0
13
38
11
10
0
5
30
0
0
0
0
37
38
0
7
1
0
0
0
0
0
2
0
1
20
0
0
2
7
0
0
0
14
33
0
0
29
0
0
0
0
9
2
0
4
15
0
3
0
0
8
8
0
0
18
0
0
40
208
79
0
0
0
49
10
0
0
81
114
0
0
0
2
0
0
1
0
24
0
0
1
8
3
0
11
6
0
80
500
169
0
0
7
26
38
0
0
217
442
0
0
0
21
0
0
0
5
9
0
1
0
60
106
22
0
0
0
76
623
198
0
0
47
0
0
0
0
226
464
0
0
0
11
4
47
0
16
0
0
0
10
262
287
62
0
0
0
0
617
264
0
0
72
0
0
0
183
273
159
0
0
0
111
193
173
55
8
11
0
0
224
486
154
0
66
47
0
0
566
369
0
0
91
0
0
0
235
418
179
0
0
0
422
291
43
46
0
28
0
0
459
455
0
0
170
449
0
0
419
353
0
0
137
428
0
0
0
411
523
0
0
181
635
0
0
0
0
19
0
55
580
226
0
0
72
582
245
0
266
254
0
0
108
629
267
0
0
295
704
0
0
426
633
0
0
0
0
3
0
80
602
117
0
0
0
520
396
0
223
206
0
0
51
568
406
0
0
230
712
0
0
527
597
0
0
36
0
0
0
63
554
236
0
0
75
566
312
0
264
191
0
0
122
614
291
0
0
222
716
0
0
484
569
0
0
26
0
0
0
51
446
432
0
0
141
513
0
0
395
284
0
0
214
535
0
0
0
201
719
0
0
291
607
0
0
0
0
0
0
27
281
464
97
0
67
113
0
0
510
401
0
0
132
96
0
0
0
174
707
0
0
49
551
202
0
0
0
0
0
10
78
243
265
114
0
0
0
0
365
269
0
4
0
0
0
0
0
219
684
0
0
0
266
340
160
19
0
0
1
15
0
15
114
90
0
0
0
5
81
48
13
12
0
0
0
137
138
253
492
0
0
0
33
159
139
39
0
4
7
0
5
0
0
32
0
0
55
0
0
15
0
0
34
0
0
347
373
194
55
0
0
0
0
23
40
0
0
22
21
0
6
0
0
50
0
0
24
0
11
41
0
0
35
8
0
295
378
72
0
0
0
57
0
4
39
0
0
7
23
13
0
0
11
63
0
0
7
0
0
21
0
0
0
39
0
75
140
0
0
0
0
20
0
13
29
0
1
0
0
48
0
0
7
55
0
0
9
0
0
5
37
0
0
23
0
0
0
5
1
0
0
0
23
2
13
18
16
0
0
16
0
0
0
47
3
18
8
0
0
5
28
14
0
0
0
0
0
13
14
0
0
0
12
0
11
27
1
17
0
80
1
0
0
29
84
244
0
0
0
15
6
10
0
0
0
27
8
0
0
0
0
0
4
2
0
15
0
0
19
340
48
0
0
26
247
531
0
0
0
14
2
0
2
11
0
0
37
5
0
0
0
0
0
4
0
14
0
0
149
569
64
0
0
0
263
638
0
0
0
8
0
0
5
49
0
0
79
8
0
0
0
0
0
0
11
20
0
0
311
615
50
0
0
0
45
612
5
0
0
10
0
0
0
38
131
173
135
0
0
0
0
1
0
0
49
3
0
6
347
599
51
0
0
0
0
638
194
0
0
93
0
0
0
127
434
240
2
16
0
0
0
0
0
0
39
0
