-247
-148
-20
116
262
213
69
-65
-193
-275
-145
-10
0
-12
-1
5
187
361
191
-61
-98
71
-251
-343
329
190
-431
-254
7
-24
-41
0
-12
-42
23
122
62
-79
-111
-44
17
2
-31
-28
12
20
24
100
114
-37
-119
11
-33
-101
109
62
-166
-68
26
-30
-14
24
-2
-63
-44
33
7
-32
6
30
19
-23
-42
-22
4
39
25
-26
-6
9
-29
-31
5
-5
-9
-10
-31
-2
13
2
-43
-5
-1
-31
-17
30
-5
-25
16
14
-7
-29
-31
-13
-3
26
32
-11
-9
18
0
-30
-18
-1
-34
-7
17
-50
-16
24
-41
-10
5
-8
-2
21
-3
-21
-9
-16
-14
-8
-15
-23
9
24
9
3
-9
5
13
-11
-12
-15
-50
31
48
-73
-15
4
-18
-5
-1
-10
-9
2
2
1
-8
-25
-19
-3
-17
-45
13
38
11
10
-18
5
30
-16
-12
-12
-50
37
38
-63
7
1
-4
-11
-18
-16
-6
2
-17
1
20
-17
-26
2
7
-23
-17
-9
14
33
-13
-6
29
-18
-30
0
-15
9
2
-46
4
15
-1
3
-36
-22
8
8
-19
-26
18
-1
-29
40
208
79
-213
-164
0
49
10
-27
-2
81
114
-34
-148
-49
2
-29
-23
1
-5
24
-43
-15
1
8
3
-39
11
6
-17
80
500
169
-530
-292
7
26
38
-19
-57
217
442
-76
-466
-123
21
-30
-25
-18
5
9
-29
1
-40
60
106
22
-16
-102
-72
76
623
198
-625
-232
47
-65
-43
-1
-23
226
464
-90
-494
-139
11
4
47
-1
16
-8
-18
-14
10
262
287
62
-48
-195
-286
-58
617
264
-411
-48
72
-172
-315
-98
183
273
159
-197
-339
-126
111
193
173
55
8
11
-14
-37
224
486
154
-142
66
47
-395
-290
566
369
-263
-54
91
-8
-439
-389
235
418
179
-306
-516
-59
422
291
43
46
-8
28
-6
-9
459
455
-298
-391
170
449
-124
-442
419
353
-429
-274
137
428
-126
-663
-104
411
523
-255
-732
181
635
-9
-344
-23
-13
19
-2
55
580
226
-563
-335
72
582
245
-486
266
254
-611
-355
108
629
267
-662
-422
295
704
-185
-701
426
633
-237
-392
-13
-4
3
-19
80
602
117
-611
-202
-6
520
396
-475
223
206
-658
-301
51
568
406
-559
-482
230
712
-169
-656
527
597
-239
-215
36
-6
-9
-35
63
554
236
-581
-316
75
566
312
-484
264
191
-671
-316
122
614
291
-602
-433
222
716
-154
-678
484
569
-344
-373
26
-21
-17
-26
51
446
432
-322
-402
141
513
-9
-508
395
284
-555
-313
214
535
-55
-627
-301
201
719
-120
-721
291
607
-214
-530
-83
-33
-30
-28
27
281
464
97
-139
67
113
-345
-370
510
401
-267
-151
132
96
-373
-434
-128
174
707
-97
-739
49
551
202
-205
-107
-36
-40
-23
10
78
243
265
114
-33
-180
-326
-118
365
269
-34
4
-7
-177
-338
-143
-14
219
684
-151
-692
-112
266
340
160
19
-22
-24
1
15
-21
15
114
90
-52
-109
-64
5
81
48
13
12
-15
-90
-113
137
138
253
492
-332
-619
-112
33
159
139
39
-29
4
7
-13
5
-26
-18
32
-29
-5
55
-24
-25
15
-11
-30
34
-14
-34
347
373
194
55
-525
-442
-5
-20
23
40
-2
-65
22
21
-35
6
-13
-20
50
-10
-11
24
-47
11
41
-33
-60
35
8
-64
295
378
72
-202
-413
-165
57
-25
4
39
-6
-52
7
23
13
-31
-44
11
63
-1
-32
7
-28
0
21
-9
-57
-3
39
-50
75
140
-14
-107
-112
-25
20
-3
13
29
-6
1
-34
-6
48
-36
-46
7
55
0
-37
9
-21
-30
5
37
-18
-31
23
-14
-31
-1
5
1
-9
-35
-15
23
2
13
18
16
-26
-21
16
-22
-16
-4
47
3
18
8
-77
-29
5
28
14
-17
-19
-3
-9
-14
13
14
-30
-52
-10
12
-12
11
27
1
17
-25
80
1
-108
-10
29
84
244
-5
-283
-97
15
6
10
-2
-37
-9
27
8
-17
-5
-14
-43
-26
4
2
-4
15
-10
-7
19
340
48
-382
-105
26
247
531
-79
-554
-184
14
2
-9
2
11
-32
-15
37
5
-27
-2
-18
-40
-4
4
-18
14
-20
-58
149
569
64
-553
-181
-10
263
638
-139
-628
-140
8
-48
-48
5
49
-40
-20
79
8
-66
-40
-21
-12
-15
-9
11
20
-27
-27
311
615
50
-422
-146
-193
45
612
5
-427
-32
10
-177
-228
-103
38
131
173
135
-9
-174
-234
-125
1
-12
-15
49
3
-33
6
347
599
51
-302
-115
-315
-65
638
194
-296
-44
93
-119
-453
-349
127
434
240
2
16
-84
-363
-341
-78
-12
-19
39
-34
