33
93
197
192
193
82
32
50
74
30
72
178
193
195
186
195
194
184
54
41
75
55
23
25
170
191
26
99
214
199
215
200
135
156
176
185
188
174
135
94
80
124
171
191
192
190
190
190
188
195
162
89
62
105
122
85
180
169
97
128
204
205
206
210
183
187
184
178
184
194
189
173
188
198
201
191
183
186
194
198
191
194
196
188
184
203
214
202
202
211
183
195
212
195
200
208
178
181
176
170
176
191
196
191
191
190
185
181
183
190
194
194
190
177
182
195
192
186
191
197
190
196
202
207
203
198
199
197
167
177
184
184
186
189
185
177
189
186
182
181
185
191
194
193
201
192
187
188
185
182
186
192
195
190
199
194
199
214
206
201
178
185
189
187
186
187
185
181
187
189
191
194
194
194
196
199
189
192
193
193
196
196
195
195
196
201
210
189
192
208
198
211
179
181
181
180
180
183
185
186
180
182
188
193
193
191
195
202
193
193
190
192
195
187
183
190
184
195
202
184
190
199
186
202
179
180
182
185
188
189
188
187
194
186
182
184
188
191
199
209
197
196
188
187
193
189
188
200
197
196
197
193
201
207
196
197
177
174
173
176
180
181
181
180
191
185
187
195
196
181
165
157
188
201
195
187
193
194
186
187
197
190
194
198
196
201
206
203
174
189
180
177
196
185
186
181
179
198
181
181
186
162
29
113
198
202
193
190
182
201
203
123
58
155
212
191
202
200
210
205
182
187
179
185
183
179
201
180
202
180
191
198
189
170
34
123
203
193
199
205
185
195
207
141
44
150
205
193
202
202
201
208
180
181
175
188
180
191
194
133
93
94
129
177
200
176
44
121
162
124
128
177
210
187
168
147
175
187
193
204
198
173
145
157
186
189
183
185
187
199
131
52
45
68
32
79
178
167
28
60
34
32
34
86
199
174
78
35
68
143
210
192
92
52
26
23
187
191
190
181
191
187
65
53
184
202
108
50
140
165
30
65
163
172
106
19
133
222
182
122
16
172
230
116
39
136
181
164
183
185
188
181
188
164
37
124
183
201
178
45
92
169
43
123
200
211
177
35
84
204
211
132
30
179
192
61
57
170
183
166
185
186
185
185
186
158
34
146
186
178
200
60
95
183
37
121
201
193
196
69
88
190
207
139
31
180
194
46
22
45
20
38
176
182
175
185
192
176
45
123
206
184
189
56
89
161
31
125
204
194
186
50
89
198
206
142
27
182
195
41
77
173
170
155
182
179
190
183
190
165
82
47
189
209
134
17
127
168
37
111
198
217
117
15
128
200
208
141
26
174
205
106
44
187
233
204
186
188
192
194
201
188
118
45
65
62
51
61
174
162
17
28
77
60
43
73
173
182
197
155
21
169
216
155
49
75
108
142
169
178
182
192
192
195
185
135
87
78
103
159
209
176
103
100
89
81
106
161
208
192
208
131
35
167
205
214
149
91
47
47
181
183
185
189
179
179
198
199
182
182
197
201
188
184
192
201
194
203
201
207
205
179
195
109
33
174
190
206
203
192
188
194
187
187
188
185
189
187
179
192
195
193
201
183
177
195
194
189
191
192
175
194
178
82
60
30
65
196
200
197
197
189
190
190
167
183
190
177
187
196
183
192
185
175
187
181
189
198
176
178
191
200
182
206
206
111
79
91
176
219
191
190
204
197
193
195
173
190
191
182
175
177
187
193
187
176
187
185
183
186
181
191
187
204
186
182
199
189
193
209
196
200
196
200
198
190
188
199
181
180
174
195
186
173
197
189
184
177
183
185
182
194
199
183
181
192
195
191
195
197
194
191
198
193
208
202
194
202
196
192
182
178
177
190
175
191
177
189
196
175
198
187
195
189
193
201
186
188
190
189
191
201
200
188
188
202
203
199
206
207
199
200
180
194
181
181
194
185
201
189
180
182
174
132
173
196
189
178
193
181
188
199
189
178
186
197
192
197
204
204
200
200
201
197
171
182
173
179
174
90
157
192
190
191
116
35
126
188
193
197
186
194
194
194
200
197
189
189
194
189
198
204
199
202
208
200
176
173
181
199
147
33
126
207
186
190
93
21
153
205
187
191
195
203
182
174
201
204
189
196
200
198
198
201
204
205
203
198
182
180
190
189
108
41
103
144
131
189
128
45
137
152
142
163
181
190
194
199
190
156
146
172
185
208
206
199
208
202
190
198
168
172
174
155
61
2
42
44
72
164
126
9
43
38
31
20
122
182
212
155
70
38
35
23
120
183
205
197
207
202
195
214
171
178
184
197
145
52
137
167
164
197
124
13
87
144
150
76
48
178
204
96
58
133
170
131
45
138
195
197
201
203
204
217
