102
104
94
83
80
81
80
78
79
80
78
83
107
136
156
168
171
161
144
124
109
114
129
129
113
100
97
99
105
114
108
112
104
95
85
82
83
83
82
81
80
83
95
108
118
130
146
159
164
157
141
133
127
106
84
77
76
76
78
83
117
106
101
108
104
97
99
102
101
101
101
103
101
90
82
85
99
118
135
151
161
166
155
125
114
124
125
113
99
92
122
101
98
123
134
124
120
126
131
132
128
124
113
88
69
67
73
79
89
107
128
149
150
132
145
180
189
172
150
137
119
103
102
133
152
145
137
139
136
128
120
118
117
100
81
76
76
72
71
74
83
101
107
101
125
169
188
183
174
171
119
113
113
133
154
160
157
152
133
107
95
102
114
109
91
85
88
86
76
67
67
77
82
77
86
111
131
137
142
152
120
119
118
124
143
160
167
167
149
114
94
105
118
112
93
83
88
88
76
66
71
84
88
79
71
72
81
88
95
106
113
112
109
107
114
130
146
162
160
127
100
105
116
108
91
81
80
78
69
64
71
88
97
89
74
69
71
74
78
83
98
92
87
81
79
85
101
125
134
110
83
82
90
87
81
79
78
75
70
66
66
78
91
89
83
85
85
81
80
85
84
76
69
64
60
59
66
84
93
77
59
58
64
69
74
81
83
80
78
75
67
68
78
84
88
97
101
94
82
84
80
75
73
69
65
62
64
73
77
67
58
61
70
79
84
87
88
86
87
88
80
72
75
84
91
100
109
102
82
80
89
88
89
90
88
84
84
87
88
85
80
85
98
106
106
102
97
96
101
104
101
95
93
98
106
113
115
106
90
88
96
98
101
105
103
92
86
87
91
93
93
98
110
118
120
114
102
102
109
112
114
115
111
110
118
120
113
106
102
102
99
102
109
113
105
88
78
81
88
92
92
94
101
111
120
115
103
103
111
114
114
114
108
104
105
103
96
97
101
105
109
114
124
129
124
111
104
106
112
113
111
108
107
114
125
124
117
118
128
130
124
117
111
106
100
94
91
95
99
103
114
122
134
141
139
133
129
129
131
131
131
127
121
122
128
132
131
131
139
143
138
135
138
138
130
121
119
125
124
117
103
109
120
121
114
107
105
105
105
107
112
113
115
115
115
122
124
113
112
118
119
129
147
158
160
156
153
157
150
131
95
93
94
89
79
73
72
73
74
76
79
88
104
112
110
121
125
100
82
83
87
94
111
130
145
151
148
143
133
119
103
94
82
74
72
70
68
70
73
72
67
75
98
114
117
133
139
109
82
80
78
74
77
89
103
113
114
110
103
99
112
102
81
74
79
80
74
74
82
80
69
69
84
98
106
119
124
103
87
89
90
81
72
69
72
79
87
96
103
101
121
111
89
79
80
80
77
80
87
82
71
69
74
80
81
82
82
76
74
87
101
95
74
62
59
61
69
90
116
123
140
131
113
100
93
89
92
101
106
93
81
80
81
79
71
64
62
61
63
79
98
91
67
53
53
55
57
73
104
126
140
138
130
122
119
115
113
123
126
112
101
99
95
91
85
77
74
72
68
74
84
75
57
49
53
54
51
54
73
93
111
118
125
125
123
120
116
117
119
115
110
107
102
98
97
96
95
91
84
79
74
62
54
53
56
55
52
51
55
60
90
102
131
140
127
116
108
102
104
109
106
105
107
101
98
106
107
103
102
93
75
61
60
64
64
60
57
55
53
50
89
99
138
166
162
144
129
117
112
114
114
114
120
110
100
109
114
113
117
108
87
73
74
81
86
82
72
64
61
57
96
98
118
149
167
165
156
146
129
122
125
128
128
113
98
102
108
111
112
108
100
97
95
101
116
117
101
93
94
93
98
99
99
107
119
130
138
138
125
115
117
120
114
101
93
94
95
96
95
94
103
118
116
112
126
132
122
120
130
135
95
99
100
93
88
91
102
110
108
103
98
96
94
90
91
93
91
91
91
88
93
111
112
100
106
113
107
107
120
129
91
95
99
96
88
84
89
98
104
101
90
81
82
85
85
87
89
92
96
92
85
86
86
83
89
90
82
80
86
91
