100
116
146
175
186
179
160
134
101
82
87
95
96
96
96
96
96
96
96
95
96
97
97
97
98
98
98
98
98
98
102
121
153
179
187
176
157
131
99
82
87
95
96
96
95
95
96
96
96
96
97
97
97
97
97
98
98
98
98
98
103
125
158
182
187
176
156
129
97
82
88
95
96
96
95
96
96
96
96
97
97
97
96
96
97
97
97
97
97
98
103
127
160
181
186
176
155
126
95
82
88
95
96
95
95
96
96
96
96
96
96
96
96
96
96
96
97
97
97
97
105
129
159
179
185
175
154
124
93
82
88
95
96
95
95
95
96
96
96
96
96
96
96
96
96
96
96
97
97
97
107
131
159
178
183
173
152
122
92
81
88
95
95
95
95
95
96
96
96
96
96
96
95
95
96
96
96
96
97
97
109
133
159
175
180
171
150
119
89
80
88
94
95
95
95
96
96
96
96
96
96
96
95
95
96
96
96
96
96
97
112
137
160
173
178
169
147
115
87
80
88
94
94
94
95
96
96
97
97
96
96
96
96
96
96
95
95
96
96
97
114
140
162
176
179
169
146
114
87
81
88
94
94
94
95
96
96
97
97
96
96
96
96
96
96
95
95
96
97
97
115
142
166
181
183
169
145
114
87
81
89
94
95
94
95
95
96
96
96
96
96
96
97
96
96
95
95
96
97
97
117
144
169
184
183
167
143
113
87
81
89
94
95
95
95
95
96
96
96
96
96
97
97
96
96
96
96
96
96
96
119
147
172
185
181
163
140
110
85
81
90
94
95
95
95
95
96
96
97
96
96
97
97
96
95
95
95
95
95
95
121
150
174
185
178
160
137
107
84
82
90
94
94
95
95
95
95
96
97
97
96
96
96
96
95
95
95
94
95
95
122
152
175
185
178
159
134
104
84
84
91
94
94
95
95
95
96
96
97
97
96
96
96
95
95
95
95
94
95
95
123
153
176
185
178
157
131
101
83
85
92
94
94
94
95
96
96
97
98
97
96
95
95
95
94
95
95
95
95
95
127
157
178
185
177
155
127
99
83
86
92
94
94
94
95
96
96
97
97
96
96
95
94
94
94
95
95
95
95
96
131
160
179
184
175
153
125
97
83
86
93
94
94
95
95
96
97
96
96
96
95
94
94
94
95
95
95
95
95
96
132
161
179
184
175
153
125
97
83
87
93
94
94
95
95
96
97
96
96
96
95
95
95
95
95
95
95
95
96
96
133
163
181
187
177
156
128
98
84
87
93
94
94
95
96
96
97
97
96
96
96
96
96
96
96
96
96
96
96
96
138
167
184
189
181
160
131
100
85
89
95
97
98
99
99
99
99
99
99
98
98
98
98
98
97
97
97
97
98
97
142
170
185
190
183
163
134
103
89
96
107
113
114
115
115
115
115
115
115
113
111
111
111
110
108
108
110
111
112
111
143
169
184
191
186
166
138
109
99
112
131
142
144
144
145
145
144
145
145
143
140
140
141
138
136
137
139
141
142
143
145
169
184
193
188
168
140
115
112
130
152
165
168
169
171
172
170
170
171
170
170
169
169
166
165
166
168
168
170
173
149
172
188
194
187
166
137
117
122
142
164
178
182
184
187
188
186
185
186
186
186
185
183
182
182
182
182
181
184
186
152
176
191
195
184
162
132
117
127
150
171
184
188
189
190
190
189
189
189
189
188
188
186
186
185
184
183
183
186
185
156
181
194
194
182
157
128
114
127
150
167
176
179
179
177
176
177
178
177
176
176
177
176
176
175
174
174
174
175
172
163
187
196
193
177
151
121
107
117
134
145
152
155
154
151
151
152
153
152
151
150
152
152
151
151
152
154
155
155
151
168
190
196
189
169
141
111
96
100
108
116
122
125
125
123
123
123
123
123
122
122
122
123
122
123
125
128
129
128
126
170
190
193
183
161
129
100
88
90
93
98
104
106
106
106
106
106
106
105
105
105
105
104
104
104
105
107
107
106
105
170
187
188
176
151
118
91
85
90
93
95
98
100
100
100
100
100
100
99
99
99
99
98
97
98
98
98
97
97
97
