121
82
-170
-211
29
112
-25
-58
40
32
-50
-38
-10
-31
-38
-76
-183
-107
276
452
30
-339
-234
-84
-51
-112
-98
-104
-103
129
141
158
-32
-119
-63
-47
-19
32
15
-16
27
67
0
-45
0
-7
-44
33
180
111
-155
-207
-71
-45
-18
-13
-58
-157
-113
173
138
142
18
-46
-47
-81
-22
49
-18
-25
112
152
35
-39
-48
-40
40
76
2
-91
-91
-44
-50
-35
44
66
23
-84
-51
127
110
16
-28
-6
-9
-8
10
-27
13
133
144
70
-1
-37
-71
-92
-16
44
-5
-80
-28
26
-68
-73
46
90
25
-74
7
125
101
-33
-50
-14
-68
29
85
-37
109
269
9
-190
-44
52
-57
-95
-8
35
23
-11
-8
17
-25
-45
23
53
-16
-101
-3
136
40
-4
14
-5
-92
-4
67
90
230
160
-241
-392
-9
195
-47
-92
54
36
9
46
12
-23
16
26
0
-42
-39
-46
-10
101
-1
0
28
35
-4
-71
15
331
242
-172
-333
-281
14
164
-24
-55
46
19
12
60
37
-20
28
91
26
-109
-99
-16
33
60
27
3
-23
30
61
-13
185
418
-67
-435
-196
-60
-11
45
59
58
59
38
18
18
24
5
66
153
82
-96
-150
-68
30
23
13
0
-14
18
47
230
489
89
-545
-340
-11
-33
-3
25
76
112
128
91
19
-6
-8
1
88
139
88
-31
-133
-109
6
26
-33
-33
-3
-19
15
490
596
-387
-744
-59
77
-97
17
47
4
49
108
63
8
5
6
9
42
56
69
38
-75
-81
64
109
-45
-52
-41
-111
-10
573
427
-632
-613
91
80
-62
24
29
-9
9
25
-15
-20
-2
7
24
25
16
37
43
-12
-13
102
155
-21
-21
-12
-73
11
370
99
-553
-346
68
29
37
86
21
-1
-1
-14
-38
-24
-17
-35
0
40
14
-29
-39
-6
33
53
75
-4
-27
58
166
120
7
-227
-287
-51
-14
-78
76
185
76
-43
-42
12
5
2
-18
-44
-16
5
-19
-60
-87
-41
10
0
-31
-25
-102
79
369
154
-290
-368
-87
109
-8
-77
67
193
102
-104
-90
50
36
-5
-11
5
15
-26
-42
-17
-29
-32
-27
-26
-66
-89
-139
176
424
-24
-435
-286
-48
72
81
57
63
131
91
-96
-91
13
-16
-55
-11
60
57
1
-13
10
16
15
-12
-43
-38
-187
-135
419
483
-269
-479
-153
-85
-29
98
103
49
124
138
37
-9
-58
-89
-50
18
55
34
25
24
-36
-43
22
34
-2
-5
-243
-116
628
519
-411
-452
-139
-123
-25
32
8
5
92
156
164
65
-62
-73
26
72
2
-25
9
2
-80
-101
-35
67
132
17
-274
-21
736
366
-468
-302
-177
-165
56
16
-58
-35
11
94
137
31
-12
54
103
28
-106
-50
6
-66
-57
-41
-81
46
219
48
-378
135
800
111
-474
-108
-128
-201
-2
22
13
10
15
64
70
-15
17
159
130
-96
-239
-74
30
-80
-41
25
-44
-3
164
111
-377
244
643
-103
-355
8
-36
-167
-132
-33
71
62
28
73
116
27
2
117
75
-157
-229
-41
44
-39
-45
11
-2
-33
85
168
-98
285
236
-256
-175
38
-8
-77
-93
-56
4
26
17
67
139
77
-28
12
44
-124
-149
45
62
-12
4
-4
-22
-23
38
120
269
387
-132
-352
-25
41
-57
-22
30
-25
-67
-13
49
54
76
66
-42
-3
85
-86
-143
90
102
-18
29
10
-5
21
-10
10
503
523
-412
-437
152
116
-61
-13
41
-16
-23
-15
-14
36
83
20
-40
96
87
-121
-69
152
71
-83
-9
18
26
70
32
-36
509
518
-613
-530
247
208
61
36
17
-3
47
-3
-110
-22
46
-83
-56
214
113
-131
64
228
1
-136
-34
-46
-66
92
148
-12
355
520
-531
-613
144
185
98
97
113
68
16
-6
-52
-75
-90
-176
-87
211
157
-37
124
225
32
-70
-26
-113
-163
53
170
34
195
647
-133
-644
-74
86
-35
80
207
119
-53
-50
22
-47
-78
-116
-78
94
101
33
95
131
88
39
-8
-75
-106
8
140
113
8
646
315
-557
-284
30
-98
61
217
104
-94
-125
-22
-15
-22
-45
-5
65
38
0
6
11
34
35
-8
-7
4
24
118
176
-185
447
543
-375
-360
101
17
60
168
62
-89
-128
-55
-52
-92
-58
80
139
25
-62
-55
-53
-78
-87
-65
-31
1
16
41
136
-251
252
637
-151
-440
107
171
32
56
8
-26
-24
-21
-68
-94
-17
102
150
64
-18
-37
-61
-107
-128
-105
-104
-97
-84
-77
-6
-225
132
747
134
-587
-181
137
19
8
-7
32
39
-40
-27
47
62
28
60
140
125
61
4
-38
-63
-67
-72
-72
-87
-115
-124
