-31
2
122
255
239
86
1
42
82
84
116
182
198
165
212
334
427
537
652
524
158
-17
124
246
235
258
290
204
101
143
-157
-94
0
97
113
15
-53
2
27
-48
-51
65
164
193
170
155
270
439
368
59
-101
21
175
255
338
447
554
627
667
659
14
-68
-128
-102
-29
51
82
41
0
33
112
166
187
199
180
114
50
8
-56
-127
-105
0
30
-19
-30
2
55
136
231
255
10
-62
-174
-206
-201
-170
-96
-99
-103
53
164
60
-79
-125
-127
-136
-180
-226
-201
-126
-74
-46
-24
-31
-56
-62
-89
-158
-185
-153
-41
-27
14
16
-56
-109
-71
-3
87
163
53
-238
-402
-310
-205
-185
-136
-91
-97
-75
-38
-55
-43
35
65
11
-40
-39
-49
-80
-108
-154
-102
-31
26
22
-67
-26
132
68
-181
-342
-345
-259
-211
-218
-202
-184
-191
-170
-130
-133
-144
-110
-92
-156
-223
-192
-134
-145
-239
-230
-264
-281
-210
-185
-215
-67
28
-228
-403
-223
-86
-180
-236
-169
-156
-199
-206
-210
-211
-180
-154
-111
-38
-15
-75
-136
-121
-108
-333
-311
-325
-364
-375
-277
-19
90
-227
-543
-494
-316
-257
-307
-287
-158
-45
30
62
30
-24
-43
-6
51
96
142
164
122
52
-1
-189
-228
-208
-172
-187
-56
233
99
-391
-458
-227
-193
-217
-179
-202
-260
-250
-203
-181
-172
-174
-191
-210
-259
-312
-287
-227
-209
-204
-172
215
175
133
71
17
114
192
-43
-228
-79
59
49
29
33
6
-71
-164
-259
-320
-329
-302
-263
-282
-362
-411
-386
-319
-251
-170
-61
497
506
491
423
360
321
157
-22
49
181
196
244
306
291
287
311
281
215
170
144
111
88
105
128
105
53
54
117
142
117
171
217
292
427
549
406
39
-31
244
356
267
267
366
435
439
413
394
398
416
423
399
356
330
320
275
179
102
91
63
-41
-148
-183
-194
-20
206
95
-227
-217
69
170
70
2
41
126
135
78
82
147
198
216
230
248
223
165
146
163
157
110
62
7
59
-2
-45
5
16
-136
-252
-203
-129
-64
43
103
63
12
-32
-84
-98
-94
-121
-139
-97
-35
-10
-6
33
117
190
209
194
188
-41
-81
22
124
-10
-181
-128
-56
-128
-141
-25
45
19
-3
38
97
73
-20
-95
-127
-114
-79
-35
17
34
22
41
84
97
114
-349
-403
-259
-59
-111
-229
-193
-169
-235
-306
-359
-397
-392
-330
-191
-35
0
-51
-44
22
33
-30
-73
-64
-90
-183
-254
-244
-170
-113
-209
-192
-108
-63
-117
-114
-109
-157
-125
-116
-224
-325
-406
-482
-476
-431
-396
-333
-248
-184
-194
-243
-275
-322
-362
-371
-415
-449
-356
-257
-26
21
140
50
-106
-16
91
59
66
122
148
143
103
36
-59
-165
-184
-70
49
18
-124
-208
-204
-228
-233
-141
-83
-116
-143
-124
108
113
214
113
8
106
242
287
186
78
129
250
339
380
378
371
373
393
406
340
225
152
148
182
189
179
224
245
168
157
397
502
353
83
93
230
302
383
388
311
263
252
228
209
266
361
386
309
199
149
213
329
380
401
431
423
406
397
365
354
272
487
270
-20
-3
70
56
93
217
310
268
176
153
155
115
93
88
30
4
56
105
155
208
232
278
320
302
301
296
212
-275
-21
-70
-244
-207
-127
-159
-190
-136
-75
-73
-91
-75
-58
-94
-146
-166
-137
-85
-58
-63
-62
-30
-20
-47
-50
-1
61
62
-12
-275
-159
-254
-445
-390
-218
-115
-79
-113
-154
-103
-43
-124
-222
-197
-184
-208
-136
-87
-147
-103
32
31
-75
-151
-178
-188
-170
-80
-10
129
14
-97
-200
-253
-238
-127
8
67
97
129
151
148
92
-28
-181
-276
-246
-151
-75
4
78
85
68
66
4
-142
-230
-182
-112
-137
-174
21
123
-10
-151
-248
-285
-187
-50
-42
-98
-40
21
-48
-124
-153
-217
-271
-209
-134
-151
-130
-16
60
63
45
-3
-68
-70
-407
-403
-73
192
76
-100
-235
-348
-369
-361
-387
-444
-472
-431
-322
-174
-76
-120
-239
-287
-321
-427
-486
-435
-384
-331
-218
-158
-168
-117
30
-162
-45
225
218
128
144
175
187
174
144
85
-6
-59
-80
-101
-55
33
60
12
-76
-179
-294
-403
-458
-443
-378
-312
-308
-318
307
107
19
159
272
357
527
610
548
470
463
524
579
562
476
414
440
511
545
518
483
461
400
275
151
55
-37
-114
-203
-310
9
-52
-65
113
144
-15
-25
18
-60
-148
-132
-26
57
92
160
261
298
260
276
386
483
515
539
594
637
620
541
420
291
138
-147
-180
-177
40
147
-129
-441
-531
-514
-489
-462
-447
-486
-499
-385
-266
-298
-424
-454
-345
-201
-70
40
119
179
266
402
545
633
630
