17558
-13196
19664
-16116
28958
10528
26271
31930
6935
6432
13204
-2514
30892
23681
10096
-2499
16365
-8416
29703
-725
23542
17693
18848
-15905
26343
25377
16588
27192
-2085
-4567
26548
17846
20959
9952
20061
13445
6542
21463
16365
30773
14615
11899
9208
12883
24943
14671
32175
15165
-9617
19339
-5947
20937
-3137
12148
25751
17401
-11012
24699
2629
25400
-5135
21394
-3420
947
-3219
18780
32767
-18345
31828
-1164
19289
6374
18982
11441
-16981
6492
12678
21772
-32698
13129
13032
27619
4788
17
32767
18750
-934
-4965
32767
25783
9099
8479
15721
5372
28678
-1917
32767
-5722
26893
6259
19281
-12972
19934
6258
10523
5561
-4215
32767
-14887
25455
10069
-6607
30406
-26476
25441
19908
15706
-4415
5312
10585
19349
32767
1429
-6795
12683
21933
6973
20928
-9485
10179
7474
25604
-12556
9328
10659
29064
-6576
11324
26574
-19273
32767
9128
32767
13223
32767
1530
32767
7536
12209
22558
6347
12423
29432
-16466
14727
26782
9901
5966
32767
-3654
29994
24653
-6937
23699
9555
32767
9898
-1661
32767
-5976
32767
-10656
12183
4668
23047
-20089
32767
3918
32767
8829
7231
-28194
32767
-7844
32767
18980
-6517
-10903
32767
3186
8638
27247
4487
11599
16503
20401
-1066
32767
22756
12708
27438
8346
8679
21085
9145
8025
9908
13760
27923
3694
-669
5899
16015
-9003
23734
19761
32767
2995
4174
32767
17006
16752
7588
-16131
23858
30926
14888
13990
7277
11238
-12544
32767
-416
22101
13643
20740
24755
-5116
32767
32767
21753
15910
31455
21261
16852
-26509
32767
-1717
6291
-20284
25741
5563
2285
-8372
21387
13130
102
-450
1507
26017
-12372
25124
12273
-11741
28561
7128
32767
14025
-219
27884
21501
15106
-14526
30539
15601
13947
-16253
15125
16076
20355
8860
32767
21726
25423
12778
13004
7307
32767
-5063
18091
23735
12183
32767
28372
6424
16999
-4845
-2620
-12980
29779
11203
32767
11472
9037
4961
32767
-8151
11005
23891
32767
13927
-21822
21693
12629
32767
18905
-14469
32767
-1878
32767
32767
5081
18848
26858
2203
17770
10733
28562
-6537
32365
11245
19598
-7621
-2640
-8105
32545
-4317
16464
-9690
11988
32767
4655
26279
8350
32767
19651
11507
23947
1633
32767
12649
19367
26424
11585
1757
23670
11018
18902
23442
10837
-747
32399
24743
25154
3278
30922
-19334
32767
-5732
20033
12454
25444
2044
7378
17774
19443
29260
-3934
24917
2462
32767
9147
15473
32767
4416
-7834
15085
-6849
18696
1935
31726
3431
-11616
-1562
1987
9311
10372
27062
10692
25401
-9996
11114
7475
12213
32767
-2814
32767
9598
3283
3784
28190
-6334
7772
-12597
26553
-8704
-2661
32767
2405
12282
32767
21292
14086
-3607
8717
6110
32767
-10690
17932
16585
-27785
29729
28567
-22505
32767
-7795
24851
-7675
-3508
17331
20764
24401
14874
27690
-5258
32767
2356
15384
32767
-23512
8872
16556
-15424
31283
1120
10680
22525
21035
-11509
32767
-17252
11910
15983
7565
2339
22116
16443
22748
-2250
32767
-17472
31138
-3027
28554
14774
-968
32767
5462
21624
-3083
9500
28589
-8478
15196
32253
-12058
16893
32767
-6349
14116
32134
15971
-8006
22764
-5043
25845
-7142
32767
-29726
32767
-21810
19477
29564
524
8205
-4244
9954
12068
9764
-7294
12270
5200
17449
5036
29950
-4832
29259
-3355
32767
6859
23644
14611
-1851
4709
17630
2369
907
32767
4704
18933
-872
26101
-831
32767
8786
-11788
-11
13921
16222
28719
23075
32767
18795
21354
-2308
24348
15413
497
17944
23857
20676
9033
4021
5236
32767
-13384
32767
-113
32767
1234
6319
21391
16015
-3127
32767
15664
21342
12007
10534
32767
32767
7400
20300
-9
-10007
-4393
29527
13672
26239
22420
6977
8132
-16002
19146
22172
-2183
11358
8337
-8850
32767
-7111
8210
25799
-21166
19452
7460
4382
11621
10009
-12562
29879
21400
-3862
25878
28621
5330
32767
-6817
-11808
22106
8634
31268
-24500
25654
3296
32767
13499
26076
7205
4828
32767
19659
5613
7336
26165
22331
6742
22311
27483
-10109
450
32078
18595
1316
24559
-24496
17853
10432
2411
32767
-12262
32767
-9446
32767
-22562
11346
10923
7469
11752
-1569
25072
8524
22295
-306
3984
18281
-21970
3652
12378
25187
3973
4113
32767
1299
21446
282
24932
18117
4612
14478
23507
22897
243
21157
-1006
32767
8383
12936
19675
16854
14645
-13207
28920
-2651
12291
32767
-10559
28693
889
32767
12732
-13095
30965
9375
32767
13684
12129
32767
25672
2763
797
650
32767
-3737
16354
3607
16110
-24335
29368
-15290
24332
12104
27573
-27898
19170
31313
20158
2490
-3638
25983
26996
-2683
16443
12799
17798
13786
17165
11525
5797
-806
20823
11510
32767
7317
15502
-223
32767
-5741
32767
14237
23624
6714
32767
-1907
12075
3946
32767
-10312
16301
-6779
18127
12147
32767
14446
32767
-9563
32767
-15895
32767
-22562
32767
-23046
32767
-12493
14729
10196
13750
32767
-10994
23409
13479
-32768
31933
24360
-14936
9431
-1598
-1937
20785
3964
32767
-29500
32767
12347
13956
8405
26168
-8071
32767
8904
17992
32479
13842
7643
21856
19243
-7419
28572
-23384
22629
24021
853
26796
23492
21177
-4143
32767
5122
32025
25974
32767
-4672
27596
15268
14199
17655
32767
10020
21974
13336
-16577
32767
-7180
22502
18662
-8166
27700
18816
20397
-215
6346
30641
11090
-8625
32215
-14284
12837
20137
22403
5162
1970
26197
31545
12802
19620
-17779
29591
8945
21735
-10324
28318
18186
7653
19608
15719
7413
2175
-32731
32767
-7558
21128
27950
16209
-2285
12558
32356
-6629
32767
-1826
21920
-1757
32767
-3905
22948
4585
7604
32767
10128
15102
297
-211
22907
-10128
18300
-19304
25195
30712
10255
24231
16136
19880
32767
-2552
3165
1135
3857
-1106
18738
-4935
13182
