2910
-19812
-14847
-32768
-8446
-1218
-20136
4614
-798
-2496
-9686
-29425
-28287
21172
4336
-6318
2345
-21236
-8374
-22893
-24680
4428
11225
-32768
-20366
16405
-1832
315
-22135
-8167
-15086
-10710
-13759
-11185
-15214
8331
215
-23094
-12427
-18971
3801
-14259
-12525
-18507
-32768
-9974
6922
17973
-24994
-32768
7947
13194
-12951
-22598
22548
22577
-32768
-32768
-158
27604
-18030
-8565
3823
-30520
-13152
-7974
32016
-2889
-22781
-4644
-18312
-25072
1699
7880
-25251
-32768
-463
19846
-23987
-20365
19829
13221
-3665
-32768
21387
13637
-23515
-32768
-9663
11623
18215
22557
-3752
-25217
-8182
-13284
20760
-11347
-23631
-11547
-3405
-5362
-13379
-10263
-5792
12718
-14732
-2659
-17038
-8249
14214
-12763
4240
2822
-15022
67
5614
1432
-16640
-10950
-19190
27582
11901
-32768
-29284
24634
-7864
-21381
-20703
-16586
4662
13005
-15496
-28701
-519
32767
614
-32768
-2942
-15705
-3596
-13944
-12801
-15168
1577
-24564
-17039
4821
4458
-11794
-19048
-32768
-18300
-10632
21947
11580
-15043
-32768
14660
6250
-8003
-8117
-25245
-18784
9890
1050
-9381
-18545
2787
3747
-9548
-12315
-27398
-15502
11660
-32768
-12764
8163
-2309
-6193
20993
-32768
-29098
-9
-1430
25653
-27313
-32768
9233
22000
-21672
-2177
-27153
-25165
-15516
9796
-13320
1046
5901
-32768
-16974
-19458
-18336
2600
186
-7377
3955
-11006
5186
-9163
1093
-11402
31353
-10522
-27740
-32768
61
10862
-21731
-24287
15691
-1689
-12008
-32768
-17349
27269
1779
-19370
-21915
-867
-14813
-8729
-106
-27207
-25096
-13887
32767
-17777
-13524
9250
-16296
-11503
8187
-5726
17306
-32768
-27884
6618
16
-28538
-4868
14583
-8358
-11571
7147
3691
-30565
-15319
-6503
19195
2204
1358
25444
-22991
-16369
-9500
-12558
-15538
-32768
317
-21173
26417
-24683
-25874
-1881
-2085
-19008
-25804
504
32767
-6585
-28422
-20862
10199
17264
-26535
-32768
-17
4086
-5163
14562
7004
-21980
1913
-6322
-8070
-19417
-29446
-22506
-259
-8321
9264
3217
-28610
-28773
10303
15801
-32768
-5021
4660
22753
-32768
-20617
-762
4419
-4821
-32768
-15637
-21282
-16306
23565
-2702
-32768
-15185
-22635
-32768
-7081
15606
-2124
-672
-14359
5210
-13573
-5310
-12384
18957
-5983
8661
-14295
-30434
-7219
7581
-534
-11240
-15464
2029
-9093
-10179
-32768
-7492
-7503
-32768
-734
8154
-32768
-16841
-10583
-14031
10752
2138
-16554
-27015
-17523
-13044
-13918
8557
-15664
11895
21188
-16554
-19100
-16533
-5823
-12896
9903
342
-2859
-20319
-23331
-13507
-4810
-8458
-22621
-10860
-2868
-32548
-16923
-3835
-1190
7875
504
20923
-27200
-32768
-23194
5343
3216
22912
-13285
-13378
-21452
-24382
1592
-3179
26844
-15061
-13965
-4986
-32768
-20623
9097
17851
-7587
-30527
-4376
6506
-29258
12853
3465
-32768
-17780
3237
-22483
-23788
-5077
-417
16674
-5402
-29409
24855
-28512
-24208
32514
-14283
-15070
-844
8713
-7630
-25501
-10585
14397
-17264
-22754
17688
-18291
2011
16024
-12648
10375
-32768
6949
-3911
-32768
-3691
8567
-16156
-17724
2957
-32768
18225
-811
-17419
-10216
-19207
-14605
2123
16867
7367
-28134
22803
-21925
-27958
8658
-5709
2891
-32768
31
21594
-22175
-26602
2709
-2084
-6278
-17183
23588
-23286
-32662
8506
10982
-32768
-13071
11951
-32768
-32768
3085
8320
-2985
10583
2275
-14832
-32768
-32768
32122
27708
-26900
-21077
-26504
-10240
12245
-389
10233
4382
-5115
646
-15828
-18946
6319
-2624
-20004
7941
-15752
-16355
-32768
-22868
15833
622
-32639
20165
18544
-9690
-32768
-3638
-22353
-15721
22568
-4722
-15994
-18614
-6436
21129
-3125
13447
5594
-12865
-32768
-31966
23810
5978
-2698
9873
-8582
-32768
-32768
-11244
20336
-13212
-9764
-13547
-4549
10561
-24796
-6556
-7965
-32768
-12715
9868
1380
-8863
-30315
-9294
-2276
459
-13885
-24420
-21075
-11258
21597
-11638
-10657
-1364
2645
1969
-32768
-24774
14881
-904
-12363
7287
-32768
8738
8379
-1478
-1481
-19761
-27279
2163
-7069
-4978
5107
-25944
-17748
16217
-27430
-13945
9379
-13564
-15621
-8249
-32768
572
7859
10671
-14299
5085
-3464
-31157
1476
-9497
6917
-32768
1711
21963
-6951
-32768
6856
6331
-29677
-30007
16493
2384
-28962
-28603
20697
3135
6545
-32768
-24329
-9549
-22530
19575
-6776
-11496
-20713
23879
-7395
-32768
-213
3821
-18137
2215
-9070
-14054
-25496
-2654
7089
2805
-22885
-17202
-1514
7904
-28503
-32768
-7314
9795
-12945
-12146
1872
9433
-266
-24367
-29146
-8268
-5052
-1403
-32768
-3992
10585
-32768
-12252
3080
21991
-31817
-13499
-7744
-31432
16339
9358
-6168
-20217
13007
-6134
-23041
-11131
-20103
763
-2059
-19627
-16574
-3280
-15798
-32768
-11330
17787
8639
-32768
-5106
-1120
-28556
2833
151
-24523
5824
32767
-32606
-32768
16188
18519
-7379
-32768
-30137
-99
2217
-1993
1525
-4467
-18929
-17877
-13506
-15573
-32768
3173
6771
3776
-21163
-31363
-15758
208
3724
3902
-5786
-12836
-30401
4599
5384
-5277
-32768
-10145
311
-22989
-10194
-8907
-32768
-754
-804
11233
-32768
-11271
-19226
-6792
-8226
21804
-6657
-12854
-22632
-15902
-374
-6675
1838
-21441
-20368
23677
-32768
-20480
26812
-11214
-22972
-11194
-20682
8124
23736
9497
-27360
-12857
5822
-28054
-16208
12841
-15569
-11634
-3855
-32768
-2418
5800
-14771
-22078
619
-20853
-3858
-6169
-24546
9619
-3472
8012
-11564
-10560
-32768
10724
-1316
6710
-11123
-143
5774
3613
-5975
-17956
-31086
12930
-3247
-546
-26135
-32768
-4224
17587
-32768
14874
-27103
-32768
-8795
-4920
5490
-8530
4956
20187
-32768
-25068
15149
-10457
11128
1757
-24754
20110
-26167
1341
-14745
-18898
-23096
-499
11299
1784
-32768
-15481
27718
-24023
-27556
-8456
-6180
9240
-27198
-11008
9762
-13134
15660
4406
-32768
-27064
14699
7913
-47
-2192
-22205
-20081
-16704
-262
-25163
-23625
-29826
15940
5832
-22131
-20213
-4762
19740
-19382
10379
-17140
-28893
18839
635
-9564
-13686
-9418
15927
-32768
-32768
7728
2724
-18313
1096
5122
1728
