209
241
76
17
164
129
111
200
238
190
75
51
61
242
19
103
43
23
105
30
125
129
169
58
196
194
210
191
64
241
101
131
251
241
222
242
106
82
81
19
227
96
216
80
91
32
21
246
126
172
213
10
234
32
137
162
173
67
32
73
208
196
184
53
127
167
238
23
204
81
144
205
64
182
116
131
203
99
97
57
114
104
158
166
177
102
117
92
205
37
126
234
61
126
48
82
237
219
124
254
165
74
110
107
253
200
148
192
142
157
175
199
104
42
186
220
28
15
44
237
47
42
246
250
56
5
20
220
84
127
138
96
95
111
25
78
238
74
213
142
165
67
110
165
43
43
21
122
5
67
142
111
165
65
147
214
221
103
222
147
5
4
57
216
241
25
150
60
239
175
101
37
136
89
122
12
79
170
71
221
7
38
59
17
154
33
124
137
123
147
71
136
153
150
58
241
150
90
18
222
144
72
34
110
69
181
12
18
45
220
191
6
212
104
253
186
168
119
229
45
125
111
203
197
164
206
221
1
75
9
237
239
135
4
240
114
178
163
56
133
139
159
67
158
223
99
218
80
118
130
210
36
194
168
206
144
12
202
253
56
222
79
69
182
144
37
113
202
160
243
183
49
27
212
204
253
231
141
146
129
77
110
79
151
133
80
236
223
43
168
2
81
243
155
241
70
149
233
125
83
187
204
136
8
149
229
145
91
77
207
101
217
195
141
77
24
253
187
158
239
148
92
206
147
89
143
238
34
144
1
98
25
64
85
105
89
116
78
19
52
51
100
31
124
224
106
235
255
201
69
11
140
153
94
24
194
145
133
53
193
5
38
82
253
213
145
52
146
244
194
5
103
29
61
237
214
92
227
129
59
71
118
19
60
119
56
157
220
147
81
68
159
206
110
88
98
209
51
190
184
193
228
128
215
76
156
241
153
240
200
74
115
98
156
87
244
148
126
11
58
40
92
12
186
19
171
152
94
147
198
206
87
213
253
223
223
110
234
162
139
181
236
171
156
103
93
248
173
134
201
198
220
146
73
16
112
2
217
140
194
147
78
31
150
210
164
253
132
208
82
236
254
138
197
159
2
75
73
26
85
220
22
118
218
103
23
18
57
136
208
131
153
9
71
174
57
239
165
190
212
14
6
143
59
170
6
104
201
12
187
231
2
205
123
237
142
96
49
64
49
176
8
35
243
43
42
155
31
104
17
211
73
70
177
162
163
6
242
88
62
227
190
244
93
103
121
122
239
17
147
157
112
49
242
41
175
84
147
89
49
8
150
126
231
78
242
29
88
240
178
201
89
147
189
208
95
89
114
133
133
124
96
242
91
114
181
199
124
177
220
22
41
63
105
12
230
111
207
22
17
95
213
153
58
41
14
86
106
27
25
104
148
154
154
128
41
246
138
146
232
243
124
46
33
122
92
9
191
214
208
55
204
31
0
119
121
69
66
36
146
108
121
112
210
244
224
10
55
73
101
239
251
204
167
77
39
239
66
251
63
179
202
199
155
247
119
178
127
218
212
112
192
199
14
198
166
109
14
79
53
237
166
36
81
193
241
20
59
105
131
50
205
0
151
98
168
213
23
74
167
87
74
246
66
169
99
93
188
113
227
254
85
95
7
20
175
58
109
56
246
159
82
173
125
211
7
120
236
114
79
242
195
63
80
91
90
219
199
76
41
196
111
172
43
150
196
21
158
93
245
9
200
47
100
98
145
55
165
253
15
74
120
13
123
69
40
96
204
242
240
189
63
103
121
167
100
139
131
247
192
106
62
156
232
59
197
202
33
107
107
110
115
233
6
4
233
92
186
34
190
169
157
187
105
245
117
213
236
157
238
173
77
33
91
227
83
121
70
79
3
177
34
69
87
248
95
69
76
247
181
40
25
156
71
142
123
94
204
252
115
161
137
120
73
201
166
187
174
92
5
205
144
156
194
245
37
198
191
245
103
189
65
181
153
131
247
217
30
222
162
223
91
219
6
193
20
239
47
245
54
98
239
91
163
69
66
167
4
102
230
12
71
86
48
93
136
234
21
207
125
154
171
113
109
215
171
221
204
20
201
194
158
167
44
9
199
47
86
140
119
232
103
231
32
172
152
253
209
51
75
192
57
220
224
189
100
221
176
236
152
45
236
139
106
228
173
175
4
83
130
53
180
208
55
43
111
142
195
224
128
24
235
159
192
225
94
122
20
140
197
250
13
157
238
135
143
60
24
106
25
173
28
122
240
209
43
54
168
56
218
134
186
162
238
84
207
130
234
133
21
231
148
22
98
31
97
36
191
77
115
216
172
100
159
171
228
24
12
103
34
3
55
49
107
