150
175
185
179
156
126
108
108
124
154
180
190
190
191
192
191
179
145
111
103
113
114
125
163
163
131
146
189
204
205
176
179
180
183
184
175
164
165
177
186
188
187
189
192
193
191
189
181
167
163
172
179
180
189
188
178
184
199
201
202
180
179
178
182
189
189
187
188
190
188
185
185
189
193
194
191
187
188
190
189
191
194
196
196
197
198
201
203
202
201
179
182
182
184
187
187
185
187
187
186
185
187
191
194
195
193
190
188
190
189
188
190
193
194
196
199
198
200
204
204
181
185
185
185
186
184
183
185
187
188
190
192
193
195
196
194
192
191
192
192
191
191
192
194
198
199
194
196
201
202
181
183
183
184
185
186
185
185
186
188
190
192
193
197
199
196
193
191
192
193
190
190
191
193
197
197
193
194
198
197
179
180
182
184
185
185
186
187
186
186
189
190
189
190
193
195
194
191
190
191
190
189
192
194
195
195
195
197
200
199
178
178
180
184
185
184
184
187
188
186
188
188
172
154
163
186
196
193
190
191
193
188
175
170
182
194
197
199
202
203
181
180
181
185
186
185
184
187
188
187
188
184
148
106
129
180
198
196
192
190
195
185
144
121
155
192
198
199
202
205
182
182
183
185
187
186
175
167
167
174
185
185
141
90
117
170
182
183
190
192
194
181
138
115
151
191
199
198
195
192
182
182
183
185
186
169
134
113
112
127
157
178
143
88
98
126
125
131
161
187
182
153
126
129
162
191
192
173
150
136
186
184
185
188
176
132
92
91
96
89
110
153
136
78
71
91
88
83
111
163
173
132
94
102
154
190
167
122
102
96
188
187
185
186
158
101
91
134
148
109
89
124
126
78
82
126
135
100
81
130
178
159
100
84
145
180
129
90
112
135
186
186
185
182
142
92
113
169
185
144
93
108
122
89
111
172
187
141
85
110
178
185
123
91
146
163
97
72
112
137
184
184
185
181
138
93
124
175
188
156
99
104
119
93
121
181
196
158
97
106
172
187
128
94
146
154
84
61
90
101
181
182
185
183
145
95
117
173
188
148
93
104
118
89
119
181
193
147
90
110
175
188
129
94
146
158
92
78
123
145
183
185
188
187
156
101
94
139
155
114
83
115
122
80
97
151
157
110
80
123
181
187
130
92
145
172
116
91
138
176
184
188
192
192
172
126
91
93
98
87
101
146
137
80
72
98
99
85
102
153
188
185
130
92
144
187
150
103
103
122
181
186
190
191
185
165
133
110
105
118
150
177
162
122
108
110
110
121
153
183
193
180
124
91
143
194
184
146
115
104
183
185
187
186
186
187
179
166
163
173
184
188
183
175
171
169
169
176
189
187
170
145
99
89
148
194
199
187
168
157
185
186
185
186
186
188
190
190
189
191
188
186
189
190
190
192
192
191
194
174
129
94
78
108
168
196
198
197
194
191
184
186
184
185
186
187
189
187
185
186
185
186
189
185
185
191
192
190
193
179
137
109
117
155
191
198
196
197
195
193
183
186
184
182
183
187
189
185
181
183
185
186
188
186
186
190
193
191
192
190
177
169
177
190
199
199
198
197
195
193
181
183
185
183
182
187
189
185
182
184
186
187
190
192
189
188
191
191
191
194
196
195
195
195
198
201
201
199
198
196
181
182
184
185
185
188
189
186
183
182
180
184
191
192
190
188
188
190
192
192
194
194
192
193
198
202
202
202
202
200
183
181
182
179
173
180
188
186
179
159
144
162
186
191
189
188
188
190
193
192
190
190
192
193
197
201
202
202
202
201
179
180
180
157
133
154
184
189
172
123
95
135
181
192
191
191
191
191
192
195
193
191
192
194
195
199
202
202
203
203
178
183
177
132
93
123
169
181
165
109
78
126
174
182
184
190
193
190
189
193
189
184
187
194
198
200
202
203
203
201
178
182
164
106
65
88
123
144
154
113
74
100
129
131
141
166
187
191
180
161
142
134
146
171
194
201
202
204
202
198
176
178
156
96
56
72
98
124
148
112
60
67
88
85
87
122
172
186
151
109
94
93
97
125
169
195
201
203
202
201
