0
12
36
52
60
61
55
42
22
14
18
29
47
52
44
37
31
30
34
27
9
0
0
17
51
48
8
0
6
0
0
0
0
0
6
15
0
0
0
0
5
30
42
48
48
38
18
10
14
17
19
17
11
11
17
14
2
2
14
17
11
8
0
0
13
36
60
65
51
60
92
88
48
35
49
78
122
130
102
73
43
13
0
0
0
0
0
9
19
20
12
8
8
2
0
0
0
0
0
0
0
0
0
4
12
0
0
0
0
19
41
54
58
45
15
0
0
0
6
17
19
15
5
1
0
0
13
36
60
65
51
60
92
88
48
35
49
78
122
130
102
73
43
13
0
0
0
0
0
9
19
20
12
8
8
2
0
0
0
0
0
0
0
0
0
4
12
0
0
0
0
19
41
54
58
45
15
0
0
0
6
17
19
15
5
1
12
14
18
9
0
0
0
0
0
0
18
21
0
0
0
0
29
89
171
182
122
71
29
1
0
0
13
15
0
0
6
14
18
10
0
0
10
27
41
30
0
0
0
7
29
36
28
17
3
0
0
0
7
5
0
0
11
21
23
19
9
1
12
14
18
9
0
0
0
0
0
0
18
21
0
0
0
0
29
89
171
182
122
71
29
1
0
0
13
15
0
0
6
14
18
10
0
0
10
27
41
30
0
0
0
7
29
36
28
17
3
0
0
0
7
5
0
0
11
21
23
19
9
1
0
0
9
18
22
24
24
26
30
34
38
38
34
18
0
0
15
4
0
0
31
59
49
37
23
16
16
18
22
22
18
22
34
35
25
14
2
0
0
0
7
20
20
8
0
0
0
0
5
11
9
7
5
10
22
24
16
9
3
5
15
15
0
0
9
18
22
24
24
26
30
34
38
38
34
18
0
0
15
4
0
0
31
59
49
37
23
16
16
18
22
22
18
22
34
35
25
14
2
0
0
0
7
20
20
8
0
0
0
0
5
11
9
7
5
10
22
24
16
9
3
5
15
15
74
69
39
26
30
39
53
51
33
18
6
1
3
0
0
0
0
9
27
40
48
54
58
56
48
36
20
20
36
40
32
17
0
0
23
45
63
60
36
22
18
26
46
60
68
52
12
0
0
0
0
0
16
20
12
5
0
0
0
0
0
0
74
69
39
26
30
39
53
51
33
18
6
1
3
0
0
0
0
9
27
40
48
54
58
56
48
36
20
20
36
40
32
17
0
0
23
45
63
60
36
22
18
26
46
60
68
52
12
0
0
0
0
0
16
20
12
5
0
0
0
0
0
0
0
0
24
26
0
0
0
0
0
0
0
5
15
31
53
35
0
0
0
0
0
11
33
40
32
36
52
55
45
43
49
52
52
43
25
6
0
0
0
2
30
39
29
16
0
18
70
91
81
61
31
16
16
15
13
13
15
11
1
0
0
0
0
0
24
26
0
0
0
0
0
0
0
5
15
31
53
35
0
0
0
0
0
11
33
40
32
36
52
55
45
43
49
52
52
43
25
6
0
0
0
2
30
39
29
16
0
18
70
91
81
61
31
16
16
15
13
13
15
11
1
0
0
0
0
0
0
0
22
41
35
24
8
0
0
0
0
5
15
14
2
1
11
24
40
41
27
28
44
48
40
36
36
43
57
70
82
86
82
69
47
39
45
34
6
0
10
29
55
59
41
33
35
34
30
32
40
39
29
17
3
0
2
8
16
16
0
0
0
0
22
41
35
24
8
0
0
0
0
5
15
14
2
1
11
24
40
41
27
28
44
48
40
36
36
43
57
70
82
86
82
69
47
39
45
34
6
0
10
29
55
59
41
33
35
34
30
32
40
39
29
17
3
0
2
8
16
16
0
0
0
0
26
30
10
0
0
0
0
0
0
0
0
9
27
37
39
39
37
46
66
66
46
10
0
0
0
0
0
0
11
18
14
22
42
50
46
44
44
46
50
51
49
41
27
21
23
31
45
48
40
35
33
29
23
17
11
8
8
8
0
0
0
0
26
30
10
0
0
0
0
0
0
0
0
9
27
37
39
39
37
46
66
66
46
10
0
0
0
0
0
0
11
18
14
22
42
50
46
44
44
46
50
51
49
41
27
21
23
31
45
48
40
35
33
29
23
17
11
8
8
8
0
0
40
38
0
0
0
16
32
30
10
2
6
6
2
10
30
27
1
3
33
57
75
71
45
11
0
0
0
0
18
51
57
51
33
18
6
3
9
24
48
45
15
5
15
22
26
24
16
8
0
9
35
47
45
41
35
28
20
6
0
0
0
0
40
38
0
0
0
16
32
30
10
2
6
6
2
10
30
27
1
3
33
57
75
71
45
11
0
0
0
0
18
51
57
51
33
18
6
3
9
24
48
45
15
5
15
22
26
24
16
8
0
9
35
47
45
41
35
28
20
6
0
0
0
0
0
0
0
0
0
0
0
0
0
0
0
0
0
6
18
21
15
15
21
27
33
46
66
52
4
0
0
0
8
26
38
30
2
0
0
0
0
0
0
14
18
9
0
0
6
25
43
71
109
110
74
59
65
67
65
58
46
40
40
37
0
0
0
0
0
0
0
0
0
0
0
0
0
0
0
6
18
21
15
15
21
27
33
46
66
52
4
0
0
0
8
26
38
30
2
0
0
0
0
0
0
14
18
9
0
0
6
25
43
71
109
110
74
59
65
67
65
58
46
40
40
37
31
15
0
0
0
0
0
0
0
0
0
0
0
0
0
0
0
0
0
6
2
2
6
1
0
0
16
33
43
59
81
85
71
69
79
49
0
0
0
0
0
0
12
26
30
39
53
55
45
46
58
71
85
96
104
104
96
70
26
17
43
40
31
15
0
0
0
0
0
0
0
0
0
0
0
0
0
0
0
0
0
6
2
2
6
1
0
0
16
33
43
59
81
85
71
69
79
49
0
0
0
0
0
0
12
26
30
39
53
55
45
46
58
71
85
96
104
104
96
70
26
17
43
40
17
17
3
5
23
10
0
0
0
0
0
0
0
0
0
0
0
0
0
0
0
0
0
5
15
49
107
141
151
120
48
14
18
31
53
56
40
30
26
31
45
35
1
0
29
38
26
16
8
11
25
37
47
39
13
0
0
0
0
0
0
0
17
17
3
5
23
10
0
0
0
0
0
0
0
0
0
0
0
0
0
0
0
0
0
5
15
49
107
141
151
120
48
14
18
31
53
56
40
30
26
31
45
35
1
0
29
38
26
16
8
11
25
37
47
39
13
0
0
0
0
0
0
0
0
0
0
0
0
0
19
5
0
0
5
37
47
5
0
0
0
0
0
0
0
0
0
0
0
0
0
31
69
72
40
18
6
0
0
24
96
118
90
41
0
0
11
35
33
11
0
0
0
0
0
0
0
0
0
6
0
0
6
0
0
0
0
0
0
0
0
0
19
5
0
0
5
37
47
5
0
0
0
0
0
0
0
0
0
0
0
0
0
31
69
72
40
18
6
0
0
24
96
118
90
41
0
0
11
35
33
11
0
0
0
0
0
0
0
0
0
6
0
0
6
0
0
0
0
0
0
0
0
0
0
0
0
0
0
0
0
5
47
42
0
0
0
0
0
0
0
0
0
0
7
25
11
0
0
0
0
0
0
20
76
85
47
8
0
0
5
19
9
0
0
0
0
0
0
0
24
41
35
36
44
64
96
93
55
33
0
0
0
0
0
0
0
0
0
0
0
0
0
5
47
42
0
0
0
0
0
0
0
0
0
0
7
25
11
0
0
0
0
0
0
20
76
85
47
8
0
0
5
19
9
0
0
0
0
0
0
0
24
41
35
36
44
64
96
93
55
33
10
3
0
0
0
0
0
0
0
0
0
0
0
0
4
13
0
0
10
0
0
0
0
55
117
134
106
79
53
21
0
0
0
0
0
0
0
0
0
0
0
0
0
0
0
0
0
0
54
78
50
30
18
20
36
55
77
68
28
20
44
42
10
3
0
0
0
0
0
0
0
0
0
0
0
0
4
13
0
0
10
0
0
0
0
55
117
134
106
79
53
21
0
0
0
0
0
0
0
0
0
0
0
0
0
0
0
0
0
0
54
78
50
30
18
20
36
55
77
68
28
20
44
42
0
0
0
0
0
0
0
0
1
9
0
0
0
0
0
0
0
0
0
0
0
0
0
0
0
0
0
0
5
4
0
0
4
3
0
2
54
73
59
49
43
0
0
0
0
0
0
10
94
102
34
0
0
0
7
18
30
54
90
101
87
67
0
0
0
0
0
0
0
0
1
9
0
0
0
0
0
0
0
0
0
0
0
0
0
0
0
0
0
0
5
4
0
0
4
3
0
2
54
73
59
49
43
0
0
0
0
0
0
10
94
102
34
0
0
0
7
18
30
54
90
101
87
67
0
0
0
0
0
0
0
0
0
0
0
0
0
0
0
0
0
0
0
0
0
0
0
0
0
0
0
0
0
18
70
97
99
89
67
47
29
13
0
0
0
0
0
0
0
0
21
18
0
0
33
41
19
6
2
5
15
31
53
71
85
85
0
0
0
0
0
0
0
0
0
0
0
0
0
0
0
0
0
0
0
0
0
0
0
0
0
0
0
0
0
18
70
97
99
89
67
47
29
13
0
0
0
0
0
0
0
0
21
18
0
0
33
41
19
6
2
5
15
31
53
71
85
85
0
0
0
0
0
0
0
0
0
0
6
5
0
0
0
0
0
0
0
0
0
0
0
0
0
0
0
0
11
32
40
14
0
0
0
0
0
0
0
0
0
0
0
14
50
84
116
102
42
14
18
15
5
0
0
0
0
0
0
0
0
19
0
0
0
0
0
0
0
0
0
0
6
5
0
0
0
0
0
0
0
0
0
0
0
0
0
0
0
0
11
32
40
14
0
0
0
0
0
0
0
0
0
0
0
14
50
84
116
102
42
14
18
15
5
0
0
0
0
0
0
0
0
19
4
2
6
7
5
0
0
0
0
0
0
0
0
0
0
0
0
0
0
0
0
0
0
2
22
17
0
0
0
0
0
0
0
0
0
0
0
0
0
0
0
6
18
10
0
0
0
0
0
0
0
0
0
0
0
0
0
0
0
0
0
19
4
2
6
7
5
0
0
0
0
0
0
0
0
0
0
0
0
0
0
0
0
0
0
2
22
17
0
0
0
0
0
0
0
0
0
0
0
0
0
0
0
6
18
10
0
0
0
0
0
0
0
0
0
0
0
0
0
0
0
0
0
19
9
10
0
0
0
0
11
10
0
0
0
0
0
0
0
0
0
0
13
20
20
6
0
0
0
0
0
32
40
33
11
0
0
5
79
101
71
35
0
0
23
74
142
133
47
0
0
0
0
0
0
0
0
0
0
3
9
39
93
109
87
57
9
10
0
0
0
0
11
10
0
0
0
0
0
0
0
0
0
0
13
20
20
6
0
0
0
0
0
32
40
33
11
0
0
5
79
101
71
35
0
0
23
74
142
133
47
0
0
0
0
0
0
0
0
0
0
3
9
39
93
109
87
57
0
0
0
0
0
0
0
0
0
0
0
0
0
0
0
0
0
0
0
0
0
0
0
0
8
9
3
0
0
0
0
0
0
0
0
0
0
0
46
69
55
26
0
0
71
84
36
31
69
71
37
15
5
0
0
9
67
89
75
48
8
0
0
0
0
0
0
0
0
0
0
0
0
0
0
0
0
0
0
0
0
0
0
0
0
0
8
9
3
0
0
0
0
0
0
0
0
0
0
0
46
69
55
26
0
0
71
84
36
31
69
71
37
15
5
0
0
9
67
89
75
48
8
0
0
0
0
0
0
0
0
0
0
0
0
0
0
0
0
0
0
0
0
0
0
0
0
0
0
0
12
15
0
0
0
0
0
0
5
0
0
0
0
0
0
0
0
0
0
0
0
0
0
0
0
0
0
0
0
0
0
0
0
0
0
0
0
0
0
0
0
0
0
0
0
0
0
0
0
0
0
0
0
0
0
0
0
0
0
0
0
0
12
15
0
0
0
0
0
0
5
0
0
0
0
0
0
0
0
0
0
0
0
0
0
0
0
0
0
0
0
0
0
0
0
0
0
0
15
12
0
0
12
13
0
0
1
1
0
0
0
0
0
0
5
11
17
13
0
0
0
0
0
0
0
0
0
0
0
0
0
0
0
0
0
0
0
0
0
0
8
0
0
0
0
0
0
0
8
0
0
0
0
0
0
0
0
0
0
0
15
12
0
0
12
13
0
0
1
1
0
0
0
0
0
0
5
11
17
13
0
0
0
0
0
0
0
0
0
0
0
0
0
0
0
0
0
0
0
0
0
0
8
0
0
0
0
0
0
0
8
0
0
0
0
0
0
0
0
0
0
0
0
0
0
21
47
42
6
0
0
0
0
1
3
0
0
0
0
6
10
16
24
32
40
39
29
9
0
0
0
0
0
0
11
42
30
13
0
0
0
0
0
0
0
0
0
0
0
0
0
0
0
0
0
0
0
0
0
0
0
0
0
0
0
0
0
21
47
42
6
0
0
0
0
1
3
0
0
0
0
6
10
16
24
32
40
39
29
9
0
0
0
0
0
0
11
42
30
13
0
0
0
0
0
0
0
0
0
0
0
0
0
0
0
0
0
0
0
0
0
0
0
0
0
0
0
0
5
6
2
0
0
0
16
18
6
2
6
9
11
6
0
0
15
21
15
5
0
0
0
0
0
0
0
0
0
0
3
25
59
48
0
0
0
0
45
47
5
0
0
0
0
0
0
0
8
10
0
0
0
0
0
0
0
0
0
3
0
0
5
6
2
0
0
0
16
18
6
2
6
9
11
6
0
0
15
21
15
5
0
0
0
0
0
0
0
0
0
0
3
25
59
48
0
0
0
0
45
47
5
0
0
0
0
0
0
0
8
10
0
0
0
0
0
0
0
0
0
3
0
2
6
4
0
0
0
0
0
2
6
0
0
0
0
3
1
0
0
0
0
0
11
9
0
0
0
0
0
0
0
35
113
141
119
76
12
0
0
0
0
0
37
82
54
44
52
32
0
0
0
0
0
0
0
0
0
0
0
0
0
0
0
2
6
4
0
0
0
0
0
2
6
0
0
0
0
3
1
0
0
0
0
0
11
9
0
0
0
0
0
0
0
35
113
141
119
76
12
0
0
0
0
0
37
82
54
44
52
32
0
0
0
0
0
0
0
0
0
0
0
0
0
0
6
0
0
0
21
29
15
0
0
0
18
22
2
0
0
0
0
0
0
0
10
17
19
7
0
0
0
0
0
0
0
5
39
59
65
60
44
27
9
0
0
0
0
0
0
0
0
0
10
5
0
0
0
0
0
0
0
0
19
36
28
10
6
0
0
0
21
29
15
0
0
0
18
22
2
0
0
0
0
0
0
0
10
17
19
7
0
0
0
0
0
0
0
5
39
59
65
60
44
27
9
0
0
0
0
0
0
0
0
0
10
5
0
0
0
0
0
0
0
0
19
36
28
10
0
6
2
0
0
0
8
18
14
6
0
4
36
34
0
0
0
5
7
5
0
0
0
0
9
28
12
0
0
0
0
0
0
0
0
0
22
39
37
43
57
47
13
0
0
0
0
0
0
0
5
0
0
0
0
0
0
0
0
0
0
0
0
6
2
0
0
0
8
18
14
6
0
4
36
34
0
0
0
5
7
5
0
0
0
0
9
28
12
0
0
0
0
0
0
0
0
0
22
39
37
43
57
47
13
0
0
0
0
0
0
0
5
0
0
0
0
0
0
0
0
0
0
0
40
45
31
0
0
0
0
0
6
10
0
7
37
43
25
14
10
10
14
14
10
3
0
0
3
7
5
17
43
48
32
0
0
0
0
0
0
2
22
23
5
0
0
0
0
14
34
40
32
25
19
17
19
11
0
0
0
0
0
0
0
0
40
45
31
0
0
0
0
0
6
10
0
7
37
43
25
14
10
10
14
14
10
3
0
0
3
7
5
17
43
48
32
0
0
0
0
0
0
2
22
23
5
0
0
0
0
14
34
40
32
25
19
17
19
11
0
0
0
0
0
0
0
0
64
58
14
0
0
0
0
0
0
8
16
2
0
0
11
30
26
19
9
12
28
22
0
0
0
0
0
27
81
109
111
83
25
0
0
0
0
0
0
0
0
0
20
36
44
35
9
0
0
0
0
0
15
39
45
27
0
0
0
0
0
0
64
58
14
0
0
0
0
0
0
8
16
2
0
0
11
30
26
19
9
12
28
22
0
0
0
0
0
27
81
109
111
83
25
0
0
0
0
0
0
0
0
0
20
36
44
35
9
0
0
0
0
0
15
39
45
27
0
0
0
0
0
0
0
0
5
24
24
23
21
17
11
20
44
33
0
0
0
0
0
0
0
0
0
6
18
23
21
30
50
44
12
0
0
0
34
56
48
28
0
0
10
11
0
0
0
0
0
0
0
0
0
0
0
0
0
0
0
0
1
7
0
0
0
0
0
0
5
24
24
23
21
17
11
20
44
33
0
0
0
0
0
0
0
0
0
6
18
23
21
30
50
44
12
0
0
0
34
56
48
28
0
0
10
11
0
0
0
0
0
0
0
0
0
0
0
0
0
0
0
0
1
7
0
0
0
0
0
0
0
0
0
16
24
35
49
65
83
80
56
39
29
13
0
0
0
0
0
0
0
5
0
0
0
0
0
0
0
0
0
0
0
2
6
6
2
8
24
29
23
14
2
0
0
0
0
0
0
0
0
0
0
0
0
0
0
0
1
9
