89
40
40
52
52
67
67
-2
-2
38
38
-9
-9
-52
-52
-49
-49
-54
-54
-63
-63
-36
-36
-5
-5
-56
-56
26
26
12
12
27
27
50
50
9
9
70
70
-51
-51
-34
-34
76
76
-58
-58
-46
-46
-37
-37
-21
-21
17
17
-38
-38
18
18
3
3
-8
91
63
63
68
68
57
57
4
4
20
20
7
7
-34
-34
-66
-66
-67
-67
-87
-87
-31
-31
16
16
-71
-71
28
28
0
0
18
18
62
62
0
0
58
58
-20
-20
-24
-24
53
53
-47
-47
-33
-33
-34
-34
-39
-39
14
14
-34
-34
25
25
-5
-5
-7
81
85
85
92
92
43
43
36
36
-20
-20
21
21
10
10
-94
-94
-97
-97
-117
-117
-21
-21
24
24
-61
-61
20
20
0
0
6
6
50
50
0
0
54
54
4
4
-16
-16
7
7
-5
-5
-11
-11
-30
-30
-69
-69
2
2
-14
-14
27
27
-15
-15
-5
76
98
98
93
93
36
36
52
52
-26
-26
17
17
28
28
-89
-89
-71
-71
-162
-162
-37
-37
21
21
-45
-45
7
7
6
6
2
2
34
34
10
10
59
59
-2
-2
-7
-7
-5
-5
12
12
-7
-7
-29
-29
-79
-79
-11
-11
5
5
29
29
-25
-25
-7
76
102
102
71
71
36
36
52
52
2
2
-5
-5
20
20
-51
-51
11
11
-222
-222
-79
-79
7
7
-23
-23
-11
-11
18
18
6
6
14
14
30
30
73
73
-38
-38
3
3
17
17
4
4
-21
-21
-31
-31
-69
-69
-25
-25
23
23
31
31
-35
-35
-13
69
111
111
62
62
36
36
54
54
18
18
-18
-18
2
2
-19
-19
28
28
-219
-219
-105
-105
-7
-7
-12
-12
-18
-18
22
22
14
14
-1
-1
34
34
73
73
-43
-43
8
8
16
16
3
3
-21
-21
-33
-33
-65
-65
-26
-26
28
28
29
29
-35
-35
-21
55
125
125
66
66
36
36
58
58
22
22
-22
-22
-26
-26
7
7
-20
-20
-153
-153
-115
-115
-21
-21
-12
-12
-14
-14
18
18
26
26
-11
-11
22
22
59
59
-17
-17
8
8
-8
-8
9
9
-7
-7
-35
-35
-67
-67
-14
-14
20
20
23
23
-25
-25
-31
58
117
117
70
70
43
43
51
51
18
18
-23
-23
-46
-46
25
25
-35
-35
-116
-116
-118
-118
-32
-32
-20
-20
-4
-4
12
12
21
21
-3
-3
25
25
40
40
-6
-6
18
18
-16
-16
-8
-8
-6
-6
-30
-30
-60
-60
-12
-12
13
13
16
16
-18
-18
-30
78
87
87
74
74
57
57
33
33
6
6
-21
-21
-58
-58
35
35
-17
-17
-108
-108
-114
-114
-40
-40
-36
-36
12
12
4
4
-1
-1
23
23
43
43
16
16
-10
-10
38
38
-8
-8
-48
-48
-18
-18
-18
-18
-44
-44
-20
-20
7
7
8
8
-14
-14
-18
85
92
92
58
58
67
67
28
28
0
0
-15
-15
-53
-53
11
11
-4
-4
-95
-95
-101
-101
-48
-48
-36
-36
15
15
3
3
-12
-12
27
27
42
42
7
7
2
2
43
43
-12
-12
-42
-42
-29
-29
-27
-27
-36
-36
-25
-25
5
5
-1
-1
-15
-15
-9
79
132
132
22
22
73
73
36
36
0
0
-5
-5
-31
-31
-47
-47
4
4
-77
-77
-79
-79
-56
-56
-20
-20
5
5
9
9
-12
-12
9
9
22
22
13
13
30
30
33
33
-28
-28
10
10
-39
-39
-57
-57
-36
-36
-27
-27
7
7
-11
-11
-21
-21
-3
73
144
144
26
26
73
73
32
32
0
0
0
0
-15
-15
-82
-82
13
13
-60
-60
-75
-75
-52
-52
-16
-16
0
0
19
19
-6
-6
-2
-2
1
1
19
19
30
30
34
34
-23
-23
27
27
-43
-43
-74
-74
-32
-32
-33
-33
1
1
-14
-14
-20
-20
-4
67
128
128
70
70
67
67
16
16
0
0
0
0
-5
-5
-94
-94
23
23
-44
-44
-89
-89
-36
-36
-24
-24
0
0
33
33
6
6
-6
-6
-21
-21
25
25
2
2
46
46
3
3
9
9
-41
-41
-78
-78
-24
-24
-43
-43
-13
-13
-10
-10
-12
-12
-12
64
119
119
106
106
54
54
-2
-2
10
10
-2
-2
2
2
-91
-91
29
29
-37
-37
-86
-86
-38
-38
-54
-54
4
4
49
49
21
21
-10
-10
-22
-22
26
26
-12
-12
54
54
15
15
-7
-7
-39
-39
-73
-73
-24
-24
-49
-49
-23
-23
-11
-11
-8
-8
-16
64
117
117
134
134
34
34
-22
-22
30
30
-6
-6
6
6
-73
-73
31
31
-39
-39
-66
-66
-58
-58
-106
-106
12
12
67
67
39
39
-14
-14
-2
-2
22
22
-12
-12
58
58
13
13
-21
-21
-37
-37
-59
-59
-32
-32
-51
-51
-29
-29
-17
-17
-8
-8
-16
67
140
140
122
122
36
36
-24
-24
30
30
-6
-6
6
6
-54
-54
19
19
-25
-25
-47
-47
-81
-81
-153
-153
11
11
106
106
51
51
-25
-25
2
2
23
23
0
0
45
45
17
17
-26
-26
-40
-40
-56
-56
-23
-23
-53
-53
-35
-35
-24
-24
-18
-18
-11
73
188
188
70
70
60
60
-8
-8
10
10
-2
-2
2
2
-34
-34
-7
-7
5
5
-29
-29
-107
-107
-195
-195
1
1
166
166
57
57
-43
-43
-10
-10
29
29
24
24
15
15
27
27
-22
-22
-48
-48
-64
-64
3
3
-55
-55
-41
-41
-32
-32
-38
-38
-1
72
213
213
48
48
72
72
0
0
0
0
0
0
0
0
-18
-18
-23
-23
23
23
-17
-17
-110
-110
-240
-240
-6
-6
208
208
66
66
-66
-66
-38
-38
43
43
53
53
2
2
21
21
-10
-10
-43
-43
-49
-49
-2
-2
-53
-53
-45
-45
-42
-42
-48
-48
1
64
215
215
56
56
72
72
0
0
0
0
0
0
0
0
-6
-6
-29
-29
29
29
-11
-11
-90
-90
-288
-288
-10
-10
232
232
78
78
-94
-94
-82
-82
65
65
87
87
6
6
-1
-1
10
10
-25
-25
-11
-11
-38
-38
-47
-47
-47
-47
-54
-54
-48
-48
-5
69
191
191
74
74
71
71
2
2
-10
-10
-12
-12
22
22
-6
-6
-24
-24
30
30
-6
-6
-87
-87
-300
-300
-7
-7
255
255
77
77
-103
-103
-139
-139
66
66
122
122
20
20
-10
-10
27
27
-21
-21
14
14
-49
-49
-40
-40
-52
-52
-82
-82
-35
-35
-24
87
141
141
102
102
69
69
6
6
-30
-30
-36
-36
66
66
-18
-18
-8
-8
26
26
-2
-2
-101
-101
-276
-276
3
3
277
277
63
63
-93
-93
-209
-209
46
46
158
158
44
44
-6
-6
41
41
-31
-31
26
26
-35
-35
-32
-32
-60
-60
-126
-126
-9
-9
-56
103
109
109
125
125
46
46
17
17
-39
-39
-64
-64
90
90
-10
-10
-15
-15
37
37
6
6
-103
-103
-235
-235
13
13
252
252
58
58
-77
-77
-252
-252
34
34
183
183
39
39
11
11
42
42
-40
-40
39
39
-23
-23
-41
-41
-68
-68
-144
-144
3
3
-71
117
95
95
143
143
2
2
35
35
-37
-37
-96
-96
94
94
18
18
-45
-45
63
63
18
18
-93
-93
-177
-177
23
23
180
180
62
62
-55
-55
-268
-268
30
30
197
197
5
5
41
41
30
30
-48
-48
53
53
-13
-13
-67
-67
-76
-76
-136
-136
1
1
-69
99
111
111
149
149
-7
-7
17
17
-9
-9
-107
-107
49
49
55
55
-46
-46
57
57
16
16
-87
-87
-122
-122
47
47
128
128
58
58
-47
-47
-240
-240
14
14
169
169
13
13
55
55
3
3
-70
-70
76
76
-2
-2
-68
-68
-86
-86
-126
-126
-12
-12
-60
49
157
157
143
143
19
19
-37
-37
45
45
-97
-97
-45
-45
101
101
-18
-18
19
19
0
0
-85
-85
-70
-70
85
85
96
96
46
46
-53
-53
-168
-168
-14
-14
99
99
63
63
53
53
-39
-39
-106
-106
108
108
10
10
-44
-44
-98
-98
-114
-114
-36
-36
-44
28
170
170
146
146
25
25
-77
-77
69
69
-70
-70
-71
-71
98
98
-2
-2
5
5
-17
-17
-90
-90
-19
-19
97
97
68
68
32
32
-39
-39
-104
-104
-47
-47
44
44
107
107
47
47
-67
-67
-128
-128
125
125
36
36
-35
-35
-100
-100
-92
-92
-67
-67
-39
36
150
150
158
158
11
11
-103
-103
63
63
-26
-26
-29
-29
46
46
2
2
15
15
-35
-35
-102
-102
31
31
83
83
44
44
16
16
-5
-5
-48
-48
-85
-85
4
4
145
145
37
37
-81
-81
-136
-136
127
127
76
76
-41
-41
-92
-92
-60
-60
-105
-105
-45
46
127
127
157
157
5
5
-119
-119
77
77
-14
-14
8
8
13
13
10
10
-5
-5
-17
-17
-77
-77
42
42
63
63
13
13
6
6
23
23
-40
-40
-92
-92
-31
-31
156
156
30
30
-70
-70
-102
-102
114
114
90
90
-36
-36
-77
-77
-64
-64
-112
-112
-62
58
101
101
143
143
7
7
-125
-125
111
111
-34
-34
40
40
-1
-1
22
22
-55
-55
37
37
-15
-15
14
14
37
37
-25
-25
2
2
45
45
-80
-80
-68
-68
-61
-61
140
140
26
26
-34
-34
-26
-26
86
86
78
78
-20
-20
-55
-55
-104
-104
-88
-88
-90
59
76
76
125
125
9
9
-93
-93
101
101
-29
-29
37
37
-13
-13
26
26
-76
-76
71
71
20
20
10
10
31
31
-52
-52
8
8
47
47
-74
-74
-63
-63
-79
-79
89
89
10
10
23
23
54
54
38
38
70
70
-7
-7
-38
-38
-106
-106
-83
-83
-117
49
52
52
103
103
11
11
-23
-23
47
47
1
1
-1
-1
-23
-23
22
22
-68
-68
85
85
28
28
30
30
45
45
-68
-68
24
24
29
29
-22
-22
-77
-77
-85
-85
3
3
-18
-18
101
101
138
138
-30
-30
66
66
3
3
-26
-26
-70
-70
-97
-97
-143
42
40
40
75
75
14
14
16
16
22
22
27
27
-34
-34
-39
-39
19
19
-33
-33
83
83
38
38
31
31
62
62
-50
-50
33
33
9
9
-5
-5
-91
-91
-86
-86
-56
-56
-19
-19
151
151
166
166
-45
-45
53
53
6
6
-15
-15
-41
-41
-97
-97
-163
38
40
40
41
41
18
18
24
24
26
26
49
49
-62
-62
-61
-61
17
17
29
29
65
65
50
50
13
13
82
82
2
2
35
35
-13
-13
-23
-23
-105
-105
-82
-82
-88
-88
7
7
173
173
138
138
-7
-7
31
31
2
2
-5
-5
-19
-19
-83
-83
-177
34
36
36
26
26
18
18
25
25
42
42
45
45
-69
-69
-69
-69
10
10
54
54
68
68
49
49
1
1
109
109
32
32
6
6
-29
-29
-14
-14
-107
-107
-89
-89
-95
-95
38
38
200
200
94
94
14
14
15
15
0
0
-25
-25
-8
-8
-52
-52
-161
30
28
28
30
30
14
14
19
19
70
70
15
15
-55
-55
-63
-63
-2
-2
42
42
92
92
35
35
-5
-5
143
143
40
40
-54
-54
-39
-39
22
22
-97
-97
-107
-107
-77
-77
74
74
232
232
34
34
18
18
5
5
0
0
-75
-75
-8
-8
-4
-4
-115
24
26
26
31
31
-3
-3
22
22
86
86
4
4
-54
-54
-56
-56
-9
-9
39
39
104
104
38
38
-23
-23
156
156
55
55
-87
-87
-76
-76
73
73
-90
-90
-116
-116
-62
-62
78
78
226
226
29
29
25
25
0
0
0
0
-108
-108
-22
-22
43
43
-77
16
30
30
29
29
-33
-33
34
34
90
90
12
12
-66
-66
-48
-48
-11
-11
45
45
104
104
58
58
-53
-53
148
148
77
77
-93
-93
-140
-140
139
139
-86
-86
-116
-116
-50
-50
50
50
182
182
79
79
35
35
0
0
0
0
-124
-124
-50
-50
89
89
-47
19
26
26
26
26
-39
-39
30
30
77
77
20
20
-61
-61
-41
-41
-5
-5
48
48
90
90
47
47
-31
-31
148
148
77
77
-104
-104
-135
-135
157
157
-105
-105
-99
-99
-10
-10
-7
-7
143
143
94
94
61
61
5
5
0
0
-129
-129
-37
-37
101
101
-51
33
14
14
22
22
-21
-21
10
10
47
47
28
28
-39
-39
-35
-35
9
9
48
48
62
62
5
5
43
43
156
156
55
55
-120
-120
-61
-61
127
127
-147
-147
-65
-65
58
58
-93
-93
109
109
74
74
103
103
15
15
0
0
-123
-123
17
17
79
79
-89
40
8
8
12
12
-9
-9
5
5
23
23
29
29
-19
-19
-28
-28
11
11
40
40
59
59
-12
-12
77
77
142
142
40
40
-138
-138
2
2
107
107
-138
-138
-55
-55
70
70
-99
-99
68
68
83
83
107
107
15
15
-5
-5
-91
-91
37
37
48
48
-109
40
8
8
-4
-4
-3
-3
15
15
5
5
23
23
-1
-1
-20
-20
1
1
24
24
81
81
-4
-4
71
71
106
106
32
32
-158
-158
54
54
97
97
-78
-78
-69
-69
26
26
-25
-25
20
20
121
121
73
73
5
5
-15
-15
-33
-33
23
23
8
8
-111
36
11
11
-15
-15
4
4
13
13
0
0
16
16
6
6
-12
-12
-5
-5
16
16
75
75
16
16
80
80
79
79
18
18
-168
-168
99
99
59
59
-43
-43
-50
-50
-28
-28
15
15
22
22
132
132
52
52
11
11
-23
-23
-6
-6
4
4
-14
-14
-111
28
17
17
-21
-21
12
12
-1
-1
8
8
8
8
2
2
-4
-4
-7
-7
16
16
41
41
48
48
104
104
61
61
-2
-2
-168
-168
137
137
-7
-7
-33
-33
2
2
-92
-92
21
21
74
74
116
116
44
44
33
33
-29
-29
-10
-10
-20
-20
-18
-18
-109
29
12
12
-16
-16
9
9
-5
-5
9
9
1
1
4
4
3
3
-5
-5
9
9
22
22
56
56
100
100
56
56
-11
-11
-155
-155
125
125
-20
-20
-19
-19
39
39
-120
-120
-1
-1
101
101
128
128
44
44
23
23
-14
-14
-20
-20
-41
-41
-34
-34
-91
39
-4
-4
0
0
-5
-5
1
1
3
3
-5
-5
12
12
9
9
1
1
-5
-5
18
18
40
40
68
68
64
64
-9
-9
-129
-129
63
63
20
20
-1
-1
61
61
-112
-112
-51
-51
103
103
168
168
52
52
-19
-19
22
22
-36
-36
-59
-59
-62
-62
-57
35
-3
-3
21
21
-30
-30
-3
-3
10
10
-7
-7
12
12
16
16
6
6
-8
-8
20
20
27
27
37
37
64
64
-20
-20
-79
-79
26
26
29
29
3
3
49
49
-79
-79
-72
-72
88
88
178
178
65
65
-29
-29
32
32
-49
-49
-65
-65
-67
-67
-32
17
15
15
47
47
-66
-66
-17
-17
30
30
-5
-5
4
4
24
24
10
10
0
0
28
28
17
17
7
7
56
56
-44
-44
-5
-5
14
14
7
7
-7
-7
3
3
-21
-21
-64
-64
56
56
158
158
83
83
-7
-7
16
16
-59
-59
-59
-59
-49
-49
-16
10
27
27
58
58
-86
-86
-16
-16
34
34
-2
-2
1
1
22
22
21
21
1
1
25
25
12
12
-8
-8
55
55
-58
-58
37
37
25
25
-32
-32
-9
-9
3
3
-13
-13
-58
-58
36
36
144
144
108
108
-10
-10
0
0
-59
-59
-62
-62
-20
-20
-17
14
33
33
54
54
-90
-90
0
0
22
22
2
2
3
3
10
10
39
39
-5
-5
11
11
12
12
-8
-8
61
61
-62
-62
47
47
59
59
-88
-88
-3
-3
49
49
-55
-55
-54
-54
28
28
136
136
140
140
-38
-38
-16
-16
-49
-49
-74
-74
20
20
-35
16
38
38
48
48
-93
-93
11
11
18
18
-4
-4
11
11
3
3
39
39
-9
-9
21
21
-7
-7
2
2
51
51
-50
-50
91
91
65
65
-148
-148
-24
-24
66
66
-17
-17
-66
-66
28
28
108
108
134
134
-26
-26
-31
-31
-47
-47
-70
-70
29
29
-26
16
42
42
40
40
-95
-95
17
17
22
22
-20
-20
25
25
1
1
21
21
-11
-11
55
55
-45
-45
22
22
25
25
-22
-22
169
169
43
43
-212
-212
-72
-72
54
54
101
101
-94
-94
36
36
60
60
90
90
26
26
-45
-45
-53
-53
-50
-50
7
7
10
10
38
38
51
51
-103
-103
12
12
38
38
-38
-38
34
34
-1
-1
11
11
-6
-6
73
73
-77
-77
36
36
6
6
-1
-1
225
225
35
35
-252
-252
-105
-105
42
42
144
144
-86
-86
38
38
42
42
57
57
39
39
-46
-46
-53
-53
-19
-19
-8
-8
14
-2
26
26
81
81
-117
-117
-4
-4
66
66
-58
-58
38
38
-3
-3
9
9
6
6
75
75
-103
-103
44
44
-6
-6
13
13
259
259
41
41
-268
-268
-123
-123
30
30
112
112
-42
-42
34
34
54
54
35
35
13
13
-34
-34
-47
-47
23
23
-16
-16
-14
1
18
18
89
89
-112
-112
-14
-14
74
74
-52
-52
22
22
2
2
9
9
9
9
59
59
-89
-89
40
40
-17
-17
18
18
241
241
77
77
-258
-258
-133
-133
31
31
79
79
-23
-23
35
35
60
60
27
27
-33
-33
-17
-17
-31
-31
39
39
-11
-11
-22
19
14
14
75
75
-88
-88
-18
-18
62
62
-20
-20
-14
-14
14
14
11
11
3
3
25
25
-35
-35
24
24
-27
-27
14
14
171
171
143
143
-222
-222
-135
-135
45
45
45
45
-29
-29
41
41
60
60
33
33
-99
-99
5
5
-5
-5
29
29
7
7
-10
40
5
5
33
33
-53
-53
-10
-10
50
50
11
11
-41
-41
18
18
14
14
-2
-2
3
3
-3
-3
15
15
-19
-19
4
4
87
87
172
172
-159
-159
-126
-126
43
43
17
17
-19
-19
54
54
56
56
33
33
-131
-131
7
7
7
7
20
20
15
15
-6
64
-9
-9
-37
-37
-7
-7
10
10
38
38
41
41
-59
-59
14
14
18
18
-6
-6
-7
-7
7
7
13
13
7
7
-12
-12
-11
-11
164
164
-69
-69
-106
-106
25
25
-5
-5
7
7
74
74
48
48
27
27
-129
-129
-11
-11
5
5
12
12
13
13
-10
92
-38
-38
-74
-74
16
16
25
25
36
36
38
38
-47
-47
10
10
15
15
0
0
-26
-26
17
17
12
12
47
47
-19
-19
-89
-89
122
122
4
4
-84
-84
11
11
-4
-4
24
24
71
71
32
32
25
25
-107
-107
-17
-17
-17
-17
10
10
9
9
-3
124
-82
-82
-78
-78
16
16
35
35
44
44
2
2
-5
-5
6
6
5
5
16
16
-54
-54
27
27
12
12
101
101
-17
-17
-147
-147
46
46
60
60
-60
-60
1
1
20
20
32
32
45
45
8
8
27
27
-65
-65
-11
-11
-59
-59
14
14
3
3
15
127
-85
-85
-80
-80
15
15
37
37
60
60
-39
-39
9
9
22
22
-13
-13
35
35
-62
-62
31
31
22
22
112
112
-26
-26
-150
-150
4
4
72
72
-38
-38
-13
-13
30
30
40
40
34
34
-11
-11
30
30
-41
-41
-14
-14
-69
-69
11
11
-4
-4
21
101
-47
-47
-80
-80
13
13
31
31
84
84
-85
-85
-5
-5
58
58
-39
-39
57
57
-50
-50
29
29
42
42
80
80
-46
-46
-98
-98
-4
-4
40
40
-18
-18
-31
-31
26
26
48
48
38
38
-25
-25
34
34
-35
-35
-26
-26
-47
-47
1
1
-12
-12
15
66
-16
-16
-65
-65
16
16
35
35
105
105
-120
-120
-17
-17
65
65
-48
-48
62
62
-35
-35
25
25
43
43
57
57
-61
-61
-57
-57
-1
-1
26
26
-10
-10
-32
-32
21
21
46
46
34
34
-25
-25
28
28
-23
-23
-41
-41
-31
-31
-6
-6
-9
-9
13
