75
75
62
62
48
48
32
32
35
35
25
25
25
25
39
39
52
52
65
65
83
83
92
92
89
89
108
108
100
100
100
100
94
94
77
77
77
77
62
62
70
70
77
77
58
58
75
75
86
86
95
95
101
101
96
96
107
107
101
101
101
101
75
75
62
62
48
48
32
32
35
35
25
25
25
25
39
39
52
52
65
65
83
83
92
92
89
89
108
108
100
100
100
100
94
94
77
77
77
77
62
62
70
70
77
77
58
58
75
75
86
86
95
95
101
101
96
96
107
107
101
101
101
101
80
80
56
56
30
30
21
21
8
8
18
18
11
11
3
3
30
30
58
58
91
91
95
95
88
88
102
102
98
98
98
98
98
98
87
87
87
87
74
74
70
70
73
73
77
77
73
73
73
73
80
80
101
101
102
102
103
103
96
96
101
101
80
80
56
56
30
30
21
21
8
8
18
18
11
11
3
3
30
30
58
58
91
91
95
95
88
88
102
102
98
98
98
98
98
98
87
87
87
87
74
74
70
70
73
73
77
77
73
73
73
73
80
80
101
101
102
102
103
103
96
96
101
101
77
77
51
51
36
36
27
27
14
14
10
10
14
14
10
10
18
18
5
5
68
68
93
93
93
93
96
96
101
101
95
95
93
93
92
92
82
82
62
62
76
76
74
74
67
67
67
67
74
74
82
82
98
98
106
106
98
98
90
90
100
100
77
77
51
51
36
36
27
27
14
14
10
10
14
14
10
10
18
18
5
5
68
68
93
93
93
93
96
96
101
101
95
95
93
93
92
92
82
82
62
62
76
76
74
74
67
67
67
67
74
74
82
82
98
98
106
106
98
98
90
90
100
100
80
80
47
47
30
30
21
21
6
6
0
0
6
6
16
16
11
11
22
22
52
52
82
82
89
89
92
92
95
95
91
91
83
83
87
87
83
83
70
70
71
71
69
69
74
74
71
71
71
71
80
80
97
97
99
99
95
95
90
90
95
95
80
80
47
47
30
30
21
21
6
6
0
0
6
6
16
16
11
11
22
22
52
52
82
82
89
89
92
92
95
95
91
91
83
83
87
87
83
83
70
70
71
71
69
69
74
74
71
71
71
71
80
80
97
97
99
99
95
95
90
90
95
95
59
59
41
41
22
22
6
6
0
0
0
0
5
5
21
21
11
11
13
13
39
39
67
67
78
78
89
89
84
84
84
84
87
87
78
78
65
65
64
64
67
67
55
55
56
56
73
73
79
79
82
82
91
91
97
97
96
96
95
95
98
98
59
59
41
41
22
22
6
6
0
0
0
0
5
5
21
21
11
11
13
13
39
39
67
67
78
78
89
89
84
84
84
84
87
87
78
78
65
65
64
64
67
67
55
55
56
56
73
73
79
79
82
82
91
91
97
97
96
96
95
95
98
98
68
68
30
30
29
29
10
10
0
0
0
0
0
0
5
5
24
24
22
22
39
39
56
56
71
71
74
74
74
74
71
71
74
74
74
74
71
71
67
67
56
56
49
49
58
58
49
49
60
60
78
78
87
87
94
94
92
92
96
96
102
102
68
68
30
30
29
29
10
10
0
0
0
0
0
0
5
5
24
24
22
22
39
39
56
56
71
71
74
74
74
74
71
71
74
74
74
74
71
71
67
67
56
56
49
49
58
58
49
49
60
60
78
78
87
87
94
94
92
92
96
96
102
102
71
71
41
41
18
18
2
2
0
0
0
0
0
0
0
0
25
25
18
18
27
27
51
51
58
58
65
65
65
65
55
55
52
52
54
54
62
62
55
55
58
58
45
45
41
41
41
41
51
51
71
71
76
76
88
88
93
93
95
95
97
97
71
71
41
41
18
18
2
2
0
0
0
0
0
0
0
0
25
25
18
18
27
27
51
51
58
58
65
65
65
65
55
55
52
52
54
54
62
62
55
55
58
58
45
45
41
41
41
41
51
51
71
71
76
76
88
88
93
93
95
95
97
97
74
74
45
45
8
8
2
2
10
10
0
0
2
2
0
0
16
16
8
8
18
18
32
32
49
49
82
82
78
78
59
59
47
47
51
51
49
49
44
44
47
47
32
32
29
29
36
36
45
45
58
58
67
67
80
80
88
88
93
93
95
95
74
74
45
45
8
8
2
2
10
10
0
0
2
2
0
0
16
16
8
8
18
18
32
32
49
49
82
82
78
78
59
59
47
47
51
51
49
49
44
44
47
47
32
32
29
29
36
36
45
45
58
58
67
67
80
80
88
88
93
93
95
95
82
82
29
29
18
18
0
0
0
0
0
0
0
0
0
0
6
6
11
11
6
6
11
11
41
41
95
95
96
96
47
47
32
32
45
45
49
49
41
41
32
32
32
32
24
24
29
29
42
42
59
59
55
55
69
69
80
80
89
89
101
101
82
82
29
29
18
18
0
0
0
0
0
0
0
0
0
0
6
6
11
11
6
6
11
11
41
41
95
95
96
96
47
47
32
32
45
45
49
49
41
41
32
32
32
32
24
24
29
29
42
42
59
59
55
55
69
69
80
80
89
89
101
101
87
87
33
33
18
18
0
0
0
0
0
0
0
0
0
0
0
0
8
8
0
0
2
2
22
22
100
100
103
103
42
42
21
21
48
48
74
74
55
55
29
29
27
27
30
30
25
25
29
29
27
27
41
41
52
52
64
64
79
79
91
91
87
87
33
33
18
18
0
0
0
0
0
0
0
0
0
0
0
0
8
8
0
0
2
2
22
22
100
100
103
103
42
42
21
21
48
48
74
74
55
55
29
29
27
27
30
30
25
25
29
29
27
27
41
41
52
52
64
64
79
79
91
91
77
77
48
48
19
19
2
2
0
0
10
10
22
22
0
0
6
6
6
6
0
0
0
0
27
27
93
93
91
91
19
19
5
5
27
27
88
88
79
79
35
35
21
21
22
22
10
10
19
19
11
11
18
18
25
25
41
41
78
78
77
77
77
77
48
48
19
19
2
2
0
0
10
10
22
22
0
0
6
6
6
6
0
0
0
0
27
27
93
93
91
91
19
19
5
5
27
27
88
88
79
79
35
35
21
21
22
22
10
10
19
19
11
11
18
18
25
25
41
41
78
78
77
77
71
71
49
49
11
11
16
16
5
5
14
14
42
42
18
18
10
10
25
25
6
6
0
0
22
22
59
59
52
52
16
16
0
0
11
11
80
80
73
73
22
22
25
25
11
11
5
5
18
18
3
3
5
5
25
25
45
45
78
78
78
78
71
71
49
49
11
11
16
16
5
5
14
14
42
42
18
18
10
10
25
25
6
6
0
0
22
22
59
59
52
52
16
16
0
0
11
11
80
80
73
73
22
22
25
25
11
11
5
5
18
18
3
3
5
5
25
25
45
45
78
78
78
78
96
96
51
51
16
16
8
8
24
24
6
6
29
29
52
52
21
21
22
22
22
22
24
24
45
45
56
56
30
30
10
10
0
0
14
14
47
47
54
54
38
38
16
16
3
3
18
18
49
49
18
18
14
14
22
22
48
48
75
75
87
87
96
96
51
51
16
16
8
8
24
24
6
6
29
29
52
52
21
21
22
22
22
22
24
24
45
45
56
56
30
30
10
10
0
0
14
14
47
47
54
54
38
38
16
16
3
3
18
18
49
49
18
18
14
14
22
22
48
48
75
75
87
87
95
95
60
60
19
19
18
18
47
47
32
32
33
33
35
35
30
30
29
29
24
24
35
35
62
62
48
48
29
29
21
21
19
19
16
16
21
21
47
47
51
51
10
10
2
2
24
24
59
59
27
27
3
3
14
14
36
36
47
47
78
78
95
95
60
60
19
19
18
18
47
47
32
32
33
33
35
35
30
30
29
29
24
24
35
35
62
62
48
48
29
29
21
21
19
19
16
16
21
21
47
47
51
51
10
10
2
2
24
24
59
59
27
27
3
3
14
14
36
36
47
47
78
78
91
91
69
69
35
35
33
33
65
65
33
33
44
44
30
30
32
32
25
25
45
45
29
29
25
25
25
25
19
19
30
30
30
30
16
16
41
41
55
55
74
74
41
41
35
35
39
39
36
36
18
18
0
0
3
3
14
14
45
45
64
64
91
91
69
69
35
35
33
33
65
65
33
33
44
44
30
30
32
32
25
25
45
45
29
29
25
25
25
25
19
19
30
30
30
30
16
16
41
41
55
55
74
74
41
41
35
35
39
39
36
36
18
18
0
0
3
3
14
14
45
45
64
64
95
95
85
85
62
62
59
59
56
56
51
51
47
47
52
52
59
59
54
54
70
70
47
47
39
39
29
29
16
16
35
35
27
27
22
22
21
21
42
42
64
64
74
74
82
82
47
47
2
2
18
18
2
2
0
0
5
5
18
18
44
44
95
95
85
85
62
62
59
59
56
56
51
51
47
47
52
52
59
59
54
54
70
70
47
47
39
39
29
29
16
16
35
35
27
27
22
22
21
21
42
42
64
64
74
74
82
82
47
47
2
2
18
18
2
2
0
0
5
5
18
18
44
44
102
102
92
92
86
86
81
81
74
74
67
67
52
52
71
71
89
89
85
85
70
70
56
56
42
42
41
41
18
18
11
11
2
2
8
8
16
16
44
44
64
64
90
90
85
85
39
39
8
8
5
5
0
0
0
0
0
0
2
2
21
21
102
102
92
92
86
86
81
81
74
74
67
67
52
52
71
71
89
89
85
85
70
70
56
56
42
42
41
41
18
18
11
11
2
2
8
8
16
16
44
44
64
64
90
90
85
85
39
39
8
8
5
5
0
0
0
0
0
0
2
2
21
21
104
104
98
98
90
90
87
87
83
83
62
62
62
62
74
74
89
89
91
91
82
82
56
56
49
49
51
51
11
11
0
0
21
21
32
32
22
22
45
45
74
74
91
91
68
68
6
6
5
5
0
0
0
0
0
0
25
25
27
27
22
22
104
104
98
98
90
90
87
87
83
83
62
62
62
62
74
74
89
89
91
91
82
82
56
56
49
49
51
51
11
11
0
0
21
21
32
32
22
22
45
45
74
74
91
91
68
68
6
6
5
5
0
0
0
0
0
0
25
25
27
27
22
22
104
104
96
96
89
89
101
101
91
91
68
68
64
64
82
82
93
93
96
96
84
84
58
58
41
41
58
58
22
22
0
0
24
24
67
67
24
24
45
45
74
74
85
85
76
76
36
36
10
10
0
0
0
0
0
0
33
33
49
49
21
21
104
104
96
96
89
89
101
101
91
91
68
68
64
64
82
82
93
93
96
96
84
84
58
58
41
41
58
58
22
22
0
0
24
24
67
67
24
24
45
45
74
74
85
85
76
76
36
36
10
10
0
0
0
0
0
0
33
33
49
49
21
21
100
100
98
98
93
93
96
96
96
96
88
88
80
80
87
87
95
95
91
91
79
79
67
67
71
71
51
51
11
11
0
0
32
32
38
38
10
10
52
52
64
64
41
41
75
75
52
52
36
36
5
5
0
0
0
0
30
30
19
19
2
2
100
100
98
98
93
93
96
96
96
96
88
88
80
80
87
87
95
95
91
91
79
79
67
67
71
71
51
51
11
11
0
0
32
32
38
38
10
10
52
52
64
64
41
41
75
75
52
52
36
36
5
5
0
0
0
0
30
30
19
19
2
2
100
100
98
98
101
101
101
101
96
96
97
97
92
92
90
90
94
94
95
95
91
91
68
68
68
68
51
51
29
29
22
22
64
64
44
44
21
21
33
33
52
52
51
51
48
48
49
49
14
14
0
0
0
0
5
5
6
6
2
2
5
5
100
100
98
98
101
101
101
101
96
96
97
97
92
92
90
90
94
94
95
95
91
91
68
68
68
68
51
51
29
29
22
22
64
64
44
44
21
21
33
33
52
52
51
51
48
48
49
49
14
14
0
0
0
0
5
5
6
6
2
2
5
5
103
103
98
98
104
104
100
100
102
102
99
99
98
98
98
98
98
98
100
100
96
96
90
90
74
74
45
45
32
32
35
35
77
77
38
38
48
48
55
55
48
48
79
79
73
73
48
48
21
21
11
11
0
0
8
8
11
11
19
19
24
24
103
103
98
98
104
104
100
100
102
102
99
99
98
98
98
98
98
98
100
100
96
96
90
90
74
74
45
45
32
32
35
35
77
77
38
38
48
48
55
55
48
48
79
79
73
73
48
48
21
21
11
11
0
0
8
8
11
11
19
19
24
24
98
98
101
101
99
99
102
102
101
101
101
101
103
103
99
99
96
96
95
95
98
98
94
94
86
86
73
73
56
56
58
58
87
87
79
79
69
69
67
67
49
49
76
76
95
95
69
69
22
22
8
8
18
18
8
8
19
19
36
36
55
55
98
98
101
101
99
99
102
102
101
101
101
101
103
103
99
99
96
96
95
95
98
98
94
94
86
86
73
73
56
56
58
58
87
87
79
79
69
69
67
67
49
49
76
76
95
95
69
69
22
22
8
8
18
18
8
8
19
19
36
36
55
55
105
105
99
99
84
84
105
105
111
111
101
101
102
102
102
102
95
95
92
92
91
91
83
83
80
80
82
82
69
69
83
83
75
75
73
73
74
74
77
77
82
82
80
80
95
95
85
85
48
48
25
25
24
24
22
22
38
38
52
52
62
62
105
105
99
99
84
84
105
105
111
111
101
101
102
102
102
102
95
95
92
92
91
91
83
83
80
80
82
82
69
69
83
83
75
75
73
73
74
74
77
77
82
82
80
80
95
95
85
85
48
48
25
25
24
24
22
22
38
38
52
52
62
62
106
106
97
97
84
84
107
107
105
105
101
101
100
100
99
99
98
98
86
86
88
88
87
87
84
84
86
86
70
70
86
86
73
73
54
54
83
83
83
83
65
65
84
84
97
97
91
91
58
58
19
19
32
32
38
38
49
49
69
69
59
59
106
106
97
97
84
84
107
107
105
105
101
101
100
100
99
99
98
98
86
86
88
88
87
87
84
84
86
86
70
70
86
86
73
73
54
54
83
83
83
83
65
65
84
84
97
97
91
91
58
58
19
19
32
32
38
38
49
49
69
69
59
59
106
106
95
95
86
86
110
110
105
105
99
99
106
106
98
98
98
98
95
95
98
98
80
80
96
96
88
88
85
85
87
87
35
35
27
27
88
88
112
112
100
100
60
60
87
87
77
77
68
68
51
51
38
38
51
51
65
65
75
75
76
76
106
106
95
95
86
86
110
110
105
105
99
99
106
106
98
98
98
98
95
95
98
98
80
80
96
96
88
88
85
85
87
87
35
35
27
27
88
88
112
112
100
100
60
60
87
87
77
77
68
68
51
51
38
38
51
51
65
65
75
75
76
76
106
106
101
101
77
77
108
108
111
111
91
91
108
108
98
98
99
99
97
97
94
94
75
75
104
104
92
92
95
95
90
90
21
21
10
10
79
79
112
112
106
106
82
82
87
87
79
79
64
64
58
58
58
58
65
65
76
76
65
65
70
70
106
106
101
101
77
77
108
108
111
111
91
91
108
108
98
98
99
99
97
97
94
94
75
75
104
104
92
92
95
95
90
90
21
21
10
10
79
79
112
112
106
106
82
82
87
87
79
79
64
64
58
58
58
58
65
65
76
76
65
65
70
70
104
104
101
101
84
84
103
103
108
108
94
94
95
95
103
103
98
98
95
95
95
95
93
93
95
95
91
91
99
99
96
96
62
62
18
18
69
69
103
103
90
90
83
83
91
91
80
80
65
65
56
56
89
89
85
85
83
83
77
77
73
73
104
104
101
101
84
84
103
103
108
108
94
94
95
95
103
103
98
98
95
95
95
95
93
93
95
95
91
91
99
99
96
96
62
62
18
18
69
69
103
103
90
90
83
83
91
91
80
80
65
65
56
56
89
89
85
85
83
83
77
77
73
73
91
91
95
95
113
113
109
109
104
104
96
96
82
82
99
99
96
96
91
91
93
93
96
96
93
93
90
90
85
85
90
90
105
105
65
65
71
71
95
95
91
91
95
95
90
90
69
69
58
58
52
52
84
84
89
89
88
88
86
86
83
83
91
91
95
95
113
113
109
109
104
104
96
96
82
82
99
99
96
96
91
91
93
93
96
96
93
93
90
90
85
85
90
90
105
105
65
65
71
71
95
95
91
91
95
95
90
90
69
69
58
58
52
52
84
84
89
89
88
88
86
86
83
83
71
71
97
97
117
117
113
113
103
103
91
91
95
95
91
91
90
90
90
90
84
84
101
101
93
93
90
90
58
58
62
62
106
106
104
104
82
82
94
94
95
95
87
87
78
78
70
70
71
71
64
64
75
75
77
77
97
97
93
93
93
93
71
71
97
97
117
117
113
113
103
103
91
91
95
95
91
91
90
90
90
90
84
84
101
101
93
93
90
90
58
58
62
62
106
106
104
104
82
82
94
94
95
95
87
87
78
78
70
70
71
71
64
64
75
75
77
77
97
97
93
93
93
93
84
84
91
91
111
111
108
108
101
101
77
77
104
104
107
107
88
88
101
101
84
84
95
95
88
88
75
75
59
59
73
73
91
91
93
93
87
87
89
89
99
99
93
93
80
80
70
70
78
78
69
69
77
77
85
85
94
94
95
95
99
99
84
84
91
91
111
111
108
108
101
101
77
77
104
104
107
107
88
88
101
101
84
84
95
95
88
88
75
75
59
59
73
73
91
91
93
93
87
87
89
89
99
99
93
93
80
80
70
70
78
78
69
69
77
77
85
85
94
94
95
95
99
99
