148
145
145
148
149
143
125
109
92
62
44
47
61
81
82
73
71
60
41
30
25
24
26
28
47
99
148
157
142
122
87
52
52
83
99
81
67
89
132
163
165
155
157
162
158
154
153
151
151
153
149
147
148
149
151
155
155
151
149
152
157
157
149
143
144
145
145
144
142
140
118
74
55
65
98
141
152
146
129
83
37
19
16
16
20
26
53
113
152
150
139
117
79
57
74
96
93
74
67
106
174
221
226
200
172
162
160
157
156
152
150
148
146
145
146
150
153
152
152
152
151
156
163
161
155
151
150
149
146
145
148
147
119
75
63
80
124
181
209
216
186
103
38
19
18
19
22
27
57
114
143
139
128
100
69
72
98
103
86
67
56
91
168
230
249
230
189
162
157
159
158
155
148
143
144
145
146
151
156
154
155
157
156
159
163
163
159
160
158
154
151
149
151
144
109
72
69
90
139
198
231
238
191
95
35
25
27
28
23
24
53
104
130
124
102
73
66
89
106
95
80
69
54
67
131
205
244
244
211
172
157
157
157
154
148
145
147
149
149
153
158
159
159
156
153
154
157
159
160
161
157
154
155
155
157
139
95
68
74
104
157
209
238
234
170
79
34
31
33
30
22
20
45
90
114
102
71
54
72
97
97
81
77
85
76
66
100
171
229
249
232
191
162
155
155
154
150
148
151
152
150
152
157
159
158
153
151
151
150
152
161
160
152
149
155
160
158
130
82
66
80
118
176
218
240
223
145
65
34
31
29
24
19
17
35
73
93
75
48
49
77
91
82
69
76
103
107
82
86
136
203
243
245
213
172
152
150
150
148
150
156
159
154
152
155
156
156
159
160
155
152
154
159
157
149
147
155
161
151
115
75
68
87
132
193
227
240
207
119
51
32
28
24
20
18
17
26
54
68
51
34
44
69
78
70
64
82
122
131
103
83
105
168
227
249
233
191
157
149
150
150
152
157
161
159
153
152
153
157
164
165
162
160
159
154
156
152
152
158
161
143
100
69
72
97
148
205
235
238
188
96
40
29
26
22
20
20
18
21
35
45
35
26
34
54
66
65
73
106
143
148
124
89
81
130
200
242
246
215
171
153
155
155
152
152
156
159
155
150
152
157
159
160
165
165
162
152
155
155
157
159
160
138
89
66
77
111
167
213
239
232
166
78
35
28
25
21
21
21
19
18
23
28
25
23
30
47
64
79
100
133
154
152
139
104
72
95
165
225
249
234
193
163
157
154
151
151
157
161
156
151
154
155
152
153
162
166
164
151
154
158
161
160
154
127
82
68
83
125
184
222
241
220
139
62
32
28
24
22
22
22
20
19
20
22
23
31
51
72
93
116
135
149
155
152
149
125
81
74
127
197
241
246
217
178
161
158
152
151
160
165
157
152
155
154
148
148
157
164
165
152
158
165
167
164
148
110
75
72
93
139
198
232
241
202
112
47
30
28
26
24
23
23
22
21
22
23
24
45
90
124
140
151
157
156
156
157
159
148
108
73
95
163
223
248
236
197
168
161
155
149
158
164
156
150
154
154
149
147
152
159
161
157
163
170
172
168
142
96
70
77
105
157
210
239
237
182
93
39
29
29
29
28
26
25
25
25
26
26
26
53
111
153
162
161
162
160
160
160
162
162
136
88
78
127
196
240
247
219
179
161
154
150
154
155
148
145
149
154
154
152
152
156
156
166
169
169
171
166
132
83
68
81
118
176
219
242
229
160
78
37
29
29
31
33
35
32
29
28
29
28
28
56
114
152
158
158
160
159
156
155
157
162
152
112
77
96
161
221
248
237
199
167
156
152
151
148
144
144
147
153
157
156
154
156
156
168
168
163
163
153
116
76
70
87
131
192
228
242
215
135
66
36
29
30
32
37
45
45
36
32
33
33
34
59
110
143
149
151
153
149
145
147
153
158
154
129
89
78
125
193
238
247
221
181
159
153
150
149
147
147
149
153
155
155
153
152
150
168
164
159
160
142
101
72
74
98
147
205
236
241
198
116
62
41
31
30
31
38
50
55
44
36
37
40
44
67
109
135
143
147
147
142
141
147
154
157
153
138
107
77
94
157
218
247
239
201
165
153
153
154
154
152
151
154
156
157
155
150
145
167
162
156
157
133
87
69
79
112
167
215
241
235
178
105
75
66
45
35
40
51
72
87
83
73
65
59
67
93
123
139
146
151
152
146
145
150
152
155
156
150
127
88
77
121
189
237
248
223
180
159
158
160
162
160
157
157
158
159
159
155
154
161
160
155
150
120
79
69
84
125
185
224
243
225
155
96
96
97
64
50
64
88
127
160
167
153
123
93
96
124
143
151
157
159
157
155
154
151
148
150
155
156
141
108
78
92
154
217
247
240
203
170
160
162
164
162
159
158
155
157
159
159
161
156
157
157
145
109
76
73
92
139
199
233
243
210
132
89
108
113
75
63
84
117
167
212
227
208
160
114
112
139
152
159
167
165
161
165
167
158
152
152
153
156
154
134
96
80
119
187
236
248
225
186
163
161
161
155
153
155
155
157
161
161
163
154
155
158
139
96
71
77
104
156
210
239
240
192
114
87
119
118
76
66
88
120
168
215
234
213
161
114
112
140
152
156
165
163
161
169
172
162
158
161
159
162
166
156
124
84
91
151
214
246
241
207
172
161
158
150
148
150
155
159
159
159
161
153
154
157
130
84
68
81
117
175
220
243
232
170
99
90
127
120
74
65
87
116
162
209
229
207
156
111
110
140
154
154
157
156
155
161
164
160
161
166
168
171
169
161
141
100
78
115
183
234
249
227
187
162
153
148
148
149
153
156
150
148
152
153
155
152
120
78
70
87
130
192
229
244
219
145
87
95
131
118
72
65
86
115
161
208
228
206
156
111
112
146
159
155
154
155
154
157
161
160
162
164
169
173
167
157
145
117
81
88
147
211
245
243
208
169
150
147
150
152
152
149
141
138
143
155
161
150
108
74
74
97
146
205
237
242
202
123
82
105
138
120
73
65
87
116
161
207
227
206
156
111
113
147
159
153
153
156
155
155
158
157
157
155
157
162
159
152
147
133
99
78
112
180
232
249
229
187
159
155
160
162
156
147
141
138
140
157
167
148
96
70
78
110
165
215
241
237
182
107
84
117
148
125
75
66
88
118
161
207
227
205
156
112
111
141
155
151
156
161
156
152
153
152
152
150
149
153
152
147
147
147
122
83
86
143
208
244
243
211
175
166
172
172
162
152
148
149
145
156
165
140
87
69
83
123
183
224
243
227
159
93
89
129
155
129
78
66
89
119
162
207
226
205
156
113
112
140
153
153
160
166
161
158
159
157
156
153
152
156
156
147
148
153
137
97
76
108
175
229
249
231
192
169
168
166
158
151
154
158
151
157
156
121
79
73
92
138
198
232
243
213
135
81
96
140
158
129
78
66
89
119
162
207
226
204
155
114
116
144
155
154
159
164
165
165
163
159
158
156
153
158
158
149
147
153
147
119
83
85
139
205
243
244
212
173
157
158
158
156
160
161
150
161
144
100
73
78
104
156
210
239
241
195
116
77
101
141
157
128
78
67
90
119
162
207
226
205
155
115
120
150
156
151
153
158
164
166
160
155
154
154
154
160
162
155
148
153
154
139
104
79
106
172
227
249
232
190
162
159
161
160
161
160
151
162
132
86
71
83
118
175
219
243
234
173
100
80
109
138
150
125
78
69
91
119
161
206
226
205
156
114
118
149
158
150
150
155
161
164
161
158
158
156
156
165
170
165
159
161
160
152
127
88
85
136
202
242
245
214
174
157
151
147
150
154
152
162
123
80
73
89
130
191
228
244
222
148
85
84
120
143
148
123
78
70
91
119
161
205
225
205
156
114
117
149
160
155
152
156
160
163
164
165
164
156
153
162
165
163
163
164
161
159
147
109
79
103
169
226
248
233
192
158
141
137
142
148
146
156
111
76
76
98
145
203
236
243
205
125
75
88
129
150
151
125
78
70
92
120
161
205
225
205
155
115
120
152
163
158
158
163
163
162
165
167
163
154
153
157
157
158
160
157
152
157
160
131
86
82
132
199
241
246
216
171
144
139
141
142
141
143
95
71
80
110
164
214
241
238
185
108
73
94
134
156
156
128
80
70
94
121
161
204
224
204
156
114
120
150
162
161
164
166
163
159
162
164
162
158
158
161
163
165
165
153
143
152
163
146
105
78
100
165
224
248
236
193
155
144
144
144
145
128
82
70
84
123
183
223
243
229
162
93
76
104
140
161
162
130
80
71
95
121
161
203
223
205
157
114
116
147
162
165
164
163
160
158
163
165
163
161
159
163
169
169
165
153
145
154
167
161
131
90
81
129
196
240
247
218
174
153
151
150
151
115
77
73
91
137
197
232
243
215
138
79
80
115
146
162
163
129
79
71
93
120
160
203
224
206
158
114
116
148
165
168
165
163
163
165
169
167
161
159
156
160
168
167
161
156
153
161
171
170
152
113
79
97
161
221
248
237
198
165
156
159
160
102
73
77
103
154
209
239
241
197
117
71
85
128
155
163
164
131
79
69
91
119
159
202
224
207
159
115
117
150
169
169
165
162
163
167
168
163
162
160
155
158
167
169
165
164
164
162
162
162
159
136
94
80
125
192
238
247
221
182
164
166
165
87
70
82
116
173
218
242
235
176
101
69
94
141
164
165
166
135
81
69
91
118
158
202
223
206
159
115
116
151
171
168
160
157
160
163
161
157
161
159
151
151
154
161
169
172
169
160
154
154
157
151
118
80
94
157
218
247
238
202
171
163
162
76
70
87
129
190
228
244
224
152
86
72
103
145
163
162
163
134
81
69
91
118
158
201
222
205
158
115
116
149
167
163
156
153
160
164
157
152
155
155
147
141
141
151
163
167
164
159
155
152
154
159
139
94
78
121
189
236
248
223
182
160
157
72
74
96
144
204
236
244
208
129
75
76
110
145
159
156
155
129
78
65
88
118
159
201
222
205
158
116
116
147
164
159
155
156
166
172
163
157
159
161
155
146
144
148
154
158
158
158
156
153
155
162
153
113
78
93
154
216
246
240
203
166
152
68
78
108
163
214
242
240
188
110
69
82
122
152
157
153
154
129
76
61
84
116
159
201
223
205
158
115
115
145
162
158
156
163
174
179
171
164
162
166
166
157
150
150
153
155
155
153
152
153
156
157
153
128
88
77
118
185
235
248
225
179
148
68
83
121
181
223
244
231
165
95
68
90
132
155
153
153
157
130
77
64
86
117
158
201
222
204
157
115
114
143
158
158
158
161
169
176
173
167
161
163
167
162
157
160
162
160
157
152
149
152
155
152
149
137
108
79
91
149
213
246
241
202
158
72
90
136
197
232
245
217
141
81
71
100
136
150
153
159
160
128
78
68
89
117
157
201
222
204
157
114
114
142
155
159
160
152
152
164
171
169
163
160
162
164
166
170
170
166
163
160
153
150
156
157
153
149
132
97
79
114
182
233
249
226
181
77
102
154
210
239
243
200
120
71
75
111
141
151
157
163
160
126
77
68
89
116
157
202
223
205
158
115
115
143
152
155
156
147
145
156
163
165
161
154
157
162
165
167
165
164
166
165
160
152
154
160
161
161
152
121
83
88
145
210
245
242
206
82
116
172
218
243
237
179
103
66
79
119
146
154
159
159
157
126
76
68
89
116
158
202
224
207
160
115
116
144
153
151
151
149
150
153
152
155
155
153
159
159
157
159
157
161
166
166
165
158
152
157
163
162
158
140
100
78
111
178
231
248
228
88
129
189
227
244
226
156
88
66
86
129
154
156
157
157
156
127
78
68
89
117
159
203
225
208
161
116
116
145
159
156
152
152
155
155
151
151
151
156
161
155
156
157
153
159
166
168
168
161
149
151
158
154
150
148
119
81
86
142
207
244
243
96
145
203
235
244
210
132
76
68
95
142
165
161
160
160
156
129
81
69
91
118
159
203
225
208
160
117
117
147
163
158
149
150
161
163
159
154
150
156
159
153
152
149
148
156
163
166
169
162
145
141
148
148
147
151
135
96
76
108
174
229
248
109
163
214
241
241
191
113
69
71
104
148
168
162
160
159
154
129
82
70
92
119
159
203
224
206
159
119
122
150
161
155
147
149
165
173
169
160
151
153
155
151
147
142
144
152
157
161
164
159
144
136
140
145
146
150
147
119
82
84
137
204
243
122
181
223
244
232
169
97
66
76
114
151
161
155
155
159
155
126
79
70
93
120
158
202
223
205
157
119
122
149
158
152
150
154
166
174
171
161
150
147
148
149
148
144
143
148
153
155
159
155
145
142
143
142
141
146
151
137
101
76
104
170
227
136
197
232
245
219
144
82
64
83
126
156
159
154
154
162
161
126
77
70
93
120
158
201
222
205
157
116
116
142
153
150
152
158
164
168
166
155
144
141
142
143
145
149
147
145
146
150
159
156
150
152
149
144
143
147
151
146
122
85
82
134
201
154
210
239
243
202
123
72
65
93
140
159
158
158
157
161
163
129
78
70
93
120
158
201
221
204
158
114
112
139
151
149
154
162
166
169
165
152
141
140
142
144
146
154
155
149
146
151
161
159
156
159
153
149
151
152
155
156
142
106
78
101
167
173
219
243
238
182
106
67
69
106
148
155
152
159
160
159
160
131
79
70
93
120
159
201
221
203
158
115
112
139
149
144
149
161
168
176
175
157
146
147
149
150
150
156
158
151
146
148
155
157
159
164
156
150
151
151
158
162
155
129
88
81
130
190
227
244
228
159
90
64
77
118
151
152
150
157
160
157
155
130
81
70
93
120
159
201
220
202
156
114
111
137
147
139
143
153
159
176
183
166
157
162
161
153
147
148
152
151
147
144
143
146
152
158
152
143
143
148
156
158
155
142
105
76
99
203
235
245
213
134
77
62
82
125
152
156
155
154
155
155
152
127
81
71
94
122
160
201
220
202
156
114
113
138
147
142
145
148
152
166
175
168
164
169
166
155
145
145
153
158
157
150
142
139
143
150
145
136
137
147
154
151
147
146
125
86
79
213
241
242
194
115
68
63
87
129
155
162
158
153
152
155
154
126
80
71
94
123
161
201
222
204
156
113
115
140
146
146
150
151
155
158
162
168
169
165
160
155
153
156
159
158
157
154
147
144
151
157
151
141
140
146
150
149
147
152
145
109
77
223
244
234
172
99
65
67
97
136
157
161
157
153
154
158
159
128
80
71
94
123
161
202
223
205
155
112
115
141
151
154
153
151
156
156
162
172
173
161
152
153
160
167
163
154
154
153
148
153
161
164
162
155
147
142
145
150
153
161
158
131
90
232
245
221
147
83
63
73
108
144
158
158
155
155
160
161
159
127
79
70
92
120
160
201
223
204
154
113
115
145
162
164
155
150
152
152
158
165
167
163
156
153
157
165
165
157
156
157
156
160
159
157
159
158
148
138
141
150
156
161
156
144
115
239
244
204
124
72
61
78
120
154
164
163
161
162
166
166
161
127
78
69
90
117
157
200
222
203
155
114
115
146
168
172
165
160
160
158
156
157
162
166
166
159
157
165
164
157
156
163
165
160
155
152
154
155
150
141
142
148
151
152
150
153
138
243
239
184
107
66
62
86
133
161
169
174
175
172
170
174
171
132
79
68
88
114
155
199
221
204
156
115
114
142
162
169
172
169
167
167
167
166
166
167
164
156
159
166
163
155
156
165
166
158
155
155
154
154
152
149
147
146
148
149
149
154
146
245
229
161
92
63
65
96
138
157
163
174
180
178
174
176
173
134
79
67
87
113
154
199
222
205
158
115
111
139
158
163
166
161
156
164
171
170
167
163
154
150
157
161
157
154
158
164
164
161
161
160
155
150
148
150
151
149
149
151
152
151
147
245
215
137
78
62
72
106
138
147
154
164
168
170
171
165
160
130
78
66
87
113
154
199
221
205
158
114
112
145
168
169
163
152
146
157
167
162
156
154
150
153
160
156
150
152
156
159
160
160
162
165
160
148
142
143
149
154
153
155
156
149
145
243
197
118
69
61
78
117
142
145
152
160
156
155
158
153
151
127
78
67
88
114
154
198
220
203
157
114
115
155
179
175
165
154
149
155
161
157
148
147
148
156
162
154
151
156
155
152
153
152
154
159
154
147
145
143
149
157
158
157
154
147
141
236
176
101
65
61
83
128
150
146
150
158
153
148
153
154
153
130
80
67
89
115
154
197
219
202
157
115
117
157
179
175
168
159
152
152
157
159
155
151
151
156
160
155
154
157
154
156
157
150
153
154
143
145
154
152
153
159
161
158
153
149
148
223
150
86
63
63
92
141
159
148
149
155
152
150
155
156
155
131
81
67
90
116
155
198
219
202
157
115
116
150
167
168
171
166
153
148
155
162
164
163
160
160
161
159
155
155
158
166
166
157
158
157
147
149
157
157
157
162
164
164
160
155
158
206
127
74
61
69
105
150
164
156
157
160
156
154
154
152
152
130
81
68
90
118
158
200
220
203
157
116
116
146
156
153
164
168
155
147
152
156
159
163
159
155
160
163
159
158
161
164
166
163
161
162
159
155
156
159
162
164
164
164
160
155
161
187
109
67
60
77
120
153
161
159
162
165
164
161
157
152
152
129
82
69
91
120
159
201
222
203
156
115
114
143
152
147
154
159
153
147
148
150
151
155
148
141
150
160
160
161
160
158
162
164
164
167
167
162
162
163
166
166
159
153
149
154
165
