86
94
19
0
1
0
0
30
0
0
473
641
142
0
0
0
2
26
23
0
0
9
0
0
0
0
48
0
200
0
0
98
56
46
95
0
0
108
6
0
0
0
27
0
0
13
193
293
0
0
0
0
9
0
53
135
74
18
18
0
0
0
66
73
34
11
0
0
0
41
0
0
222
671
323
0
0
18
11
21
11
0
0
5
0
0
0
0
94
0
167
5
0
77
36
52
7
0
0
28
22
0
0
32
7
0
0
85
282
119
0
0
0
25
56
0
0
91
106
50
13
0
0
0
34
26
45
41
0
0
0
22
0
0
0
624
516
0
0
33
14
0
0
0
12
8
0
0
0
0
180
8
71
0
0
143
39
0
0
0
0
0
51
0
0
49
0
0
0
207
209
0
0
0
19
0
107
75
0
0
94
55
18
0
0
0
0
0
42
64
6
0
0
0
10
0
0
510
653
16
5
40
16
0
0
6
25
6
0
0
0
0
316
0
0
0
63
234
88
0
6
0
0
0
44
15
0
37
0
0
106
224
1
0
0
13
21
0
173
164
0
0
64
24
34
0
0
0
0
0
27
59
4
0
6
0
0
8
0
379
698
114
1
29
22
0
0
4
13
0
13
0
0
0
375
0
0
0
102
222
114
26
23
0
0
0
67
0
0
23
65
39
95
185
0
0
0
0
2
32
172
134
0
0
53
22
29
14
0
0
0
0
14
36
0
0
11
4
0
19
0
306
674
181
21
25
4
0
0
6
5
0
6
0
0
0
299
0
0
0
60
107
116
66
0
0
17
0
48
0
0
24
60
42
15
142
0
0
0
0
14
28
83
94
0
0
20
41
13
71
0
0
0
8
10
22
15
0
0
18
16
4
0
314
622
171
39
19
0
0
16
9
0
0
10
0
0
0
203
0
0
26
57
0
33
22
0
0
34
0
0
21
60
0
22
85
28
36
0
0
0
0
5
0
29
92
98
0
0
43
28
76
0
0
0
25
19
34
41
0
0
11
46
20
0
286
591
181
31
4
0
22
22
0
0
0
12
0
0
0
109
56
0
66
134
19
0
0
0
0
0
0
0
136
40
0
60
159
8
0
0
0
0
0
0
0
42
87
124
0
0
31
63
24
0
0
0
26
32
47
44
0
0
0
23
53
0
228
617
231
10
1
15
32
0
0
6
7
0
9
0
0
20
117
0
5
109
94
0
0
8
0
0
0
17
161
0
0
132
236
0
0
0
0
0
0
0
0
65
77
46
0
3
20
17
0
0
0
5
43
32
25
29
0
0
0
0
31
0
327
655
172
0
6
16
28
0
0
19
7
0
44
0
0
0
120
0
0
10
26
17
103
118
0
0
8
98
80
0
0
216
257
0
0
0
0
0
0
0
0
89
30
0
36
85
0
0
0
0
141
11
57
27
0
13
14
0
0
0
0
0
507
605
55
0
0
5
25
0
0
19
0
1
29
0
0
0
34
0
74
6
0
25
163
108
0
4
168
140
38
0
0
227
181
0
0
0
0
0
0
0
6
76
5
11
93
78
0
0
0
0
425
0
43
15
0
13
37
2
0
0
0
134
626
442
6
20
0
8
26
0
0
23
8
0
0
0
0
0
0
0
63
17
0
67
154
29
0
95
236
87
40
0
0
134
83
0
0
0
0
0
0
0
0
17
54
101
82
41
0
0
0
81
633
0
19
0
0
37
84
14
0
0
0
318
693
247
0
18
0
21
29
0
0
29
24
0
0
0
0
0
0
40
0
0
14
108
111
0
0
93
217
81
41
0
0
39
3
0
0
0
0
0
0
0
0
0
87
133
63
34
0
0
0
410
609
4
1
0
0
63
117
20
0
0
0
484
665
101
0
0
7
25
27
0
0
32
30
0
0
7
0
0
0
0
0
0
25
110
126
0
0
114
185
86
29
0
0
15
0
0
8
0
0
0
0
0
0
0
59
98
89
34
0
0
174
630
379
0
0
0
0
65
83
0
0
0
66
606
510
21
0
0
8
12
20
0
0
29
19
0
3
34
13
0
0
0
0
0
0
69
140
0
0
145
96
49
3
0
0
22
0
0
0
0
25
55
0
0
0
0
35
77
63
5
0
0
465
614
156
0
0
0
5
54
0
0
0
0
340
658
277
0
0
16
0
0
8
0
0
21
5
13
14
15
37
0
0
0
0
0
0
64
51
0
66
106
61
37
0
0
0
0
0
0
0
0
131
184
0
0
0
0
48
49
0
0
0
243
570
339
28
17
0
0
26
13
0
0
0
116
589
533
70
0
22
14
0
0
0
0
1
11
4
15
29
10
13
13
0
0
0
0
0
70
2
0
70
32
59
19
0
0
11
0
0
0
0
0
186
196
0
0
0
0
27
0
0
6
205
452
353
74
0
49
34
54
14
0
0
0
0
455
615
238
0
0
28
0
0
6
0
0
0
5
14
6
31
34
0
14
24
0
0
0
0
1
66
89
104
42
0
0
0
0
68
0
0
8
0
0
172
112
0
82
7
0
0
0
0
289
488
280
100
0
0
37
86
104
0
0
0
22
305
609
367
21
0
0
0
0
23
17
4
0
0
6
21
11
19
22
0
9
56
10
0
0
0
0
16
125
174
109
0
0
0
0
0
0
0
26
0
0
128
53
5
82
0
0
0
62
280
492
349
42
23
2
0
6
106
132
0
0
0
301
566
390
104
0
0
0
0
1
34
8
0
0
0
11
19
13
0
0
0
26
67
0
0
0
0
0
0
0
125
90
82
124
26
0
0
0
0
0
0
0
99
46
16
15
0
0
100
323
445
324
93
0
0
5
3
0
72
113
0
0
258
524
401
106
15
0
0
0
0
22
15
0
0
1
9
14
12
13
0
0
0
42
70
0
5
0
0
0
0
0
0
1
80
132
116
165
23
0
0
0
0
82
91
31
2
0
20
171
399
423
228
76
12
0
0
4
1
0
19
81
120
278
468
357
103
18
0
0
17
0
0
26
0
0
0
5
10
9
5
13
0
0
24
41
15
54
1
0
0
0
0
0
0
0
0
7
61
160
166
94
0
0
0
53
64
0
0
80
232
407
429
209
18
0
2
0
0
7
0
2
108
248
381
414
283
55
0
13
0
0
0
0
0
3
2
8
4
0
0
0
2
1
0
0
39
32
0
40
0
1
11
0
0
0
0
0
0
0
0
0
71
108
74
0
0
0
52
90
146
285
386
299
158
36
0
0
1
0
0
2
0
105
272
378
334
184
45
0
0
0
33
0
0
16
6
0
14
26
16
0
0
7
0
0
0
5
0
20
45
4
0
19
22
20
0
0
0
0
0
0
0
0
0
0
50
56
0
0
100
229
263
210
198
70
8
0
0
0
0
0
0
0
0
192
218
174
88
6
0
12
0
0
43
0
0
31
0
0
17
27
16
0
2
30
0
0
14
0
0
9
38
9
2
12
0
0
13
28
11
0
0
0
0
0
0
0
0
70
84
70
90
138
118
22
11
8
0
0
0
0
0
0
8
0
0
106
53
0
0
0
0
0
0
0
21
0
0
44
0
0
19
25
5
0
0
19
0
0
17
0
9
9
6
4
0
20
0
0
22
32
6
3
23
9
0
0
0
0
1
42
45
33
25
12
0
0
0
4
3
0
0
0
0
0
0
0
0
3
0
1
3
0
0
0
0
0
0
0
3
54
0
0
23
25
0
0
0
0
12
20
0
4
8
18
8
0
0
23
30
0
0
17
24
18
6
19
17
0
0
2
21
12
0
2
6
0
0
0
0
0
3
0
0
0
0
0
4
0
0
4
2
0
0
0
0
0
0
0
0
0
8
55
0
0
16
19
0
13
0
0
21
21
0
8
8
28
19
0
0
0
28
10
0
2
30
29
2
10
21
5
0
0
8
9
0
4
0
0
17
14
0
0
0
2
0
0
0
4
15
4
0
20
9
0
0
0
4
0
0
7
0
0
12
43
0
0
7
9
0
29
11
0
10
14
0
0
1
23
21
0
0
0
23
40
0
0
17
29
8
2
17
19
1
0
2
7
0
0
0
0
21
15
0
0
0
1
0
0
0
2
16
11
0
20
1
0
2
3
0
0
0
8
0
0
4
11
0
0
15
6
0
13
11
0
0
3
0
0
0
15
17
4
0
0
15
46
5
0
0
21
14
6
11
13
3
3
14
8
0
0
0
0
6
0
0
0
0
0
0
0
0
0
5
8
2
20
0
0
15
9
0
0
18
0
0
0
0
0
0
17
23
17
1
0
0
14
0
0
14
0
11
12
12
12
1
0
0
24
4
0
0
14
18
0
3
23
10
2
12
12
0
0
9
17
0
0
0
0
0
0
0
0
0
0
0
0
1
23
0
0
5
19
0
0
0
0
0
12
0
0
0
0
17
42
9
0
0
27
0
0
32
0
2
0
4
11
2
9
2
4
0
0
0
13
25
0
0
41
18
0
0
4
6
0
16
25
0
0
0
0
0
0
10
9
0
0
0
0
2
8
4
0
0
2
30
0
0
0
0
9
5
0
0
0
13
61
16
0
0
18
0
0
17
0
0
0
8
10
5
18
18
8
0
0
0
13
29
0
0
26
12
0
0
2
13
9
6
6
0
0
0
0
0
0
15
25
0
0
0
6
2
0
11
12
0
0
15
6
0
0
0
0
5
0
0
0
5
45
16
0
9
7
0
0
0
0
0
9
10
1
0
10
21
17
8
0
0
11
23
7
0
8
4
0
0
4
12
7
0
1
0
0
0
0
0
0
11
20
0
0
2
7
0
0
7
16
0
0
3
18
9
0
0
0
0
10
0
0
0
6
12
16
16
2
0
0
1
3
8
13
8
0
0
4
12
7
5
0
2
13
19
14
5
5
2
0
0
1
5
9
11
7
0
0
0
0
0
0
7
9
0
0
9
1
0
0
11
2
0
0
15
23
7
0
0
0
0
15
11
0
0
0
6
31
24
3
0
2
0
0
0
9
13
8
0
10
7
0
0
0
6
17
20
17
7
5
5
0
0
1
1
3
4
2
1
0
0
0
0
0
3
9
5
6
5
0
0
6
11
0
0
0
9
14
9
0
0
0
0
0
0
10
0
0
0
29
29
13
7
7
0
0
0
7
13
12
3
6
3
0
0
0
2
12
15
15
7
7
11
10
10
3
0
0
0
0
7
15
5
0
0
0
3
13
12
5
0
0
0
0
5
11
4
0
0
0
15
11
0
0
0
0
0
8
17
0
0
6
27
27
15
5
0
1
9
11
6
0
0
0
1
8
1
0
0
1
8
13
8
7
14
18
16
2
0
0
0
0
7
20
11
0
0
0
12
10
19
7
0
0
1
11
8
5
3
0
0
0
2
8
0
0
0
0
0
0
29
0
0
0
20
40
20
0
0
8
15
13
1
0
0
0
17
22
10
0
0
0
12
5
0
3
12
19
13
0
0
0
0
0
5
10
2
0
0
9
11
0
21
18
0
0
0
27
8
0
0
0
8
0
0
0
0
0
15
2
0
0
12
18
0
0
0
25
27
4
3
11
13
7
0
0
0
14
16
3
12
0
0
0
20
0
0
0
12
18
6
0
0
1
12
16
9
0
0
0
0
7
0
0
12
18
0
0
0
11
0
3
1
0
0
0
0
0
0
0
14
12
0
0
0
34
2
0
0
0
21
12
16
19
17
5
0
0
0
18
0
0
14
23
0
0
11
1
0
0
15
17
0
0
3
0
0
26
12
0
0
3
3
1
0
0
0
0
0
0
1
5
0
13
11
0
0
0
0
9
0
0
7
7
0
0
0
36
8
0
0
0
0
10
25
15
18
13
4
0
0
1
8
4
0
2
13
9
0
8
6
0
13
14
0
0
12
0
0
8
13
10
0
0
0
0
1
9
1
0
0
0
8
11
0
15
12
0
7
0
0
8
0
0
0
0
0
0
13
20
0
0
9
10
0
10
21
0
8
16
10
0
0
0
12
34
0
0
11
25
3
12
10
0
5
10
2
5
16
8
0
0
18
28
0
0
0
0
0
14
10
0
0
1
4
2
0
17
14
0
0
0
0
6
0
0
0
0
0
0
22
0
0
0
14
23
0
0
0
3
12
14
1
0
0
0
15
28
10
0
2
17
21
14
0
0
0
1
5
10
14
22
0
0
23
33
0
0
7
0
0
14
13
5
0
0
0
0
0
18
17
0
0
0
0
5
8
5
0
0
0
4
11
0
16
8
0
0
3
0
0
19
23
13
0
0
0
5
25
16
7
5
12
14
8
6
1
0
0
0
6
12
8
27
5
0
18
20
0
0
15
12
0
7
8
5
0
0
0
0
0
12
11
0
0
1
0
0
9
7
0
0
0
1
0
0
33
23
0
0
0
1
0
0
6
9
12
13
9
2
15
14
0
0
27
20
0
0
14
0
0
0
15
20
7
18
6
0
5
6
0
0
8
15
2
0
0
3
0
0
0
12
0
0
0
0
5
18
0
0
4
4
0
0
4
11
0
0
13
25
8
0
0
0
0
0
0
12
34
35
18
0
0
2
0
6
13
8
0
0
14
8
0
0
21
25
5
4
0
0
0
9
9
0
0
7
7
0
0
1
1
0
0
23
0
0
0
0
1
13
0
0
0
0
0
0
1
8
0
0
0
10
29
3
0
0
9
0
0
13
53
34
0
0
1
0
23
20
0
0
15
13
11
8
0
3
8
11
15
10
0
0
0
14
33
5
0
0
17
0
0
11
0
0
0
16
3
4
0
0
0
0
20
6
0
0
15
18
0
0
4
11
0
0
17
9
0
0
13
0
0
0
53
43
0
0
11
5
20
8
0
0
13
11
15
15
8
25
0
0
24
17
0
0
0
1
24
0
0
0
14
3
11
10
0
12
0
12
5
6
6
0
0
0
33
5
0
0
9
13
0
0
5
21
3
0
7
8
0
0
0
20
0
0
0
29
24
3
4
14
7
0
0
5
18
15
3
24
33
10
0
0
0
0
0
0
0
6
11
0
0
19
57
24
23
52
11
72
0
17
2
0
2
0
0
5
15
0
0
0
0
0
0
0
0
22
4
0
6
7
0
0
0
17
13
0
0
0
51
15
0
23
9
0
7
20
27
31
0
3
52
0
0
0
0
0
0
0
0
44
43
0
0
34
133
26
24
193
107
72
50
22
2
0
2
6
0
0
0
0
12
11
0
0
6
0
0
21
3
0
0
3
0
9
0
0
16
9
0
0
16
5
7
39
21
9
17
24
19
7
0
0
0
0
0
0
0
0
0
12
0
74
94
0
0
0
133
40
39
221
150
91
163
22
0
0
0
12
4
0
0
0
18
18
0
0
13
0
0
20
0
0
0
0
0
14
0
0
0
20
4
0
0
0
34
45
27
19
25
17
0
0
0
0
0
0
0
0
44
0
0
65
0
76
109
47
0
0
26
67
63
94
153
163
124
16
0
0
0
8
0
0
0
0
8
8
0
0
10
0
0
20
0
0
0
0
0
6
10
0
0
7
6
0
0
0
38
43
23
16
14
0
0
0
0
0
0
0
32
90
92
0
0
113
132
144
1
43
35
0
0
35
122
29
98
148
18
10
0
0
0
2
0
1
1
0
0
0
0
0
3
0
0
21
0
0
0
0
0
0
14
15
21
13
0
0
0
0
15
48
23
0
0
0
0
0
0
0
0
0
59
200
1
0
0
118
225
218
0
0
210
0
0
0
99
34
13
77
7
11
0
0
1
0
0
0
7
0
0
0
0
0
2
0
0
25
0
0
3
0
0
0
3
8
42
29
0
0
0
0
0
49
29
0
0
0
0
0
0
49
123
0
0
157
33
0
0
0
80
65
0
0
235
19
0
0
60
50
0
0
123
0
0
23
0
0
0
0
10
2
0
0
0
0
0
0
7
23
0
0
22
14
0
0
9
0
35
17
0
4
0
0
0
16
0
0
0
0
0
0
99
135
101
0
0
110
86
8
0
0
0
0
0
117
135
0
0
110
100
0
0
0
249
0
2
32
0
0
0
0
0
0
0
1
0
0
0
0
18
10
0
0
19
9
0
0
27
10
14
0
0
14
0
26
3
0
0
0
0
0
0
62
217
0
0
83
38
48
0
0
0
0
0
11
187
253
77
0
0
132
0
0
0
13
269
1
15
0
8
6
0
0
0
0
0
31
18
0
0
0
3
0
0
0
9
0
0
0
28
17
0
0
23
20
3
37
0
0
0
0
0
0
45
255
215
0
0
30
182
0
0
0
92
0
0
80
192
254
22
0
44
0
0
0
0
101
187
113
61
0
27
13
0
0
0
0
0
37
28
0
0
0
0
0
0
0
0
0
7
2
27
6
0
9
38
17
5
2
0
0
0
0
9
0
67
363
185
0
0
0
211
0
0
54
87
12
99
49
126
177
0
0
46
0
0
0
101
130
90
273
228
82
38
8
0
14
0
0
0
15
7
0
0
0
0
0
0
0
0
0
21
10
18
11
0
8
26
17
5
0
0
0
0
0
110
0
15
247
129
0
0
0
211
0
0
0
3
109
189
27
62
81
0
0
0
0
0
48
83
0
39
226
258
279
254
99
0
21
0
0
0
0
0
0
0
0
0
15
0
4
0
0
28
2
0
12
5
0
24
31
0
0
0
0
0
25
156
0
0
47
66
122
0
0
99
126
0
0
0
142
85
57
42
0
3
0
0
0
0
142
0
0
4
