37
30
25
26
27
27
28
28
27
26
23
18
13
10
9
9
12
30
60
78
79
78
81
88
100
123
148
156
153
149
150
165
185
186
180
168
120
61
41
41
34
29
28
24
15
10
10
10
9
8
7
7
6
6
7
7
8
8
8
9
10
10
40
31
19
15
14
15
15
15
14
13
11
9
8
9
9
9
11
26
55
76
80
79
82
87
99
123
148
159
158
155
157
173
188
181
170
162
122
66
47
50
44
33
25
19
12
9
9
9
9
8
8
7
6
6
7
7
7
8
8
9
9
10
39
30
17
9
7
8
8
8
7
7
7
7
7
7
8
8
10
20
44
70
79
80
83
87
96
117
145
166
172
170
171
179
184
175
164
150
114
68
47
49
48
35
21
14
10
9
9
9
9
8
8
7
7
6
6
7
7
7
8
8
9
9
31
22
12
7
6
7
7
6
5
6
6
6
7
7
7
8
9
14
33
61
75
79
83
88
96
113
141
169
180
178
176
179
181
176
167
148
113
72
44
42
43
30
16
10
9
9
9
9
9
9
8
8
7
6
6
7
7
7
7
8
8
9
19
11
7
6
6
7
6
5
5
5
6
6
7
7
7
7
9
11
25
52
70
77
81
89
100
113
136
163
175
173
170
173
176
171
163
141
104
61
33
29
28
19
11
9
9
8
8
8
8
9
9
8
8
7
7
7
7
7
7
7
8
9
12
6
5
5
6
6
6
5
5
5
6
6
7
7
7
7
8
10
22
47
67
75
80
89
101
113
132
156
169
168
166
170
172
167
156
125
77
36
18
16
15
11
9
9
9
8
8
8
8
9
9
8
8
8
7
7
7
7
7
7
8
9
7
5
5
6
6
6
6
5
5
5
6
6
6
6
7
7
8
10
22
46
65
73
78
89
105
117
134
156
167
168
169
171
173
169
149
101
46
17
10
10
10
9
9
9
8
8
9
9
8
8
9
9
9
9
8
8
7
7
7
8
8
9
5
5
6
6
6
6
5
5
5
6
6
6
6
6
7
7
8
10
21
44
65
76
82
95
114
128
144
162
168
169
171
173
173
167
131
68
23
10
8
8
9
9
9
9
8
8
8
8
8
8
9
9
9
9
8
8
8
8
8
8
8
9
5
5
6
6
6
5
5
5
5
6
6
6
6
6
7
7
8
10
17
42
78
99
106
116
130
141
153
165
166
164
166
166
163
144
91
36
12
8
7
7
8
9
9
9
9
8
8
8
8
8
8
9
9
9
8
8
8
8
8
8
9
10
4
5
6
6
6
5
5
5
5
5
5
5
6
6
6
7
8
10
14
40
94
133
142
144
148
153
158
163
161
158
157
156
140
98
46
16
8
7
6
6
7
8
9
9
9
9
8
8
8
8
8
9
9
9
9
9
9
9
9
9
10
10
5
5
6
6
6
5
5
5
5
5
5
5
6
6
7
8
9
10
12
33
88
142
158
158
158
158
159
159
158
157
156
145
106
53
19
10
8
7
6
6
6
7
8
9
9
9
9
8
8
8
8
8
9
9
9
10
10
10
10
10
11
11
5
6
7
6
5
5
5
5
5
5
5
5
5
6
7
8
8
9
11
22
66
129
158
160
161
161
160
159
159
159
151
119
66
24
10
8
7
6
6
6
6
6
7
8
9
9
9
9
8
8
8
9
9
9
9
10
10
10
11
11
12
12
5
7
9
7
5
5
5
4
5
5
5
5
5
6
7
8
8
8
10
15
50
116
154
159
160
160
159
159
158
152
125
75
31
12
8
7
7
6
6
6
6
5
5
6
8
9
9
9
8
8
8
9
9
9
9
9
10
10
11
12
12
12
6
10
13
10
6
5
4
4
5
5
5
5
5
6
7
7
7
8
10
12
40
102
146
156
156
155
155
154
149
126
79
34
13
8
7
7
6
5
5
6
6
5
5
5
6
9
11
10
9
8
8
9
9
9
9
9
10
10
11
12
12
12
7
13
16
11
6
4
5
5
4
4
4
5
5
6
7
7
7
8
9
12
32
84
136
152
151
151
150
145
125
82
36
13
8
8
7
6
6
5
5
6
6
5
5
6
6
12
19
17
11
9
9
9
9
9
9
9
10
10
11
12
13
14
7
13
16
11
5
4
5
5
4
4
4
5
5
6
6
7
7
8
9
11
22
66
124
148
147
147
144
126
84
38
13
8
8
7
6
6
6
5
5
6
5
5
6
6
7
19
36
33
17
10
10
10
10
9
9
10
10
11
11
13
16
17
7
10
12
8
4
4
5
5
5
5
5
5
5
6
6
7
7
7
8
10
15
50
111
145
148
147
134
92
42
14
7
7
7
7
6
6
5
6
6
6
6
6
6
6
8
25
54
55
29
14
12
11
10
10
10
10
11
11
13
15
18
18
7
8
7
5
4
4
4
4
4
5
5
5
6
6
6
7
7
7
8
10
12
40
99
143
152
142
107
54
17
7
7
7
6
6
6
5
5
6
6
6
6
6
6
7
8
25
62
77
56
31
19
15
13
12
11
11
11
12
13
15
18
19
12
8
5
4
4
4
4
4
4
4
5
5
5
5
6
6
7
7
8
9
12
31
83
136
149
120
67
24
8
6
6
6
6
6
6
5
5
5
6
6
6
6
6
7
7
21
57
88
89
69
48
37
30
22
17
15
14
14
15
16
19
23
17
10
5
4
4
4
4
4
4
4
5
5
5
5
6
6
6
7
7
8
10
21
65
123
128
79
31
10
6
6
6
6
6
6
5
5
5
5
5
5
6
6
6
6
7
15
43
80
101
101
91
82
70
58
49
43
40
38
38
39
44
53
21
13
7
5
4
4
4
4
4
4
5
5
5
5
5
6
6
6
7
7
9
14
46
92
84
38
12
6
5
6
6
5
5
5
5
5
5
5
5
5
5
6
6
6
7
11
29
62
90
103
109
112
115
116
111
103
96
91
88
87
90
97
23
16
10
7
6
5
4
4
4
5
5
5
5
5
5
5
6
6
6
7
8
11
26
46
36
14
6
5
5
6
6
5
5
5
5
5
5
6
6
6
6
6
6
6
7
8
19
46
75
93
102
118
145
165
168
161
153
146
133
120
115
117
22
17
14
12
9
6
5
4
5
5
5
5
5
5
5
5
5
6
6
6
7
9
12
14
10
6
5
5
5
5
5
5
5
5
5
5
6
6
7
8
8
7
6
6
7
8
13
32
60
83
100
130
172
197
200
197
195
187
164
133
118
118
19
15
13
13
10
7
5
4
4
5
5
5
5
5
5
5
5
5
5
6
7
7
7
6
5
5
5
5
5
5
5
5
5
5
5
6
7
8
10
11
11
8
6
6
6
7
10
21
45
71
102
150
195
214
215
216
217
212
186
145
121
117
13
9
8
9
8
6
5
5
5
4
4
4
5
5
5
5
5
5
5
6
6
6
5
5
5
5
5
5
5
5
5
5
5
5
6
7
9
12
13
13
11
8
6
6
6
7
9
14
30
59
102
157
195
209
214
216
218
218
199
158
125
115
9
5
5
6
5
5
5
5
5
4
4
4
4
4
4
4
4
4
5
6
5
5
5
5
5
5
5
5
5
5
5
5
5
5
7
10
12
14
15
15
11
8
6
6
6
7
8
10
19
50
105
155
181
193
202
209
213
216
205
168
128
112
10
8
8
7
6
5
5
5
4
4
4
4
4
4
4
4
4
5
5
5
5
5
5
5
5
5
5
5
6
5
5
5
5
6
8
11
13
14
15
15
11
8
6
6
6
6
7
9
13
42
107
163
184
192
200
207
211
213
208
177
132
108
15
14
13
11
8
6
5
5
5
5
5
5
5
5
5
5
5
6
6
5
5
5
5
5
5
5
5
5
6
5
5
5
5
6
9
11
12
12
14
14
11
7
6
6
6
6
7
8
11
30
88
159
195
203
205
209
211
213
210
182
132
103
18
18
18
16
12
9
8
8
9
10
10
9
8
7
6
6
6
6
5
5
5
5
5
5
5
5
5
5
5
5
5
5
5
6
8
10
11
12
13
13
10
7
6
6
6
6
7
8
10
18
52
122
185
207
209
210
213
214
210
181
131
98
20
21
21
20
18
16
16
17
18
19
19
17
16
14
11
7
6
5
5
4
5
5
5
5
5
5
5
5
5
5
5
5
6
6
8
9
10
11
12
12
10
7
6
6
6
6
7
7
9
12
25
74
150
199
211
212
213
213
211
186
135
95
23
24
25
24
23
23
23
23
24
25
24
24
23
20
15
9
5
5
5
5
5
5
4
4
4
4
5
5
5
5
6
7
7
6
7
8
10
11
11
10
8
6
6
6
6
7
7
7
8
10
14
38
99
168
204
211
211
214
216
196
142
93
25
25
25
25
25
25
25
25
25
25
26
25
23
20
14
8
5
5
5
5
5
5
4
4
4
4
5
5
6
7
9
11
9
6
6
7
8
10
10
9
7
6
6
6
7
7
7
7
8
9
11
19
50
113
175
204
212
217
219
202
150
92
24
24
24
24
24
24
24
26
26
25
25
24
20
14
9
6
5
4
4
4
4
4
4
4
4
5
5
6
8
10
13
14
10
6
5
6
7
8
9
8
6
6
6
6
7
7
7
7
8
8
10
12
22
60
127
186
212
218
218
207
159
94
21
22
22
22
22
22
24
26
25
25
24
22
17
10
7
5
5
5
5
5
4
4
4
5
5
6
7
9
12
15
16
15
10
6
5
6
6
7
7
7
6
6
6
6
6
7
7
7
7
8
8
10
13
29
78
150
201
216
218
211
164
95
20
21
21
21
21
22
23
25
25
24
23
21
15
9
6
5
5
5
5
5
5
4
4
4
5
7
11
14
16
18
18
15
10
6
5
5
6
6
6
6
6
6
6
6
6
7
7
7
7
8
8
9
11
18
44
101
168
207
217
210
160
95
21
20
20
20
21
23
24
24
24
24
24
20
14
8
6
5
5
5
5
5
5
4
4
4
5
9
14
17
18
19
19
16
11
6
5
5
5
6
6
5
5
6
6
6
6
7
7
7
7
7
7
8
10
14
28
60
118
179
209
204
153
92
20
20
20
21
23
23
24
24
23
24
23
18
12
6
5
5
5
5
5
5
5
5
4
4
6
11
15
18
20
20
20
17
12
7
5
5
5
6
6
5
5
6
6
6
6
6
6
6
7
7
7
8
9
12
22
37
71
130
184
197
147
83
19
21
22
23
24
24
24
24
24
23
21
15
9
6
6
6
6
5
5
5
5
5
4
5
8
12
17
19
20
20
20
17
12
7
5
5
5
6
6
6
6
6
6
6
6
6
6
6
6
7
7
8
8
11
19
29
43
79
142
183
142
69
22
23
24
24
24
24
24
25
24
21
16
11
9
10
10
10
9
7
6
5
5
5
5
6
9
14
18
20
20
20
19
17
12
7
5
5
5
6
6
6
6
6
6
6
6
6
6
6
6
6
7
7
8
11
17
25
32
47
94
142
115
55
24
24
24
24
24
24
25
25
22
16
10
9
13
16
17
16
15
11
7
5
4
5
5
6
9
14
18
20
21
20
20
18
13
8
5
5
5
6
6
6
6
6
6
6
6
6
6
6
6
6
7
7
8
11
15
21
27
35
56
81
70
46
23
23
23
23
24
25
25
25
21
14
9
11
17
21
21
20
19
15
10
6
5
5
5
6
10
15
18
21
22
21
21
19
13
8
5
5
5
6
6
6
6
5
6
6
6
6
6
6
6
6
7
7
9
12
14
17
23
30
37
44
44
48
23
23
24
24
24
25
26
25
22
16
12
14
19
22
21
20
20
18
12
7
5
5
5
7
12
16
19
21
22
23
22
19
13
8
5
5
5
5
5
6
6
5
6
6
6
6
6
6
6
6
7
8
10
12
14
16
20
25
31
35
40
51
24
25
25
25
25
26
26
26
24
20
15
16
20
22
22
21
21
19
14
8
5
5
5
8
13
17
19
21
22
22
21
18
13
8
5
5
5
5
5
6
6
6
6
6
7
6
6
6
6
6
7
8
11
13
14
15
17
22
27
32
38
46
25
25
25
26
26
27
27
26
25
20
16
18
21
22
22
21
21
19
14
8
5
5
5
8
14
18
19
20
21
21
20
17
12
7
5
5
5
5
6
6
6
6
6
6
7
6
6
6
6
6
7
9
11
13
14
15
16
19
24
30
35
40
24
24
24
25
26
27
27
27
23
18
16
19
22
22
22
21
20
18
13
8
5
5
5
9
15
18
19
20
20
20
19
16
10
6
5
5
5
5
6
6
6
6
6
6
6
6
6
6
6
7
7
9
10
12
13
15
16
17
20
26
32
37
22
22
22
23
25
26
27
27
22
17
17
20
22
22
22
22
20
17
12
7
5
5
6
9
15
18
20
20
20
20
19
14
9
5
5
5
5
6
6
6
6
6
6
6
6
6
6
6
6
7
8
9
10
11
12
15
16
16
18
22
28
34
20
20
20
21
24
25
26
25
21
17
19
21
21
21
22
22
19
15
11
7
6
5
6
10
15
19
20
20
20
20
18
13
8
5
5
5
5
6
6
6
6
6
6
6
6
6
6
6
7
8
10
10
10
10
11
14
15
15
16
20
25
32
19
16
16
19
23
25
26
23
19
18
20
22
22
22
22
21
19
15
10
7
6
5
7
11
16
19
20
20
20
20
18
12
7
5
5
5
5
6
6
6
6
6
6
6
6
6
6
6
8
10
11
11
10
10
11
12
14
14
15
17
22
30
18
14
12
16
21
24
26
22
17
18
21
22
22
23
22
21
19
15
10
7
5
6
9
14
17
19
20
20
20
20
18
12
6
5
5
5
6
6
6
6
6
6
6
6
6
6
6
7
9
11
12
11
10
9
10
11
13
14
14
15
19
27
18
14
11
14
19
23
24
21
17
18
21
22
23
24
23
22
19
14
10
7
5
7
11
15
18
19
20
21
21
20
17
10
6
5
6
6
6
6
6
6
6
6
6
6
6
6
6
7
10
12
12
11
9
8
9
10
12
13
13
13
16
22
19
14
10
12
18
22
23
20
18
19
22
23
23
24
23
22
18
13
10
7
6
8
12
16
19
20
21
21
20
19
15
9
6
6
5
5
5
6
6
6
6
6
6
6
6
6
7
8
11
13
13
11
9
8
8
9
10
11
11
11
13
17
19
14
10
11
17
22
22
19
18
20
22
23
23
23
22
20
16
12
10
8
7
9
13
17
19
20
21
20
19
18
14
8
6
6
5
5
5
5
6
6
6
6
6
6
6
6
7
9
12
13
13
11
9
8
8
8
8
9
10
10
11
14
19
14
9
11
17
21
21
18
19
21
22
23
23
23
21
19
15
11
10
8
7
10
14
17
20
21
21
20
20
17
12
7
6
5
5
5
5
5
5
5
6
6
6
6
6
6
8
10
12
12
12
10
9
9
9
9
8
8
9
10
11
13
20
14
9
12
17
20
19
17
19
21
23
23
23
23
21
19
14
10
10
9
8
11
15
18
19
20
20
20
20
16
11
7
5
5
5
5
5
5
6
6
6
6
6
6
6
7
9
11
12
11
11
10
10
9
9
9
8
8
9
10
11
12
19
13
9
13
18
19
17
17
20
22
23
24
24
23
21
18
13
9
10
10
10
12
16
17
18
19
20
20
20
15
9
6
5
5
5
5
5
5
6
6
6
6
6
6
6
8
11
13
12
11
10
10
10
9
9
9
8
8
8
9
10
11
18
12
10
15
19
18
16
17
20
23
24
24
24
22
21
18
12
8
10
11
11
13
16
17
18
19
19
20
19
14
8
6
5
5
5
5
5
5
6
6
6
6
6
6
7
9
12
14
12
10
10
10
10
9
9
9
8
8
8
8
10
11
17
12
11
16
19
17
15
18
21
22
24
24
23
22
21
17
10
7
9
11
12
14
16
18
19
19
20
19
17
11
7
6
5
5
5
5
5
5
6
6
6
6
6
6
8
11
14
14
13
11
9
9
9
9
9
9
9
8
8
8
9
11
16
11
13
17
18
16
16
19
21
22
23
24
23
22
21
16
9
6
8
10
12
14
16
18
19
20
20
19
15
9
6
6
6
5
5
5
5
6
6
6
6
6
6
7
9
12
14
13
12
11
9
8
8
8
8
8
9
8
8
8
9
11
15
12
15
19
18
15
17
20
22
22
23
23
23
22
20
14
8
6
7
9
11
14
16
18
19
20
20
18
13
8
6
6
6
5
5
5
5
6
6
6
6
6
6
7
10
13
14
13
12
11
9
8
8
8
8
8
8
8
8
8
9
10
13
12
16
19
17
16
18
21
22
22
23
23
23
22
19
13
7
5
6
8
11
14
16
17
19
19
19
16
10
6
5
5
6
6
6
5
5
6
6
6
6
6
7
8
11
13
14
14
12
11
9
8
8
7
7
7
7
8
8
9
9
10
12
13
17
17
15
16
19
21
22
23
23
23
23
23
19
12
7
5
6
9
12
14
16
18
19
19
18
14
8
6
5
5
5
5
5
5
5
5
6
6
6
6
7
10
11
13
13
13
12
10
10
8
7
7
7
8
8
8
9
9
10
11
11
15
18
17
15
17
20
21
22
22
23
23
24
23
19
11
6
5
7
10
13
15
17
19
20
19
17
12
7
6
5
5
5
5
5
5
5
5
6
6
6
6
8
11
12
12
12
12
11
10
9
8
7
7
7
8
8
9
9
9
10
14
