98
366
246
-199
-273
20
212
165
52
-35
-137
61
279
0
-303
-208
29
77
-12
-88
-174
-104
69
106
-20
-142
-61
35
35
141
217
145
-22
-106
83
198
-8
-189
-128
-72
-97
27
135
147
75
-53
-42
64
55
-57
-86
68
168
31
-79
-38
-11
-4
-13
-31
42
88
-74
62
54
-60
-54
67
139
99
34
6
-56
96
337
242
-71
-254
-120
27
6
-57
-188
-91
158
142
-49
-176
-178
-102
27
212
234
63
-111
-170
7
176
70
-107
-163
-131
-114
-33
96
153
57
-106
-42
92
63
-19
-46
134
213
-88
-220
-32
16
1
2
-45
25
128
-225
-176
-86
7
14
17
21
-29
-20
72
43
23
224
374
136
-256
-260
-21
48
20
-24
45
166
122
8
-89
-264
-295
-81
103
83
-20
-56
-61
-14
40
3
-63
-91
-36
-21
-49
39
151
68
-112
-67
24
25
74
105
240
213
-247
-343
23
100
-17
-50
-29
-12
66
-172
-179
-163
-36
40
33
-36
-131
-73
75
44
-50
34
171
91
-153
-201
-39
39
61
135
148
86
95
105
1
-210
-264
-110
-11
-61
-71
40
44
-33
-34
-8
-11
-26
27
69
50
81
151
81
-73
-116
-101
18
223
261
234
109
-328
-443
-25
211
66
-106
-56
-28
-31
-16
-72
-144
-44
75
51
-78
-156
-56
15
-7
13
-60
-118
-30
48
16
-75
-60
39
96
41
-10
76
112
43
-26
12
49
-10
-153
-187
9
98
30
3
2
-5
-2
60
113
116
74
31
10
5
-60
-117
22
254
276
130
29
-194
-435
-264
124
148
-48
0
17
-93
43
-72
-52
18
60
67
-73
-156
-48
-43
-7
123
-34
-243
-128
193
267
-52
-161
15
-37
-170
-65
28
8
94
178
207
149
14
-166
-285
-142
73
139
71
0
9
46
83
84
69
-20
-131
-91
66
87
30
36
101
119
69
37
-80
-294
-306
-57
55
9
71
42
-72
-13
-117
-29
-20
30
198
43
-197
-165
-108
26
208
73
-215
-206
168
363
62
-118
17
-78
-246
-146
-41
11
170
240
168
59
-20
-88
-202
-199
2
138
57
43
137
97
-19
-29
31
-47
-141
-97
39
135
154
64
-33
-28
73
57
-138
-157
-57
-56
-18
6
-17
-37
2
-42
-12
-29
-123
-32
252
163
-220
-258
-83
16
137
143
-17
-97
47
162
80
36
71
-6
-176
-268
-94
176
264
130
-59
-79
-16
-14
-28
-87
-72
36
27
69
226
152
-69
-86
-11
-64
-94
-68
-31
49
116
39
-55
-29
111
110
-117
-122
17
19
102
91
-46
-87
-62
-16
79
-5
-91
-51
201
188
-230
-271
-10
32
44
127
149
74
-7
-66
-56
33
106
103
-49
-219
-41
268
287
2
-298
-204
15
32
86
39
-126
-71
45
46
143
190
70
-29
-120
-142
-91
-63
-20
21
37
-27
-61
-17
90
141
10
-100
-68
27
196
220
130
15
-225
-40
-13
-19
17
44
207
165
-196
-297
-80
93
112
76
66
48
4
-80
-115
-37
85
126
72
11
63
188
204
-21
-308
-301
-81
79
150
85
-98
-133
4
40
27
109
171
41
-188
-162
-52
-54
69
151
35
-88
-78
-41
25
84
42
-31
-3
57
104
132
182
148
-169
-55
-85
-27
22
73
177
139
-73
-235
-137
75
132
15
-86
-55
-5
7
80
139
81
18
62
104
46
19
104
63
-123
-255
-142
94
144
42
-67
-113
-39
28
-29
-11
107
55
-127
-103
-9
-18
154
264
33
-147
-61
-2
-8
2
43
66
66
52
-38
-99
23
161
31
22
-62
7
43
18
13
53
35
-57
-52
2
45
-14
-91
-61
-44
56
374
423
41
-124
-59
-69
-91
-102
16
109
37
-61
-28
71
96
20
-46
-60
-39
-18
-25
-13
40
54
-33
-69
-41
33
210
233
-7
-162
-46
36
-4
-46
29
108
11
-47
-41
-100
-63
32
48
50
-48
86
229
40
-211
-132
25
48
40
-6
-19
-36
-47
-26
-62
43
493
576
-1
-254
-189
-253
-174
-76
-36
27
57
66
57
51
82
65
30
-19
-60
-40
21
36
83
114
-18
-101
-78
28
177
147
-21
-111
-61
1
47
34
28
53
-56
-99
28
33
-18
-33
5
-47
-3
182
344
106
-281
-333
-169
-10
89
29
-79
-84
-29
26
26
37
337
511
52
-325
-287
-250
-153
-29
-17
-5
59
41
-30
19
73
41
40
17
-33
-18
31
28
120
184
-32
-157
-48
8
47
45
-10
-36
-58
-36
116
227
138
11
-41
-67
-60
-30
44
69
41
-102
29
152
231
94
-201
-374
-312
-103
68
7
-117
-33
96
148
148
-32
-46
219
92
-226
-199
-140
-168
-82
58
137
170
-29
-255
-110
48
24
28
29
-10
-12
21
6
78
173
-18
-167
-11
28
-33
-35
-21
-11
-32
-18
140
263
117
-20
35
-11
-147
-82
96
84
-52
-21
11
25
63
-60
-250
-211
-107
-65
-11
-52
-30
160
239
185
98
-218
-343
19
89
-77
6
-19
-164
-98
119
219
185
-89
-385
-253
7
107
124
49
-49
-71
-33
2
62
109
12
-105
-35
43
29
-25
-92
-77
14
51
99
82
-82
-77
54
22
-27
53
117
-43
-244
56
22
19
-14
-276
-412
-56
182
62
-63
-83
67
234
210
80
-54
-274
-237
133
129
-56
19
19
-60
-45
44
77
38
-68
-196
-167
-11
100
142
104
14
-108
-181
-57
72
50
52
-10
-88
41
162
54
-140
-153
17
114
93
-41
-148
-77
-7
-2
89
104
44
-81
-254
57
50
111
48
-309
-483
-96
204
127
-41
-85
4
64
72
2
-84
-112
25
227
123
-82
-67
28
99
-15
-197
-152
-18
22
33
47
57
-2
-8
137
167
-71
-230
-81
31
8
72
40
-91
20
207
142
-48
-175
-150
78
178
-31
-67
1
-48
-61
36
35
-15
5
-79
104
73
98
108
-133
-377
-262
-24
113
43
-74
-69
-34
18
-7
-46
-10
46
76
35
-2
70
172
232
-7
-410
-363
-55
39
48
99
117
4
-67
147
233
-64
-182
-3
36
11
38
4
-21
21
123
156
98
-112
-344
-106
208
59
-57
-5
3
-64
-79
4
43
29
4
160
96
-11
-7
6
-98
-291
-242
38
54
-44
-12
42
85
46
-35
-79
-99
-81
20
135
232
248
227
29
-366
-462
-211
-17
22
23
66
64
-9
120
245
-28
-237
-19
136
78
7
-47
27
83
59
59
135
55
-262
-293
50
169
-91
-132
98
61
-151
-108
38
-27
-54
62
54
-52
-134
-17
112
-95
-217
-97
-22
112
119
-12
13
93
20
-124
-138
-50
57
107
103
96
166
147
-130
-364
-230
4
27
-27
10
50
-36
-7
189
79
-232
-131
105
86
27
-37
18
119
60
-37
53
153
-19
-247
-107
117
-103
-161
187
218
-156
-265
-47
-18
-64
-74
-65
-32
-114
-111
84
96
-73
-226
-41
380
276
-175
-271
-12
104
-77
-115
31
18
-49
-9
4
124
268
35
-234
-53
111
-14
-55
21
13
-49
-79
9
73
-43
-118
-80
-22
41
9
-3
52
73
-2
-44
42
62
-50
-48
-19
-161
-66
216
201
-85
-195
-40
24
-8
-42
-130
-97
-88
-100
35
105
-59
-285
30
570
367
-180
-391
-232
-9
-53
-77
39
-71
-128
71
55
94
330
77
-222
49
173
-69
-103
6
-17
9
-11
-86
-19
93
28
-130
-86
68
63
-55
-79
36
69
-31
-84
-40
0
58
-10
-159
19
135
4
-17
3
1
-5
1
67
-131
-205
-103
-7
36
16
-107
-276
90
610
363
-51
-189
-348
-332
-82
119
97
-132
-160
40
43
137
348
88
-228
-31
158
10
-101
-67
-52
-14
11
-11
-28
57
73
-85
-52
127
110
-42
-132
-107
20
85
-58
-144
-93
46
68
-65
46
55
-105
-7
65
-23
-77
-34
23
-182
-164
2
26
-69
-41
-26
-172
85
463
254
41
66
-232
-461
-102
275
159
-142
-160
-29
19
167
245
43
-203
-171
111
176
-29
-117
-56
-38
-16
36
-11
-13
0
-93
-36
89
95
105
-36
-258
-132
116
57
-52
-95
-41
42
6
29
-5
-64
1
10
-35
-72
-39
-106
-226
31
162
-8
-147
-33
55
-16
104
218
53
3
171
12
-306
-155
134
54
-131
-64
58
79
132
102
26
-120
-195
35
128
-7
-66
-42
10
28
-6
-65
-1
69
-51
-112
-33
44
199
101
-264
-268
13
166
162
-7
-160
-70
82
46
-98
-38
25
-51
-8
16
-31
-113
-134
169
116
-94
-58
13
-18
24
131
117
-16
-88
141
208
-133
-270
-145
-99
-94
12
101
119
148
99
97
29
-50
-45
-167
-99
35
-36
10
87
31
-63
67
248
21
-243
-124
32
168
190
-102
-276
-100
153
237
60
-225
-177
117
116
-90
-33
13
-103
-20
65
-56
-65
50
149
-79
-177
-23
-2
-86
-37
90
164
110
-42
120
246
-78
-318
-265
-126
-41
-19
43
119
184
150
64
75
157
-18
-366
-243
29
8
4
81
130
46
92
288
87
-298
-241
30
181
204
-14
-255
-157
34
180
141
-163
-218
54
140
-16
-16
6
-84
-27
42
-104
-44
166
101
-133
-215
-163
-50
15
-9
54
175
146
41
171
168
-128
-240
-213
-140
-4
23
73
137
143
109
-28
17
197
46
-279
-307
-80
104
90
40
104
63
19
179
151
-219
-303
18
239
163
-113
-310
-152
-14
111
175
-35
-88
60
55
-97
-53
58
7
-29
-51
-132
-8
101
92
-10
-233
-256
26
199
86
-10
87
49
-54
168
153
-147
-139
-162
-192
68
183
100
90
115
71
-29
-23
23
-20
-80
-226
-160
150
152
0
23
8
-34
45
80
-80
-122
39
167
94
-131
-266
-139
-1
75
90
8
120
170
-40
-212
-93
91
18
-105
-161
-97
-29
-70
88
127
-172
-165
163
273
88
-112
5
11
-227
59
223
-92
-119
-129
-99
186
233
-2
-22
176
130
-68
-123
-126
-96
11
-97
-114
99
57
-38
44
49
32
-6
-32
49
99
23
-23
-7
-12
-85
-122
-34
41
-8
-57
159
215
-36
-162
-36
88
-28
-144
-157
-14
-100
-127
72
173
-12
-38
140
190
67
-63
-16
-4
-233
-25
216
-30
-151
-123
60
241
149
-10
0
197
174
-125
-282
-180
-45
-17
-37
25
33
-62
-36
85
101
72
9
32
164
98
-112
-158
-60
9
-7
-27
-42
-41
-23
-68
43
174
61
-85
-30
58
-39
-99
-48
53
-90
-42
22
133
130
29
-4
61
112
64
-76
-59
-33
18
123
42
-96
-129
37
130
60
95
120
191
191
-97
-344
-203
55
9
-7
79
-28
-72
-18
32
68
10
-14
180
286
4
-280
-189
-10
-74
-77
58
2
-72
26
-18
-59
123
140
-90
-122
43
8
-66
14
52
-55
1
-26
76
182
109
-34
13
169
116
-165
-160
82
69
35
123
88
-47
-87
-21
26
75
98
186
180
-50
-253
-168
102
92
9
31
-33
-45
-77
-86
3
12
14
216
326
3
-314
-175
30
-76
-100
40
37
-24
25
-1
-56
60
83
-100
-100
117
99
-75
-48
29
-86
-45
4
63
125
116
36
42
138
108
-113
-161
18
-5
-42
123
191
74
-80
-63
45
71
53
78
59
-7
-90
-77
59
35
-59
-21
-15
-75
-127
-103
-4
84
88
108
194
50
-167
-106
5
-12
-39
22
79
15
-28
13
5
-12
-24
-37
61
156
77
-124
-127
34
-101
-129
8
76
10
-10
49
24
-11
33
-1
-33
-22
-77
-60
44
95
113
28
-69
42
216
207
74
-9
8
19
18
-3
-56
-100
-92
-133
-160
-55
49
60
46
29
-5
19
19
-8
12
-12
-38
-20
62
106
32
-28
6
23
-20
-43
62
178
98
-31
-114
-96
-14
-41
-177
-85
30
-32
-62
1
-46
-101
-37
-3
8
-26
-85
-60
-27
-25
51
58
-55
-1
207
327
258
44
-56
41
87
20
18
-21
-150
-231
-105
98
146
50
-69
-78
-24
-40
-29
53
90
-2
-109
-71
32
66
63
9
-74
-27
38
3
59
112
44
-24
-15
-18
-76
-6
-129
-88
-16
1
-12
-35
-42
-59
-48
1
32
-15
-85
-112
-97
-64
-10
8
-43
-91
-9
227
294
20
-143
3
77
45
79
26
-117
-119
111
232
88
-63
-110
-80
-5
8
12
58
103
45
-63
-112
-108
22
169
84
-100
-68
27
-12
-30
-35
16
51
1
-1
15
-52
-81
2
16
-3
-23
-40
8
-3
-14
63
89
23
-49
-96
-96
-53
-6
-10
-70
-170
-140
69
135
-43
-137
-54
-2
0
0
-38
-55
23
167
149
-40
-112
-57
-29
8
57
50
32
83
80
28
-83
-174
13
256
238
87
-33
-121
-132
-71
-64
13
75
-31
20
172
-47
-42
20
36
-39
-89
-77
-37
9
50
67
54
33
9
-9
-19
-19
23
15
-43
-97
-118
-51
27
-6
-63
-57
-20
-16
-48
-71
-19
56
32
-125
-212
-102
14
33
26
40
40
5
13
33
55
-24
-125
-25
154
305
285
-17
-272
-182
-29
-4
70
113
10
38
192
27
41
8
29
-7
-85
-130
-113
9
66
-1
-31
15
54
47
26
23
40
17
26
42
-53
-98
-8
-8
-65
-5
49
-12
-54
-9
43
32
-17
-185
-269
-129
38
99
25
-27
6
-5
-18
14
62
1
-79
-63
41
248
240
-114
-322
-95
57
45
143
167
15
-8
126
13
56
45
49
37
4
-83
-86
20
13
-55
-40
1
19
52
117
110
18
-13
48
68
14
-26
-54
-179
-203
56
202
1
-147
10
113
-7
13
7
-135
-137
21
61
-38
-65
-69
-17
82
78
37
4
-18
-20
102
219
96
-191
-290
-59
94
77
106
79
-32
59
129
-68
-39
42
60
34
64
-2
-49
-3
-34
-61
3
0
-70
26
259
237
-8
-48
17
12
82
89
-101
-346
-321
69
342
158
-135
-120
11
-12
28
59
-65
-94
20
-50
-101
-12
-94
-29
159
103
-36
-10
58
34
130
148
12
-133
-184
-83
66
80
-1
-77
-14
287
189
-39
-101
-69
19
87
88
-23
-135
-114
-62
-49
-7
-5
-56
46
301
282
-16
-86
-16
-25
91
132
-131
-359
-254
9
252
355
108
-242
-227
0
81
-4
-71
-51
2
-63
-90
-4
-37
22
131
58
-58
-19
62
6
49
57
-2
-59
-96
0
84
-11
-107
-113
81
461
189
101
4
-131
-47
150
123
-71
-228
-216
-77
-17
-24
-10
15
84
216
185
-19
-86
-44
-28
56
94
-93
-242
-138
-57
70
316
231
-152
-232
-3
93
16
3
-27
-62
-32
-68
-100
-7
113
98
18
-14
-32
-14
-13
68
130
67
-101
-132
162
144
-229
-304
-111
144
434
120
184
258
36
-85
67
99
-74
-196
-157
-47
-1
13
13
-2
26
76
54
26
-30
-116
-42
63
67
40
-23
-36
-29
34
131
114
2
-34
2
-5
-53
-32
8
-28
-57
-76
-110
-22
79
70
43
2
-86
-66
48
149
256
146
-232
-237
255
139
-436
-481
-126
109
232
84
211
435
217
-123
-111
-30
-99
-116
-33
-5
2
75
58
-41
-58
-27
-6
57
-24
-186
-76
63
62
104
125
176
196
103
22
20
36
50
6
-79
-220
-285
-50
79
-33
-36
-31
-54
-40
49
92
2
-4
78
92
48
206
150
-364
-308
313
101
-525
-480
-91
53
36
104
223
366
216
-70
-205
-240
-170
-49
-5
-1
31
95
94
27
-37
-61
-5
17
-113
-166
-7
66
4
-2
41
258
431
252
28
-24
-25
40
57
-13
-212
-456
-262
46
55
61
9
-111
-90
69
68
-16
221
358
81
-152
68
91
-436
-329
305
63
-492
-371
-50
11
-35
130
152
162
198
187
-86
-344
-234
-50
-42
-5
47
51
82
83
15
-37
0
-18
-159
-98
166
184
-3
-72
-116
14
362
403
104
-141
-154
68
183
80
-75
-307
-331
-110
26
75
-1
-127
-100
44
-2
-82
300
524
110
-192
4
-23
-430
-303
117
-32
-300
-200
-48
-15
-23
111
83
16
108
327
165
-199
-261
-127
-42
8
31
28
35
31
27
20
-15
-37
-141
-132
200
386
185
-10
-120
-174
58
311
152
-180
-193
111
232
70
-23
-55
-171
-263
-181
-37
-19
-30
-55
-54
-59
-58
282
487
148
-56
7
-203
-421
-198
-48
-139
-74
-20
-73
-3
30
42
59
-14
-26
196
241
-72
-264
-161
-10
18
22
47
23
35
46
11
-3
-11
-156
-262
55
521
460
82
-36
-159
-225
45
163
5
-38
100
129
18
-23
44
-51
-368
-377
-115
-7
88
65
-119
-102
124
368
283
42
101
27
-396
-456
-78
-43
-148
17
48
-78
21
71
-1
25
-50
-10
109
88
-150
-234
-95
4
10
37
85
46
45
35
-43
35
113
-104
-323
-81
494
608
184
-19
-161
-293
-49
148
132
73
36
17
20
18
45
-39
-380
-379
-73
-8
74
81
-140
-115
255
463
96
-124
143
-25
-463
-376
-42
-24
-50
36
59
29
77
72
-25
33
-64
1
70
-25
-193
-173
-37
13
35
73
120
49
-43
-41
-54
62
212
18
-263
-116
359
520
189
-42
-93
-107
21
60
27
4
-33
-10
64
73
46
-50
-315
-289
-22
-3
1
-56
-188
-94
214
409
65
-143
92
-104
-283
-68
-48
-109
-56
17
195
245
125
55
-47
35
2
-44
-52
-18
-56
-100
-57
21
98
112
99
40
-39
-119
-121
87
188
6
-117
-7
201
266
78
-56
69
132
3
-91
-45
-35
-60
7
69
80
76
-22
-236
-234
-25
32
19
-121
-220
-51
136
209
64
-29
17
-107
4
194
-32
-168
-204
-104
295
375
93
9
6
11
6
-77
-147
-10
50
-13
9
47
63
94
84
57
70
-135
-254
57
111
-105
15
173
101
60
35
-37
134
212
-140
-265
44
84
-58
18
57
62
115
33
-160
-150
-21
-5
40
-25
-119
-4
80
16
3
55
-65
-124
135
215
6
-66
-202
-223
120
288
47
-29
99
81
32
-80
-145
-59
-3
57
144
89
-19
46
128
79
81
-103
-294
-35
72
-152
-19
253
155
9
17
-3
131
182
-196
-333
63
137
-63
19
91
79
118
55
-94
-85
-36
-52
38
65
1
-15
8
-33
-12
59
-125
-198
53
126
91
93
-56
-204
-70
123
24
-13
91
109
109
32
-18
-69
-62
42
109
65
-14
32
130
68
6
-81
-206
-43
109
-119
-124
251
294
45
-52
-15
122
158
-55
-194
-77
-27
-69
31
123
115
116
50
-91
-160
-147
1
152
92
-9
-75
-47
12
74
73
-120
-216
-134
-32
135
138
10
-55
-14
23
-7
14
-6
-97
-46
43
62
7
35
3
-85
-50
4
26
60
29
-25
-55
-75
21
112
-32
-68
230
369
176
3
-21
40
76
66
-14
-141
-157
-44
47
88
123
151
39
-212
-314
-208
69
230
76
-35
-76
-102
4
179
185
14
-153
-280
-189
31
25
-26
122
203
28
-78
-26
-14
-204
-246
-162
-84
46
229
61
-249
-189
-15
15
-1
-13
-19
-14
-8
1
14
-2
15
185
403
373
146
7
-37
-45
30
40
-58
-102
1
51
30
95
163
-15
-388
-386
-86
71
60
-37
-3
-2
-140
-50
197
296
229
-34
-335
-275
-62
-39
-71
179
395
119
-205
-151
66
-18
-117
-200
-169
29
285
123
-256
-211
-10
28
29
1
-32
5
18
-40
-86
-136
-88
164
452
451
163
1
-5
-53
-45
-3
21
-1
-5
27
40
46
24
-164
-404
-287
-16
-8
-91
-92
9
36
-71
-29
82
194
318
124
-285
-313
-60
18
-63
94
356
179
-236
-222
109
72
35
-43
-29
29
156
90
-134
-106
-3
36
120
74
-46
11
65
1
-60
-181
-180
93
362
362
145
12
55
18
-75
-36
51
47
-19
-20
24
-64
-219
-287
-206
-105
-92
-96
-47
-18
-8
14
9
17
-16
21
209
177
-135
-221
-51
4
-40
0
129
121
-99
-85
152
9
3
25
64
38
36
32
-18
-69
-78
16
135
100
-16
-6
21
21
66
25
-58
-51
54
179
225
155
94
-22
-138
29
169
78
-18
-113
-185
-217
-240
-186
-33
-14
-93
-91
-38
-1
23
37
2
-32
-25
14
109
121
-25
-59
3
-30
-50
-50
-2
40
-47
8
145
