96
74
107
139
177
173
107
84
111
116
111
140
194
224
210
168
134
123
122
136
179
218
226
224
225
226
227
228
229
228
225
199
154
130
127
131
161
198
185
144
125
122
133
177
210
179
153
191
210
162
118
118
119
110
131
187
221
191
144
127
125
132
108
90
133
168
192
176
105
79
122
144
115
100
156
208
178
123
122
151
140
109
137
201
226
223
224
227
227
227
228
228
213
158
117
138
162
153
158
170
139
123
152
154
121
129
179
161
124
174
206
140
90
122
157
134
106
149
200
162
116
143
175
177
130
114
176
216
218
184
113
107
175
210
161
101
135
189
147
97
124
165
152
104
112
183
224
225
225
227
226
226
227
227
196
129
123
185
219
213
201
165
117
143
206
216
159
117
153
153
121
171
206
147
112
169
220
190
125
136
192
162
106
128
171
191
139
118
183
224
224
189
120
122
194
226
179
111
132
181
133
82
106
130
124
105
120
181
221
226
227
228
226
225
225
226
185
118
135
207
231
230
222
166
116
159
220
230
183
124
142
148
124
173
207
154
128
186
232
202
136
137
198
193
135
109
113
126
140
118
181
223
223
190
121
120
189
222
181
115
130
178
133
89
127
162
164
160
172
203
222
226
228
228
227
225
225
225
185
118
131
202
231
229
221
167
117
159
221
229
179
123
143
149
124
174
208
152
127
185
230
203
138
137
199
218
193
172
146
109
140
108
161
205
215
188
120
117
188
222
178
109
124
182
149
100
136
189
201
189
189
207
222
226
227
226
225
224
226
227
197
132
113
167
208
203
194
169
120
131
188
200
150
119
157
155
121
170
206
150
123
183
231
205
138
135
190
198
179
185
173
124
154
101
110
145
184
186
127
120
189
223
181
112
125
193
186
125
108
134
146
137
149
193
222
225
225
226
224
223
224
227
217
167
116
121
144
138
149
176
149
111
125
134
118
138
186
169
129
171
208
159
133
186
231
208
147
143
189
174
130
125
129
123
188
138
111
124
171
194
159
154
199
224
200
153
155
205
217
178
136
118
121
131
158
203
226
224
225
228
225
223
225
226
226
206
166
137
127
129
159
202
197
154
130
128
145
185
215
196
171
195
218
191
172
203
232
221
184
181
208
198
160
143
144
162
219
199
180
180
201
214
205
203
216
223
218
205
203
217
223
218
202
184
183
194
207
221
227
227
227
228
227
227
228
227
226
223
214
199
188
193
209
225
225
211
196
193
205
221
227
222
217
222
228
223
217
222
230
229
222
221
226
226
218
210
210
219
227
226
221
219
222
223
223
223
223
223
223
223
225
224
223
227
228
226
224
225
226
226
226
228
227
226
227
228
227
226
225
224
225
226
225
226
228
228
225
226
227
227
228
229
228
229
230
229
229
231
231
229
229
230
232
233
231
232
233
232
232
234
224
225
223
221
221
222
222
223
223
224
223
222
224
226
224
223
225
225
223
222
226
227
226
226
226
225
226
226
225
225
224
224
225
225
225
225
227
227
224
226
229
227
226
227
228
228
228
228
228
228
228
229
229
230
230
231
231
232
231
229
229
231
223
222
222
221
221
222
222
223
223
224
224
222
222
224
223
223
225
224
222
222
226
228
226
225
227
227
225
225
226
226
224
225
226
225
224
226
228
228
226
226
228
226
224
226
228
228
228
228
228
228
228
228
228
229
229
230
230
231
231
230
230
231
221
220
220
221
221
222
222
223
223
224
224
222
221
222
222
223
225
224
224
225
226
226
225
225
228
229
226
224
226
228
228
226
225
224
225
226
227
228
228
226
225
226
227
228
228
228
228
228
228
228
228
228
228
228
229
229
230
230
230
231
231
231
222
220
219
220
221
222
222
223
223
224
222
220
223
226
224
222
223
223
222
224
226
224
224
225
226
228
227
225
226
228
229
225
223
227
229
229
228
228
229
227
226
227
229
229
228
228
228
228
228
228
228
228
228
228
229
229
230
230
231
232
232
232
224
222
219
220
221
222
222
223
223
224
223
222
222
224
226
223
222
217
201
205
221
226
226
226
224
225
226
225
225
226
225
222
224
227
223
223
230
231
228
227
226
227
228
228
228
228
228
228
228
228
228
228
228
229
229
230
230
231
232
233
233
232
222
222
220
220
221
222
222
223
223
224
226
219
195
189
212
223
222
200
160
165
208
228
228
226
224
225
226
226
227
227
225
223
226
218
192
186
216
233
228
226
227
227
227
228
228
228
228
228
228
228
228
229
229
230
230
231
231
232
233
234
234
232
223
221
216
217
222
223
222
223
224
224
227
208
152
136
185
220
224
191
129
133
196
227
227
228
227
227
226
225
225
223
222
226
229
207
154
138
188
227
229
227
228
228
227
228
227
223
224
229
228
225
226
230
229
224
223
229
231
224
215
213
219
229
203
181
169
178
199
217
222
222
223
225
225
192
119
91
139
184
206
187
122
115
165
183
183
200
222
227
213
191
176
171
177
199
217
189
119
94
141
184
206
224
228
228
227
228
220
197
195
219
223
200
195
218
220
193
189
213
214
185
159
151
165
200
150
120
114
122
151
196
222
223
222
226
220
176
98
63
96
134
174
181
119
87
114
121
112
136
191
223
198
148
124
125
124
139
175
166
97
68
103
138
179
218
229
229
230
231
212
162
146
194
208
149
128
184
201
151
148
187
176
141
134
131
124
152
108
117
146
146
153
188
219
225
221
224
220
185
111
77
116
156
186
183
114
78
116
141
117
99
149
211
207
167
156
161
138
106
134
163
113
87
134
171
195
220
228
229
232
233
217
157
120
170
188
114
81
150
181
133
138
171
139
126
166
174
133
122
93
121
172
189
194
208
220
224
222
222
225
205
140
106
159
208
217
188
117
103
165
207
172
110
128
201
218
190
167
159
135
93
118
173
137
110
176
222
224
225
228
230
230
230
227
177
124
152
168
115
90
134
161
134
153
167
115
108
148
156
121
110
113
97
115
139
175
210
222
222
222
222
225
211
149
113
169
221
226
193
125
121
190
230
194
124
129
195
197
147
120
123
118
91
118
173
141
112
178
229
230
228
228
230
230
230
230
193
134
130
142
135
129
128
131
132
170
170
106
99
129
135
129
141
173
136
113
97
117
175
216
222
220
219
222
209
145
108
167
221
227
197
126
118
189
226
192
126
130
187
163
108
126
171
166
119
124
171
142
113
176
227
230
227
228
229
232
231
231
206
144
102
111
156
170
125
96
126
188
181
113
118
172
194
192
196
191
188
173
121
93
146
208
223
220
218
221
209
145
100
154
211
220
192
122
113
184
223
190
123
127
180
146
99
146
201
179
115
117
171
143
107
160
211
221
225
229
231
231
229
230
218
158
85
94
173
199
132
78
124
202
199
133
115
160
189
182
181
141
150
156
121
103
154
210
223
222
221
221
215
162
102
115
157
184
180
126
116
181
224
195
128
128
184
164
104
113
143
126
89
113
177
160
107
118
155
189
219
230
229
229
229
229
225
179
112
121
193
216
160
110
149
212
218
176
129
119
129
128
147
132
119
122
124
147
192
220
222
222
223
222
220
194
142
114
128
165
186
156
145
192
226
207
160
156
201
201
150
118
122
128
126
150
196
197
153
125
134
175
217
229
227
228
229
229
227
206
174
178
211
225
203
178
194
221
227
217
191
162
153
161
185
190
177
173
181
203
221
223
220
222
224
222
222
218
198
180
180
199
214
202
197
215
227
219
202
201
219
223
207
186
183
194
199
204
218
222
209
192
189
206
223
228
228
228
228
227
229
225
218
218
224
229
227
221
224
229
230
232
230
219
213
218
226
222
222
220
221
223
223
220
221
224
225
222
221
222
222
223
222
222
226
224
224
225
225
225
222
222
225
225
227
226
223
224
227
229
228
226
227
230
230
227
226
228
230
229
227
225
227
229
228
229
229
227
228
229
229
230
230
230
231
233
233
231
229
219
220
222
222
220
221
222
224
224
223
221
221
222
224
225
223
222
223
224
223
222
223
224
224
223
224
224
225
228
224
220
224
229
229
226
226
228
228
226
226
228
229
227
226
226
226
227
226
226
226
225
226
229
229
230
232
231
229
230
231
230
229
218
218
220
222
222
222
223
223
221
220
220
221
222
223
222
224
226
224
222
221
222
222
222
223
223
222
224
225
226
224
222
223
228
229
226
225
226
226
226
226
228
227
226
227
229
230
229
228
226
225
226
227
227
229
231
233
232
230
227
228
230
231
219
221
223
224
223
221
220
221
221
220
220
221
221
220
222
226
227
223
220
221
224
224
223
223
224
224
226
226
224
225
225
224
226
228
227
226
228
229
227
228
228
227
225
225
228
229
229
230
228
226
227
227
225
227
229
228
229
230
227
226
229
231
220
223
225
224
224
223
221
221
222
222
220
220
221
220
221
225
224
222
221
222
225
224
223
224
225
225
226
226
224
225
226
225
225
226
226
227
228
228
228
228
228
226
223
225
227
225
226
229
228
226
226
226
226
228
229
227
228
230
229
228
229
231
219
208
196
205
221
223
220
218
220
222
221
219
219
218
219
221
221
222
222
222
224
222
221
223
214
200
204
220
226
226
226
225
225
226
227
227
226
226
228
228
227
224
224
226
227
225
226
228
228
226
226
225
227
230
230
228
227
229
228
228
229
229
216
181
140
166
213
222
219
217
218
222
222
219
219
221
221
220
218
219
220
220
222
222
222
222
195
149
158
207
226
226
227
226
225
227
229
228
228
228
228
228
227
225
225
228
228
227
228
229
228
229
228
227
228
230
230
229
227
228
227
228
229
228
215
166
108
141
207
223
220
220
220
220
221
220
218
219
223
224
221
220
222
219
216
217
221
222
186
121
130
199
229
226
224
226
228
228
223
220
222
224
225
228
226
220
224
225
218
219
227
227
217
207
205
216
228
227
218
219
226
227
223
215
217
226
214
163
101
121
172
180
183
201
218
219
207
185
168
168
182
201
217
223
217
197
175
168
177
198
182
120
127
199
223
200
192
212
225
208
177
159
162
171
190
217
216
191
182
179
164
173
203
200
168
145
142
168
208
214
181
178
211
227
208
172
179
212
216
165
91
85
114
114
114
148
198
215
184
135
112
115
122
141
185
214
190
141
115
112
121
155
163
118
131
195
190
145
148
193
202
156
115
109
108
101
129
193
203
145
108
113
117
140
169
149
123
129
123
119
162
192
148
136
194
228
194
133
144
198
219
170
91
77
122
135
109
105
160
208
192
153
141
142
115
96
144
188
149
104
120
145
146
157
158
117
126
169
144
115
155
199
168
114
119
154
148
104
107
180
199
127
86
122
161
177
159
119
137
188
179
124
125
165
141
127
186
226
194
128
137
195
220
173
102
110
176
203
160
103
130
198
206
174
153
143
108
77
122
162
122
113
172
210
206
201
181
120
95
113
115
143
199
206
143
112
164
214
203
141
117
180
202
134
111
172
221
216
160
118
167
227
222
157
116
145
139
131
187
226
195
131
138
195
219
172
108
129
197
224
187
114
119
184
179
128
110
117
101
77
119
151
111
128
199
226
224
223
194
118
62
61
102
175
223
201
135
122
185
227
213
151
121
181
202
136
122
188
229
217
158
121
175
228
226
169
119
140
136
131
191
230
195
131
140
195
218
170
105
129
199
222
183
112
119
169
136
98
132
171
149
101
122
150
108
124
196
225
224
222
191
116
69
70
90
149
210
205
138
113
174
222
207
143
116
178
198
132
120
186
227
219
164
117
160
220
217
156
122
152
138
119
176
216
177
117
137
195
215
167
98
116
186
203
153
101
133
168
118
99
162
202
161
99
119
160
118
103
166
205
200
196
177
118
105
132
110
103
161
198
153
100
125
169
159
107
103
175
197
131
116
184
227
225
183
120
124
172
169
126
134
179
152
102
125
155
127
92
132
194
213
167
97
90
128
135
108
106
163
191
134
94
121
141
112
79
119
178
151
103
117
139
135
150
162
126
129
179
162
109
118
171
179
125
92
106
109
83
97
174
202
144
126
185
225
228
210
158
117
119
122
127
169
213
190
130
108
121
123
122
160
205
215
183
132
109
108
104
114
150
197
213
177
128
111
118
120
119
151
198
195
152
124
116
118
149
179
161
159
198
205
166
143
171
200
180
145
139
137
104
105
173
211
181
168
201
226
229
227
209
173
152
158
182
211
228
223
195
171
175
189
196
208
225
216
206
189
180
173
168
179
201
218
220
213
195
176
177
188
192
201
216
220
206
187
179
182
196
211
208
203
214
221
212
202
205
204
187
175
171
149
111
122
186
222
216
213
221
228
228
228
229
223
215
216
224
227
226
230
227
223
226
231
230
229
230
214
216
218
219
220
220
220
221
220
218
221
223
219
220
222
222
221
222
224
223
222
223
223
222
223
223
222
222
221
221
224
222
198
152
124
121
111
113
158
208
226
226
227
226
225
227
227
228
229
229
230
229
227
227
228
226
228
232
230
228
227
227
217
219
221
220
218
221
222
220
218
219
220
220
221
220
220
220
220
221
223
222
221
224
224
223
221
219
221
222
220
221
223
222
206
166
132
127
139
166
203
222
225
225
224
224
225
227
229
227
224
223
226
228
228
229
228
227
227
228
228
228
228
228
220
221
220
219
218
218
219
219
219
221
222
221
220
218
218
221
221
220
221
221
220
223
225
223
219
219
222
222
221
224
224
223
221
212
200
198
206
217
224
224
225
225
225
226
226
225
227
226
223
223
225
226
228
229
229
230
229
227
228
228
228
229
218
219
219
220
221
220
218
219
220
220
222
223
220
218
220
222
222
221
221
222
221
221
223
223
221
221
222
222
222
223
223
223
225
226
226
226
227
228
226
223
223
224
225
228
226
225
228
229
225
226
226
225
226
227
227
227
229
230
228
227
228
229
216
218
219
221
223
222
220
221
222
220
220
221
220
220
222
223
222
222
222
223
222
220
222
223
222
221
221
221
222
223
221
221
224
225
224
223
225
228
227
224
224
224
225
227
226
225
228
229
227
227
228
227
226
226
226
228
231
230
228
227
227
228
216
217
216
217
220
221
221
223
223
221
220
220
223
224
223
222
221
223
223
222
220
220
222
224
225
223
221
221
222
223
221
219
221
224
225
225
226
227
226
224
227
227
224
224
226
227
227
227
225
226
227
227
228
227
226
229
231
228
229
229
225
226
216
212
195
187
204
219
223
223
222
222
221
223
225
224
222
221
222
225
224
221
220
221
222
223
226
226
222
222
226
226
223
220
219
222
224
226
227
226
225
225
226
225
224
225
227
229
227
226
226
226
228
227
226
228
228
228
228
225
224
222
219
222
218
206
160
134
178
217
223
222
223
224
221
220
222
221
221
220
219
219
221
221
221
219
218
220
219
217
217
221
224
220
215
218
221
221
223
224
222
214
211
217
223
224
226
226
226
226
225
226
223
211
207
197
186
194
215
229
227
205
179
168
167
177
189
177
122
89
133
176
195
208
203
198
195
182
183
204
212
194
170
164
179
205
218
202
183
176
168
161
173
188
181
163
156
175
206
221
222
210
181
156
150
162
192
220
229
226
224
224
225
226
202
157
138
133
121
122
162
216
224
183
139
129
128
123
130
134
94
64
90
122
159
186
158
128
129
119
129
174
179
138
114
110
116
154
197
176
120
103
109
104
103
115
118
110
100
111
162
211
216
176
129
118
120
113
137
194
227
227
223
224
228
226
180
106
93
127
131
103
114
183
221
198
170
166
152
110
120
148
107
74
109
146
177
189
131
80
99
125
146
166
140
112
136
148
115
112
162
156
92
89
133
137
96
76
111
148
135
100
126
194
197
135
111
148
163
125
107
161
218
228
223
225
228
225
177
106
116
182
200
151
111
157
214
208
177
159
138
95
166
194
135
95
150
203
217
202
131
90
139
189
200
172
112
104
150
165
123
93
136
147
101
125
192
198
130
90
145
206
187
118
116
183
177
104
94
140
153
119
96
145
210
227
225
226
227
224
177
115
142
210
228
183
124
147
196
172
130
127
129
100
204
212
147
102
158
216
224
203
135
107
170
220
218
166
92
85
117
124
110
105
145
149
108
141
208
210
143
103
160
218
197
126
117
180
167
91
82
120
131
122
126
167
213
226
225
227
227
225
178
114
142
211
227
182
125
148
177
133
120
169
186
137
208
212
149
104
155
212
221
204
138
107
169
220
217
161
91
100
144
157
158
165
186
162
111
141
206
207
144
106
162
219
199
131
121
182
171
99
100
159
187
182
184
203
219
224
225
227
227
225
183
114
128
195
207
155
121
163
178
121
116
173
184
127
174
203
150
101
147
206
218
203
139
106
166
217
220
176
107
110
168
197
190
182
193
165
111
141
206
208
142
102
160
221
202
132
119
181
189
126
101
146
183
176
167
189
217
226
225
226
226
224
186
112
96
135
140
117
132
189
200
141
101
114
125
105
124
179
157
101
110
152
180
187
138
108
166
214
221
201
141
103
120
143
134
131
163
159
115
140
205
210
148
109
162
219
202
141
128
183
211
169
113
104
118
115
124
169
215
227
225
224
224
225
187
110
82
103
114
132
174
213
221
189
142
126
141
153
120
165
178
132
97
103
143
181
158
134
179
216
219
217
189
142
113
107
112
132
174
181
152
164
208
216
178
153
184
218
211
177
170
202
225
212
175
147
138
141
163
197
222
226
225
225
224
224
184
115
110
155
178
194
214
224
227
223
208
198
205
215
