67
0
153
0
0
0
25
0
0
49
0
0
0
0
5
0
0
0
4
0
0
55
0
30
12
0
47
163
0
43
0
0
88
0
70
0
138
0
0
0
0
0
0
2
109
0
62
0
0
0
0
0
0
0
0
0
0
0
0
4
0
0
0
0
0
0
133
0
0
0
0
0
0
0
0
0
140
0
0
39
0
0
19
19
0
0
0
0
0
0
19
0
0
112
0
5
0
0
45
28
0
0
97
83
0
0
0
0
0
0
0
0
0
6
0
0
0
0
0
83
19
0
115
0
147
24
0
0
78
0
0
0
0
51
0
0
0
0
0
51
0
6
0
0
0
0
0
0
0
16
112
0
0
0
9
0
1
0
0
12
40
0
12
0
0
28
124
0
0
0
0
0
0
5
0
56
0
152
3
0
157
0
0
0
0
20
9
0
0
0
0
0
0
0
20
0
0
0
0
0
0
0
2
0
0
0
0
235
0
94
98
0
0
0
0
0
0
0
0
0
0
0
0
133
0
0
16
0
0
12
0
181
0
24
0
0
0
0
0
163
0
0
0
0
0
0
0
0
0
0
0
0
45
150
0
0
39
0
0
0
95
62
0
66
116
61
0
0
0
0
0
0
0
8
25
0
0
0
0
0
0
69
59
0
0
0
53
0
0
0
0
0
54
0
29
0
0
106
0
0
3
0
15
0
59
0
0
0
0
0
0
0
0
0
0
0
0
0
0
0
0
0
0
0
0
0
0
0
84
84
0
0
0
0
41
0
0
67
0
0
148
0
0
93
0
0
0
0
0
37
0
217
0
143
0
0
0
0
2
0
0
13
14
0
0
0
53
0
0
0
0
45
65
0
0
29
0
0
0
0
0
0
0
0
0
146
0
0
0
0
0
95
0
0
0
0
0
36
0
0
0
160
0
114
0
0
0
0
0
0
0
0
0
0
0
34
0
0
46
0
0
0
0
0
30
14
5
0
0
0
94
0
0
0
0
0
87
0
155
0
0
0
0
0
0
0
0
0
53
0
0
0
29
0
0
0
32
34
0
0
58
0
51
0
0
0
0
0
51
0
0
0
0
0
0
0
0
0
0
0
0
0
148
0
0
0
0
0
0
0
0
0
0
17
101
0
0
0
3
0
23
0
0
89
0
0
0
0
0
125
0
110
0
0
74
0
0
0
0
0
0
0
0
0
0
0
49
0
0
0
0
37
0
0
0
0
157
0
0
0
0
0
0
15
0
0
0
0
20
0
0
98
0
0
0
0
84
0
85
0
0
110
0
0
0
0
0
0
83
0
0
0
0
109
0
83
0
0
36
44
50
0
0
0
24
0
31
0
187
0
0
51
0
0
0
0
0
0
0
156
3
7
0
0
0
31
0
0
0
0
0
0
0
0
0
0
0
0
218
0
84
0
0
0
0
119
0
0
3
0
0
8
0
0
0
16
0
0
79
0
0
0
0
32
0
0
0
0
0
0
99
0
0
0
0
5
0
119
0
0
20
0
0
0
30
0
0
65
0
0
38
0
0
0
0
0
0
164
0
138
0
0
0
111
0
0
0
0
0
0
23
112
0
0
76
0
129
0
0
0
0
0
85
0
0
77
0
0
0
82
0
0
0
48
0
0
42
0
0
0
15
120
0
151
0
0
0
0
0
50
0
0
0
0
124
0
0
0
0
14
30
0
0
0
0
0
135
0
0
67
78
0
0
209
0
0
0
0
0
6
0
247
0
0
0
0
0
0
0
0
53
0
103
0
0
0
0
0
0
0
0
0
0
0
0
27
0
0
0
0
0
0
0
0
0
0
157
0
0
0
17
0
0
32
0
191
0
54
0
108
28
0
44
0
91
0
55
0
0
0
0
0
0
0
0
64
105
0
77
0
0
0
10
0
0
0
0
0
0
0
0
0
0
0
0
0
0
58
71
0
0
48
0
0
0
31
0
0
157
0
0
23
0
0
0
0
0
0
0
0
0
131
0
0
0
0
0
0
0
11
0
0
0
0
85
0
0
56
0
0
75
0
0
2
24
14
0
192
0
0
