536
198
435
443
415
207
373
293
151
320
210
128
399
58
107
321
-8
218
271
192
448
292
228
301
467
324
391
637
55
268
191
109
470
158
669
327
433
238
333
146
4
221
183
201
420
178
330
237
192
99
187
83
99
232
266
135
-42
272
104
424
198
376
231
234
354
167
297
218
371
205
403
453
64
259
126
-109
319
269
185
129
523
183
286
219
434
457
346
154
420
-18
210
444
86
648
27
433
325
74
306
484
308
391
421
451
307
354
317
92
433
66
74
214
57
202
411
329
451
197
286
255
284
153
458
180
207
441
312
149
239
207
197
220
77
334
143
356
200
313
233
484
50
555
199
207
32
244
472
171
73
306
291
142
298
-57
297
-35
275
278
200
27
467
176
154
305
145
152
446
347
232
330
394
299
332
493
248
492
345
234
533
99
264
381
370
444
420
259
393
148
103
235
87
350
507
-95
376
193
-59
171
346
248
499
96
428
67
272
6
29
390
135
249
394
44
466
52
130
124
25
267
551
194
266
235
273
264
357
248
228
238
256
330
127
550
226
398
260
247
70
232
-32
311
156
240
367
259
164
402
290
303
373
259
339
132
58
371
221
379
384
231
416
183
186
557
255
471
212
469
324
46
-17
-4
28
492
166
537
216
214
430
141
257
566
-33
54
248
153
257
348
329
164
301
184
166
-164
212
-17
208
183
332
532
351
428
321
184
255
232
205
140
290
223
212
184
177
26
101
-4
241
109
356
112
349
425
268
165
213
-54
418
130
291
174
138
413
425
83
239
-82
293
339
136
543
289
103
579
317
183
388
181
182
312
422
95
499
63
426
181
490
258
139
409
168
217
47
167
135
463
222
473
240
369
247
305
268
228
179
268
260
101
218
296
521
74
314
198
156
99
324
120
452
312
238
98
92
222
235
369
532
315
330
244
123
348
433
-167
377
16
245
249
494
182
329
370
57
234
183
174
231
177
334
212
374
121
228
262
274
-12
505
320
347
295
348
201
271
198
232
-20
268
160
312
458
277
478
452
377
189
128
159
161
490
66
241
366
62
385
405
185
181
242
45
296
373
338
336
399
84
523
201
174
65
188
100
84
377
326
253
197
-6
264
236
224
223
357
144
482
103
424
-19
354
276
151
148
104
300
368
150
349
173
316
420
272
300
256
254
530
433
282
310
335
405
400
510
78
387
164
243
467
289
475
344
225
274
70
448
376
67
28
257
338
399
500
491
269
124
164
78
221
214
86
238
310
229
173
222
242
323
65
139
179
75
348
319
249
193
248
383
200
416
160
96
269
334
282
396
159
400
190
527
236
21
385
-19
604
235
129
276
38
235
306
431
383
359
271
90
345
543
257
292
501
250
313
208
473
301
203
388
248
384
519
260
444
277
210
458
335
382
268
144
-142
157
224
118
223
65
86
169
342
-26
301
231
209
-85
611
77
336
211
335
396
432
366
439
187
112
245
58
209
291
523
131
267
254
204
631
196
356
223
247
260
185
416
414
93
443
-79
392
340
456
223
237
255
-4
285
359
365
451
286
374
152
301
222
-117
318
222
131
193
199
44
318
252
171
110
385
80
387
361
403
377
328
352
405
25
454
292
196
311
173
550
147
498
134
430
227
191
270
252
188
513
511
217
397
188
261
23
331
241
415
139
388
145
400
322
414
371
167
77
459
81
369
272
303
305
115
280
479
319
130
317
108
170
401
138
217
219
198
137
361
162
243
323
54
314
167
185
335
185
243
31
320
293
297
226
370
207
370
84
294
277
122
184
254
232
307
-3
175
161
195
653
349
346
80
240
36
360
219
58
34
111
211
-52
300
341
169
-14
61
126
177
-24
373
436
-8
376
268
331
122
213
183
217
485
137
498
312
328
293
422
370
315
440
386
337
363
305
344
318
196
355
317
266
382
388
225
592
165
297
40
231
-16
220
131
234
4
172
-39
63
244
468
33
173
94
124
77
242
137
526
496
278
335
282
176
44
424
86
-42
328
318
268
344
408
258
397
255
268
169
277
441
93
323
93
304
212
61
201
267
-63
221
295
185
333
109
244
176
197
196
309
103
194
462
107
364
378
569
170
483
296
277
