-1038
-2802
-2015
-788
-843
-966
-68
-2454
-1588
-1578
-1363
-480
-761
-840
-1252
-356
-930
-2129
-1232
-1046
-1187
-564
-2841
-2141
-1875
-3672
-3532
-1731
-1097
-2447
-2081
-1851
-2885
-2194
-318
-1304
-1993
-277
89
-1825
-639
-1151
-1000
-2049
-432
-918
-2446
-595
416
-755
-1511
-1687
437
-1234
-2066
-1462
-1129
-1976
-3778
-2572
-1678
-2309
-1314
-1613
-1132
-609
-1622
-594
-1606
-750
-2419
-1089
-2241
-1230
-3566
-1987
-1355
-1994
-894
-780
-1170
-907
-1796
-1359
-766
821
-545
-997
-729
-2355
-1068
-189
-1931
-1033
-1081
-1885
-1913
-2651
-1244
-1742
-1943
-2412
-664
-3072
-1148
-1683
-1638
-2137
-2874
-1535
-651
-1708
-373
989
-857
-2463
-554
733
-1679
-1601
-487
-1173
335
-972
-2440
-465
392
-997
-1474
-1891
-1436
-977
-1740
-53
-1221
-2045
-1705
-649
-1272
-1850
-1463
-19
823
-926
-1509
-764
-1629
-1515
-1100
351
-1427
-413
-704
-2610
-114
307
-490
-12
-147
-1264
-2389
-2905
-1717
-1458
-1235
-1736
-964
-3194
-2601
-592
-1376
-3022
-2593
-1759
-2143
-2302
-1934
-1296
-34
-300
-1045
-932
-1235
-203
-1545
-2965
-2116
-1890
-201
-59
-1093
-2048
-3439
-2213
-2246
-832
-2319
-1418
-1242
-3127
-2786
-1603
-2854
-2205
-1565
-2739
-1087
-2608
-2345
-1404
-1658
-1744
-2206
-1354
-3064
-1146
-2894
-1931
-2814
-1935
-382
-2965
-1813
-1718
-1551
-2333
-969
231
-1344
-1934
655
-854
-1763
-1140
-1529
-1104
-1557
-613
-1430
-2046
-2758
-3196
-626
-2454
-1682
-995
-1163
-2110
-784
-2105
-2578
558
-341
-1197
-15
-1172
-98
-1713
-2279
-277
-2304
-687
-39
-1219
-2075
-3016
-1339
-636
-1340
-1951
-766
-1484
-2639
-2744
-1730
-1987
-1951
-597
-1776
-579
-983
-1366
-1455
-229
-400
-210
-3243
-1997
-338
-1972
-1048
-1935
-1644
-1610
-1710
-1184
-1820
-1788
-2669
-1763
-1758
205
-844
-772
-1406
-1452
-792
-1203
-274
-1938
-1421
-1209
-2056
-3096
-889
-859
-950
-2248
-2079
-1405
-3199
-2254
-4064
-2345
-527
-2278
-3340
-2511
-1692
-86
-921
-1614
646
-1172
-2109
-1915
-1164
-74
-394
-694
-2195
-3076
-2500
-1493
-960
-1514
-1935
-1549
-1194
-2720
-1086
-2637
-2053
-1154
-2337
-2342
-1089
-1575
111
-1534
-1905
-163
-2264
-2218
-1520
-303
191
186
-384
-1188
-1618
-1810
-1426
-2164
-3652
-754
221
-114
-1776
-582
-397
81
-1214
-2513
-2387
-755
-2896
-1459
-1588
-1799
208
-2548
-595
453
299
-1244
-2409
-1806
-1348
481
-1092
-2322
-2144
-2315
-213
-992
-2170
-3233
-128
626
1002
-1001
-1835
-3104
-1783
-2626
-1909
-2441
-1865
-131
-1957
220
744
-88
-680
-429
-1811
-2896
-913
-827
-1294
-1430
-2251
-1232
-3336
-2867
-1902
-198
-1116
-2485
-2264
-500
-1574
-1042
-2175
-2074
-942
-1597
-1950
-1465
-2771
-2590
-1236
-1538
-1027
-768
-650
-960
-3645
-2711
188
230
-1614
-3057
-2863
-2028
-2304
-774
-1553
-1545
-21
-869
98
-404
-1743
-126
-2339
-2407
-922
-2252
-780
-1795
-3318
-1070
-1541
-2833
-1974
-2604
-1381
-1795
-1455
-1743
-1173
-198
3
-2191
-1637
-924
-878
-563
-1674
-1011
-1898
-2229
-1583
-2791
-1852
579
-1478
-418
-1580
-2731
-1365
-2454
-2845
-517
-1776
-1343
-1921
-1267
-1010
-476
365
-839
-1966
-1576
-1711
-3142
-1977
-1677
-1797
-1586
-107
-929
-2130
-2252
-582
-2343
-1444
337
-2123
-399
-1418
-3322
-1134
-1744
-2134
-959
-2571
-2774
-2286
-66
-1398
-1735
-1045
-2579
-3132
-659
-385
-1242
-681
-588
-151
77
-1046
-1606
-1550
-1715
-1486
-1744
-1142
-1610
-2142
-696
-1874
-2035
-189
-2543
-1646
-1835
-1361
-1499
-2985
-3591
-2979
-182
-588
-1656
-2563
-2064
-1785
-2285
-1764
226
412
-1104
-2243
-2272
-1480
-424
-255
-1257
-1661
-1665
-2121
-2800
-1228
-74
-1073
-97
-1846
-2760
-1011
-1070
-263
-2539
-2593
-2729
-1559
-2423
-2842
-910
-781
-1073
-225
-679
-1415
-412
279
-1106
-2866
-2308
-453
-1080
-3198
-1333
-1594
-2686
277
-1059
-1562
-322
-1974
-1501
-2178
-501
-1550
138
-820
-482
-659
-1419
-1518
-3136
-2292
-700
-739
-1819
-1652
-2250
248
-328
-2288
-1521
178
-736
-1458
-1151
-2784
-2406
-2208
-367
886
-1032
-1781
-1071
-940
-946
-393
-1037
-569
-659
-2605
-2582
-2865
-2945
-2633
-1594
-1217
-191
-1051
-459
-778
-560
-1711
-2332
-353
-1848
-2093
-1652
-255
-1712
-47
-865
-1639
-2029
-2215
-1348
-2423
-1984
-908
-1307
-1698
-903
-805
-2139
-1923
-1837
-2019
-1664
-740
-1390
-2166
-2220
-2848
-1007
-2032
-1275
-1505
-1803
-2333
-3453
-2791
-960
-1316
-2306
-2600
-1880
-2751
-1762
-2635
-2110
567
-730
-1416
-377
-124
-1730
-2557
-607
-2146
-1932
11
-1902
-966
-1167
-777
443
-829
-1316
-1988
-992
-1054
-1444
-352
-620
-781
-1056
319
-1808
-3020
-258
158
284
-1034
-1937
-1514
-1597
-1035
-1796
-2492
-340
-1671
-782
-1891
-2464
-1004
-1891
-401
-897
334
-447
-983
-1902
-2657
-1860
-1313
-432
-788
-1333
-1146
-1775
-1966
-989
-1192
-1439
-2025
-1411
-2338
-3288
-1874
-1855
-685
-629
-2381
-1543
-2374
-934
-934
-1144
-3063
-1913
-939
-1513
-2197
-2471
-3686
-2472
-1971
-1610
-1377
-3289
-1845
-1330
36
-2434
-2294
-1549
-2099
-1190
-1206
-1650
-1775
-1138
-418
-2491
-2527
-1912
-2797
-2207
-790
-3331
-2012
-762
-1229
-878
-982
-2395
-2028
266
-1311
-1299
-1600
-1245
-1135
-1236
-2801
-2409
-1138
-347
-380
73
90
-708
-2272
-1013
-1960
-2821
-466
-556
-2361
-1663
-193
-512
-491
-1407
-2248
-2618
-1869
-2117
-1329
-686
-2485
-1484
-391
-1
-255
-2052
-2914
-1318
