-2
-3
-12
-19
-59
-493
-495
-48
6
10
204
455
351
101
6
-4
1
6
5
2
-1
-1
1
-1
2
-2
-5
-2
-21
-249
-2
-1
-11
-18
-26
-410
-545
-153
16
137
416
438
150
11
0
-1
3
3
3
2
-1
-3
0
0
2
-3
-5
-2
-18
-260
-5
0
-8
-16
-25
-285
-555
-289
92
370
467
222
32
2
-2
0
3
2
3
2
0
-4
-2
2
0
-3
-3
-2
-12
-208
-5
-1
-5
-12
-22
-147
-553
-373
290
483
290
54
4
-1
-1
1
1
2
3
1
0
-3
0
1
-4
-2
-2
-3
-9
-120
-4
-2
-3
-8
-19
-57
-459
-275
399
339
86
7
-1
-3
1
4
0
0
2
-1
-1
-1
1
1
-5
-3
-1
-4
-8
-47
-5
-1
-1
-6
-16
-26
-229
-79
240
112
10
3
-3
-3
3
5
0
-2
2
-3
-3
0
-2
-1
-2
0
1
-4
-7
-16
-4
0
-1
-7
-11
-12
-41
9
51
10
5
1
-3
-1
3
2
0
-2
1
-3
-4
-3
-8
-9
2
12
6
-3
-6
-11
-1
0
-3
-7
-5
0
7
6
-1
1
4
-1
-2
1
1
0
-1
-2
1
-5
-11
-12
-12
-8
11
23
10
-1
-6
-12
-1
-1
-5
-4
1
4
3
0
-1
1
3
-4
-2
3
-1
0
-1
-2
-4
-16
-21
-17
-8
7
26
24
5
0
-3
-10
-1
-3
-7
-1
6
3
-2
-2
1
2
0
-6
-1
4
-1
0
0
-5
-20
-24
-17
-14
-4
18
36
21
0
-1
1
-6
-1
-3
-5
1
6
1
-3
-2
1
2
-1
-5
-1
5
1
-1
-1
-12
-29
-17
-7
-12
-6
16
37
21
1
-2
1
-3
-3
-1
1
3
2
0
-1
-2
-1
2
1
-3
-3
6
2
-3
-1
-17
-23
-8
-5
-9
-10
9
35
21
0
-1
1
-2
-2
2
4
3
-1
0
0
-2
0
1
0
-1
-3
4
2
-3
-1
-16
-16
-7
-8
-6
-12
7
34
19
-2
-1
1
-2
3
3
4
1
-3
1
0
-2
3
-1
-4
0
0
1
-1
-3
-1
-10
-12
-9
-11
-4
-9
8
31
15
-2
-2
0
-3
8
0
3
0
-2
3
0
-1
3
-3
-7
0
2
-3
-12
-4
10
0
-9
-11
-12
-4
-2
12
22
7
-2
-2
0
-3
9
-1
1
0
0
2
1
1
0
-4
-6
-1
-3
-15
-26
4
31
11
-7
-12
-11
-10
2
18
14
1
-2
-3
-2
0
6
0
-1
1
0
-1
1
1
-2
-4
-5
-7
-16
-28
-23
20
43
18
-5
-10
-8
-12
1
16
10
-1
-2
-2
-4
1
3
0
-3
2
3
1
-2
-2
-3
-10
-14
-17
-23
-25
-4
32
44
19
-4
-5
-5
-8
1
8
4
-2
-2
1
-3
-2
1
-1
-3
2
5
4
-2
-3
-9
-26
-27
-21
-16
-11
7
37
46
19
-3
-3
-4
-4
4
2
-3
-1
-2
0
-1
-3
1
-1
-1
2
2
3
2
-2
-19
-40
-30
-18
-11
-2
8
36
50
23
-1
-4
-3
-2
5
1
-5
-1
-2
-1
-1
-2
3
1
-1
2
0
2
4
-5
-27
-43
-28
-16
-11
1
9
33
53
27
1
-3
-3
-2
2
2
-2
-3
-3
2
-1
-2
6
3
-1
3
0
1
3
-10
-33
-42
-27
-13
-6
3
10
31
52
28
3
-2
-5
-2
0
1
-1
-3
-2
2
0
0
14
14
8
5
0
-1
0
-13
-38
-42
-23
-9
-1
5
7
27
51
31
4
-1
-5
-3
0
0
-2
0
1
-2
-1
2
20
34
27
10
1
-2
-2
-17
-39
-38
-22
-11
0
5
2
24
56
36
3
0
-4
-4
0
1
0
1
0
-3
-1
1
13
43
43
19
3
-1
-2
-24
-39
-31
-24
-14
-2
3
5
28
59
36
1
0
-2
-3
0
1
2
0
-3
-2
0
0
2
37
50
29
5
0
-3
-30
-43
-27
-19
-13
-8
3
14
32
56
34
1
0
1
-1
-1
-2
1
1
-4
-3
1
1
-2
30
54
36
6
0
-5
-33
-47
-23
-12
-13
-9
5
15
31
54
33
3
0
1
-1
-2
-3
-1
2
-3
-5
2
3
1
26
56
38
6
1
-9
-39
-47
-16
-8
-12
-3
6
10
33
54
27
2
1
-1
-4
0
-1
-3
2
-1
-6
1
5
10
24
54
36
7
2
-14
-46
-45
-12
-4
-5
0
3
10
41
51
17
-2
2
-1
-7
1
1
-3
1
0
-4
1
5
21
27
48
28
7
2
-16
-45
-43
-15
-4
0
2
0
17
50
42
9
-3
1
0
-7
-1
2
0
0
-1
-1
3
1
