0
0
0
0
0
0
0
0
6
10
204
455
351
101
6
0
1
6
5
2
0
0
1
0
2
0
0
0
0
0
0
0
0
0
0
0
0
0
16
137
416
438
150
11
0
0
3
3
3
2
0
0
0
0
2
0
0
0
0
0
0
0
0
0
0
0
0
0
92
370
467
222
32
2
0
0
3
2
3
2
0
0
0
2
0
0
0
0
0
0
0
0
0
0
0
0
0
0
290
483
290
54
4
0
0
1
1
2
3
1
0
0
0
1
0
0
0
0
0
0
0
0
0
0
0
0
0
0
399
339
86
7
0
0
1
4
0
0
2
0
0
0
1
1
0
0
0
0
0
0
0
0
0
0
0
0
0
0
240
112
10
3
0
0
3
5
0
0
2
0
0
0
0
0
0
0
1
0
0
0
0
0
0
0
0
0
0
9
51
10
5
1
0
0
3
2
0
0
1
0
0
0
0
0
2
12
6
0
0
0
0
0
0
0
0
0
7
6
0
1
4
0
0
1
1
0
0
0
1
0
0
0
0
0
11
23
10
0
0
0
0
0
0
0
1
4
3
0
0
1
3
0
0
3
0
0
0
0
0
0
0
0
0
7
26
24
5
0
0
0
0
0
0
0
6
3
0
0
1
2
0
0
0
4
0
0
0
0
0
0
0
0
0
18
36
21
0
0
1
0
0
0
0
1
6
1
0
0
1
2
0
0
0
5
1
0
0
0
0
0
0
0
0
16
37
21
1
0
1
0
0
0
1
3
2
0
0
0
0
2
1
0
0
6
2
0
0
0
0
0
0
0
0
9
35
21
0
0
1
0
0
2
4
3
0
0
0
0
0
1
0
0
0
4
2
0
0
0
0
0
0
0
0
7
34
19
0
0
1
0
3
3
4
1
0
1
0
0
3
0
0
0
0
1
0
0
0
0
0
0
0
0
0
8
31
15
0
0
0
0
8
0
3
0
0
3
0
0
3
0
0
0
2
0
0
0
10
0
0
0
0
0
0
12
22
7
0
0
0
0
9
0
1
0
0
2
1
1
0
0
0
0
0
0
0
4
31
11
0
0
0
0
2
18
14
1
0
0
0
0
6
0
0
1
0
0
1
1
0
0
0
0
0
0
0
20
43
18
0
0
0
0
1
16
10
0
0
0
0
1
3
0
0
2
3
1
0
0
0
0
0
0
0
0
0
32
44
19
0
0
0
0
1
8
4
0
0
1
0
0
1
0
0
2
5
4
0
0
0
0
0
0
0
0
7
37
46
19
0
0
0
0
4
2
0
0
0
0
0
0
1
0
0
2
2
3
2
0
0
0
0
0
0
0
8
36
50
23
0
0
0
0
5
1
0
0
0
0
0
0
3
1
0
2
0
2
4
0
0
0
0
0
0
1
9
33
53
27
1
0
0
0
2
2
0
0
0
2
0
0
6
3
0
3
0
1
3
0
0
0
0
0
0
3
10
31
52
28
3
0
0
0
0
1
0
0
0
2
0
0
14
14
8
5
0
0
0
0
0
0
0
0
0
5
7
27
51
31
4
0
0
0
0
0
0
0
1
0
0
2
20
34
27
10
1
0
0
0
0
0
0
0
0
5
2
24
56
36
3
0
0
0
0
1
0
1
0
0
0
1
13
43
43
19
3
0
0
0
0
0
0
0
0
3
5
28
59
36
1
0
0
0
0
1
2
0
0
0
0
0
2
37
50
29
5
0
0
0
0
0
0
0
0
3
14
32
56
34
1
0
1
0
0
0
1
1
0
0
1
1
0
30
54
36
6
0
0
0
0
0
0
0
0
5
15
31
54
33
3
0
1
0
0
0
0
2
0
0
2
3
1
26
56
38
6
1
0
0
0
0
0
0
0
6
10
33
54
27
2
1
0
0
0
0
0
2
0
0
1
5
10
24
54
36
7
2
0
0
0
0
0
0
0
3
10
41
51
17
0
2
0
0
1
1
0
1
0
0
1
5
21
27
48
28
7
2
0
0
0
0
0
0
2
0
17
50
42
9
0
1
0
0
0
2
0
0
0
0
3
1
