6
36
40
42
45
-14
-200
-376
-334
-144
-71
-130
-281
-476
-512
-411
-264
-71
86
134
108
93
83
73
-6
-151
-109
24
18
15
48
-9
-116
-83
61
65
-43
-237
-488
-618
-607
-408
-128
-33
-50
-33
4
26
20
16
11
7
7
-15
-16
19
35
45
41
-17
-70
-62
-22
-10
-14
-3
13
-6
-77
-120
-71
-37
-96
-170
-299
-478
-623
-760
-668
-301
-29
38
38
33
3
-34
-80
-72
46
78
27
63
88
-73
-230
-122
34
56
44
-31
-189
-299
-361
-317
-111
25
13
-25
-42
-45
2
62
45
25
28
-2
-15
21
12
-54
-69
-45
-26
-4
-73
-112
-95
-60
-35
-15
-13
13
54
15
-40
-69
-118
-174
-274
-362
-234
-14
22
-33
-67
-78
-25
18
12
56
105
94
147
203
67
-157
-161
16
72
58
135
267
287
151
-5
-151
-166
-24
33
8
2
4
17
12
-15
-33
-28
-22
-32
-45
-48
-34
-17
4
13
-20
6
-30
-18
-18
-38
-39
-37
36
107
31
-43
-95
-130
-97
-83
8
152
146
22
-64
-87
-68
-2
38
50
97
107
146
269
234
-16
-122
31
108
27
-92
-100
115
313
253
80
-82
-186
-130
-31
11
13
0
-16
-37
-38
-27
-19
-3
-1
-35
-18
48
63
66
89
81
-11
11
32
16
-25
-62
-56
45
119
33
-47
-120
-157
-68
-31
57
178
104
-10
-32
2
39
30
25
79
128
145
213
233
65
-88
-6
116
107
15
-165
-261
-93
182
284
165
5
-142
-182
-53
33
29
13
-7
-18
-28
-23
0
15
17
28
38
0
-32
-6
23
29
-14
12
49
61
23
-17
31
100
75
-3
-46
-109
-149
-75
-5
112
219
121
14
21
53
52
16
13
80
148
198
223
137
16
17
105
119
83
13
-127
-220
-175
42
272
253
87
-75
-174
-106
4
42
49
34
-9
-53
-82
-61
-6
19
26
-12
-85
-100
-71
-63
-59
56
28
-4
-16
-21
-3
83
137
45
-29
-60
-110
-115
-79
4
145
211
112
24
26
31
12
-9
-7
59
161
198
158
83
72
116
105
73
10
-118
-177
-175
-163
-2
234
299
172
13
-138
-194
-81
-20
-60
-65
-18
46
45
-17
-20
27
24
-6
7
8
-40
-54
-22
24
-5
-48
-68
-29
1
42
105
44
-31
-103
-146
-76
-49
29
164
153
57
14
15
8
-6
-13
-11
36
137
172
104
51
78
113
82
5
-153
-260
-152
-91
-164
-94
143
315
260
95
-67
-184
-145
-49
-16
-7
8
32
39
10
-10
-5
-10
10
71
74
3
-32
-23
6
21
-4
-15
14
25
46
63
7
-45
-119
-154
-62
-17
72
195
129
24
5
6
0
-8
-8
-5
5
54
91
48
-9
-14
7
-55
-216
-290
-181
-29
20
-77
-149
10
246
308
182
21
-132
-201
-102
-10
13
16
-17
-51
-35
-2
-10
-17
15
39
38
38
14
-19
0
-15
-46
-50
-26
64
134
59
-32
-63
-106
-126
-77
-8
122
231
138
22
2
-5
-6
-3
-4
-9
-14
-7
5
-8
-121
-321
-417
-402
-385
-270
-67
15
-19
-77
-178
-162
84
299
259
99
-61
-181
-140
-59
-67
-41
18
6
-29
-18
-5
-6
5
23
39
47
25
8
-5
-37
-53
-41
-34
41
123
43
-38
-84
-126
-102
-77
9
157
195
93
12
-5
-21
-26
-15
-11
-20
-29
-29
-22
-21
-102
-292
-415
-342
-178
-82
-47
-37
-65
-84
-184
-262
-64
212
293
183
27
-127
-176
-55
10
1
7
22
44
42
37
24
-12
-35
-15
25
52
64
-81
-57
-28
-38
-40
44
113
39
-32
-111
-159
-78
-39
45
167
121
30
4
-4
-21
-44
-45
-29
-26
-32
-28
-17
-13
-25
-46
-43
-11
19
14
-17
-16
18
26
-53
-191
-185
63
288
260
109
-48
-170
-123
-3
7
-13
41
99
83
54
56
22
-54
-69
-24
4
3
-61
-25
44
57
76
128
88
-1
-38
-101
-145
-73
-10
93
194
106
10
-1
-6
-11
-41
-84
-81
-40
-21
-19
-15
-18
-29
-8
54
70
35
17
37
74
75
57
52
-64
-199
-61
203
295
191
37
-120
-192
-91
-35
-30
11
6
-21
-36
-28
-4
7
2
-6
-5
3
23
36
40
58
123
126
25
-35
-62
-105
-114
-76
2
132
194
91
6
1
-2
-2
-20
-85
-124
-75
-31
-40
-62
-68
-20
67
101
80
71
92
118
97
39
6
21
25
-71
-118
77
290
264
114
-39
-164
-136
-14
19
-5
-22
-36
-20
-2
1
21
28
29
68
98
-12
22
23
-5
54
113
35
-34
-104
-152
-88
-51
24
142
119
-19
-91
-41
4
6
9
0
-36
-57
-40
-33
-57
-101
-106
-36
16
7
-9
-3
4
-21
-35
-15
-13
-9
-75
-171
-50
199
304
203
44
-112
-184
-76
-12
-43
-55
-69
-53
-26
-25
-37
-62
-61
-36
-28
20
11
29
59
100
99
20
-37
-120
-167
-73
-20
64
168
59
-193
-303
-174
-91
-142
-225
-344
-474
-565
-550
-404
-245
-255
-300
-190
-78
-55
-56
-69
-83
-57
-2
49
51
-34
-104
-146
-139
65
284
266
117
-35
-166
-175
-84
-35
-41
-62
-78
-67
-21
20
18
-8
-53
-104
69
30
-13
51
98
31
-27
-51
-103
-128
-71
-8
102
197
73
-139
-201
-141
-150
-243
-370
-542
-699
-784
-733
-524
-301
-223
-204
-134
-111
-116
-61
-18
-59
-81
-23
12
36
41
8
-83
-177
-69
173
293
205
50
-110
-195
-96
2
13
30
44
30
11
17
24
5
-6
-19
11
20
-9
31
91
26
-36
-79
-117
-93
-67
3
132
173
48
-63
-42
-21
-54
-84
-94
-99
-132
-174
-144
-75
-33
-24
-34
-17
-16
-50
-46
-45
-103
-130
-86
-75
-71
-8
-20
-127
-237
-229
23
275
273
129
-26
-156
-155
-52
-2
26
60
62
31
-17
-35
-29
-29
-10
22
4
-10
57
117
44
-30
-107
-155
-82
-43
39
162
127
-19
-102
-51
5
7
17
50
82
81
67
68
58
36
27
17
18
56
91
83
52
44
49
20
-28
-72
-85
-74
-58
-115
-214
-97
171
301
216
60
-99
-181
-84
7
22
22
23
45
21
10
64
64
45
8
8
30
85
69
4
-33
-102
-147
-73
-13
85
196
107
-32
-35
19
23
6
8
14
17
14
13
16
15
7
-2
-19
-41
-20
33
36
37
82
79
16
-15
-17
-62
-68
1
41
-53
-148
30
271
277
138
-16
-149
-153
-20
51
17
-17
-17
4
36
77
107
91
-21
-25
35
83
22
-31
-57
-103
-116
-72
1
124
199
77
-52
-28
14
3
-4
-1
-3
2
5
5
4
-1
-4
-31
-66
-42
9
12
-19
-23
-12
-18
-23
4
56
58
38
27
21
-15
-124
-80
155
299
224
65
-97
-189
-93
-3
-10
-23
-38
11
72
55
50
61
-11
-66
3
104
42
-35
-99
-148
-92
-52
24
148
145
8
-101
-89
-37
-13
-7
-10
-11
0
7
5
2
-4
-5
23
49
41
23
-3
-9
13
39
66
75
67
78
123
141
107
54
-13
-141
-205
5
261
283
150
-4
-147
-195
-133
-106
-128
-122
-74
-36
-42
-48
-7
-14
-31
23
92
33
-33
-110
-161
-71
-20
58
171
116
-30
-93
-70
-55
-26
-2
-9
-10
-8
-2
3
4
3
-4
4
35
30
0
-37
-69
-36
5
7
4
13
14
7
-4
2
27
7
-76
-155
-77
151
303
238
79
-84
-186
-127
-74
-71
-31
-18
-36
-78
-118
-86
24
64
118
58
-22
-46
-103
-135
-72
-7
99
200
114
-51
-99
-35
-7
-12
-1
-3
-7
-6
-2
2
4
3
-7
-14
-6
-9
-26
-24
-14
-44
-86
-99
-85
-74
-72
-44
-41
-57
-31
-16
-21
-87
-152
15
254
286
158
2
-138
-145
20
138
127
80
40
-14
-33
4
-42
83
183
63
-40
-86
-129
-103
-69
2
132
182
66
-60
-70
-23
6
2
-3
-3
-1
4
1
-2
3
4
-17
-60
-69
-19
10
37
57
-9
-29
27
47
34
21
13
17
12
8
33
18
-82
-192
-131
115
293
240
85
-79
-181
-81
31
-5
-75
-113
-82
-14
12
-17
103
145
36
-41
-117
-158
-76
-40
31
153
128
0
-32
46
54
10
-5
-11
-7
1
4
3
0
-4
-5
1
-7
-25
-2
46
52
28
22
15
18
32
31
20
-23
-52
-76
-100
-57
-17
-28
-128
-197
-11
239
286
165
12
-136
-193
-102
-14
29
52
60
33
-42
-1
92
80
-2
-39
-102
-148
-75
-17
77
191
123
-38
-87
-3
55
44
10
-10
-2
3
5
9
5
-6
-6
13
45
38
-18
-39
-1
29
29
12
-35
-86
-92
-48
-14
-29
-49
-73
-114
-107
-62
-88
-174
-137
97
290
244
91
-71
-183
-103
51
136
160
119
56
29
7
60
24
-29
-53
-94
-110
-71
-1
123
209
117
-31
-100
-75
-24
-5
-1
-4
-6
-3
3
8
7
4
5
-6
-32
-35
-29
-33
-32
-40
-24
6
-8
-33
-6
45
61
81
129
109
52
53
38
-20
-142
-205
-13
234
290
174
19
-133
-183
-60
12
-5
11
48
75
87
117
37
-30
-94
-143
-92
-55
21
152
163
45
-29
-33
-34
-25
-26
-13
-2
-13
-12
-3
4
6
5
3
-6
-19
-12
-4
-22
-67
-78
-26
0
-3
13
24
-20
-50
-13
5
-23
-14
68
114
53
-63
-144
-100
107
293
252
97
-64
-190
-154
-56
-25
8
38
-1
115
140
38
-29
-109
-164
-79
-28
52
167
117
-15
-68
-52
-59
-56
-22
-4
-7
-12
-8
-2
5
6
0
-5
9
34
43
13
-30
-16
26
39
51
48
21
-8
-44
-39
-53
-103
-98
-61
-9
30
28
7
-101
-200
-42
217
292
181
26
-128
-204
-123
-62
-64
-59
-59
125
68
-11
-39
-94
-129
-68
-6
97
198
120
-34
-96
-47
-23
-36
-10
2
-2
2
4
5
5
1
-8
-13
4
18
10
-15
-32
5
26
-3
-32
-56
-35
-1
8
32
30
11
41
57
1
-60
-69
-74
-141
-217
-155
85
288
257
106
-51
-185
-182
-82
-36
-44
-43
81
20
-39
-76
-123
-106
-68
3
131
190
101
-23
-80
-41
9
11
13
8
8
16
15
11
3
-5
-12
-14
-15
-13
-23
-29
-16
-21
-24
-38
-72
-46
14
26
18
12
18
-5
-17
10
-36
-79
-33
20
7
-114
-208
-50
211
299
192
34
-125
-201
-112
-56
-90
-90
128
36
-36
-110
-158
-80
-42
29
154
140
36
-55
-124
-107
-33
-25
-38
-11
12
15
11
6
3
1
1
-1
-3
4
-14
-34
-1
29
33
34
34
62
40
-42
-30
6
8
33
-6
-75
-105
-88
20
119
114
2
-172
-188
61
292
270
119
-39
-162
-152
-70
-27
-2
125
18
-30
-104
-148
-70
-18
70
184
120
-19
-91
-90
-39
3
-13
-32
-17
-8
-6
-1
4
8
10
12
11
8
7
0
3
25
45
43
19
32
56
56
58
46
61
115
171
124
13
-13
1
10
9
15
31
-69
-190
-60
194
298
205
46
-117
-175
-38
73
58
39
-24
-50
-102
-122
-80
-13
109
199
110
-26
-47
23
54
56
72
47
15
8
4
-3
-3
2
3
2
3
-7
-4
27
57
55
29
22
-23
-51
-4
24
35
13
4
39
29
44
83
87
75
8
-23
13
8
-52
-147
-150
59
274
265
122
-34
-158
-138
-23
15
29
-37
-96
-138
-91
-59
13
144
169
74
-33
-71
-25
17
35
49
36
34
55
50
14
-6
-5
-5
-5
-3
-3
6
10
-3
6
-16
-68
-72
-71
-84
-93
-92
-110
-143
-125
-70
-1
55
58
30
9
5
-17
-25
0
-76
-168
-48
184
294
210
56
-109
-194
-69
67
29
-27
-108
-158
-75
-27
55
173
128
23
-60
-122
-78
16
19
-32
-31
-4
9
10
6
8
6
3
6
7
7
8
15
25
16
-11
-43
-56
-42
-44
-23
35
26
-33
-46
-25
-34
-31
-3
19
65
64
8
23
89
65
-72
-125
60
277
278
133
-26
-158
-151
-9
-23
-42
-101
-141
-75
-10
93
198
119
-14
-69
-41
33
36
-19
-21
5
-14
-47
-44
-11
6
3
6
10
7
5
2
25
41
-17
-20
81
137
86
9
-21
-12
22
26
-27
-89
-124
-120
-77
-47
-49
-16
17
-13
-20
9
-73
-184
-87
160
298
217
60
-105
-215
-151
-42
-80
-128
-115
-70
2
127
190
100
-32
-89
-25
38
-23
-77
-22
32
8
-19
-10
5
1
-9
-8
-7
-9
-2
-9
-6
15
-12
-12
65
131
101
23
-23
-24
36
58
-7
-57
-35
-7
-25
-52
-77
-56
9
-2
-58
-77
-111
-198
-197
26
263
280
144
-14
-164
-209
-34
-111
-156
-79
-42
25
149
146
56
-37
-87
-53
-44
-50
-1
17
7
8
9
9
5
0
-3
-8
-15
-15
-2
-7
-18
24
80
75
9
-23
37
109
95
60
47
8
28
80
94
94
49
7
-7
-51
-41
30
18
-46
-78
-131
-189
-95
146
301
232
72
-95
-195
-40
-109
-146
-61
-13
67
178
122
21
-27
-50
-29
-5
28
67
37
-8
-4
4
0
-5
-7
-4
-5
-10
-9
-5
5
-3
-33
-14
5
-34
-43
12
60
62
36
-25
-33
33
37
19
26
10
-8
-12
-36
-52
0
26
15
59
42
-113
-172
24
254
284
154
-5
-153
-56
-107
-126
-74
-6
111
203
117
-6
-73
-113
-94
-28
-6
-29
-19
-17
-21
-10
-9
-10
-9
-8
-7
-7
-5
-10
-4
-14
-70
-73
-14
-15
-51
-44
-42
-2
22
-19
8
21
-9
19
37
14
-5
-13
-12
1
49
74
55
74
79
-21
-132
-71
143
292
234
79
-89
-86
-137
-99
-65
6
138
176
81
-26
-75
-88
-84
-56
-40
-15
14
-13
-24
-13
-16
-9
1
2
3
9
11
-7
-21
-11
12
43
60
37
-35
-89
-85
-41
0
14
15
14
69
104
55
45
68
45
7
-12
14
87
102
13
-31
-22
-123
-180
16
252
286
160
5
-110
-155
-71
-30
45
165
130
34
-35
-65
-11
44
45
35
32
26
15
9
3
-6
-4
6
8
8
16
15
-21
-50
-30
11
12
-29
-23
-26
-70
-71
-56
-18
42
49
12
1
13
10
5
13
37
61
52
6
-9
25
40
47
37
-67
-182
-113
127
299
244
86
-106
-140
-71
-11
89
198
124
17
-45
-94
-30
58
69
43
-36
-51
31
33
-1
-3
-4
2
8
9
8
6
20
39
38
35
28
-18
-50
11
48
28
36
41
53
58
34
-6
-50
-8
59
63
53
32
17
-29
-91
-64
3
36
32
6
-100
-184
-7
243
290
168
-121
-114
-72
-1
125
197
110
8
-60
-106
-50
-20
-53
-22
-11
-41
-22
-2
-2
2
2
0
5
7
-2
-5
30
67
70
51
14
-12
-16
21
58
60
58
43
35
37
48
46
-17
-47
-2
44
22
-33
-31
-47
-62
-26
-33
-71
-52
-7
-55
-159
-124
102
292
251
-156
-85
-46
24
148
148
57
-16
-97
-111
1
42
-20
-23
28
7
-35
-12
5
2
1
-3
1
7
3
-6
-7
-5
-12
-14
-8
-17
-44
-66
-76
-50
3
11
-9
-31
-58
-63
-65
-79
-66
-43
-31
-13
-21
-49
-60
-47
-50
-53
-25
-55
-94
-156
-216
-34
228
292
-151
-63
-14
60
170
120
21
-60
-109
-28
58
52
11
-27
5
41
4
-11
0
-2
-2
-1
0
5
13
10
1
6
13
38
94
93
55
36
-44
-110
-87
-86
-108
-85
-41
-3
28
33
41
50
77
112
60
0
-13
-1
35
47
27
-1
-12
-61
-157
-126
96
288
-117
-65
-6
104
204
127
21
-64
-89
-7
-9
-28
21
27
17
41
21
-12
-6
-4
-9
-8
-1
3
8
13
4
2
7
1
-11
7
81
106
52
-14
-67
-98
-129
-101
-8
63
99
54
-47
-77
-5
84
118
123
108
70
79
83
25
31
84
72
-55
-157
-14
222
-95
-65
1
137
185
93
13
-18
-24
-23
-59
-43
22
51
27
11
28
11
-7
-6
-14
-12
-3
-6
-10
0
-1
-30
-24
0
-38
-43
-5
15
105
149
41
-17
15
13
-14
-28
-46
-66
-67
-73
-92
-73
-16
15
20
31
37
21
2
11
28
45
-10
-149
-141
90
-75
-35
37
157
131
37
-25
-58
-38
-21
-30
-11
0
-5
-27
-45
-13
1
-5
-3
-6
-4
-7
-16
-15
-1
13
-6
-3
10
-35
-37
-43
-67
14
56
-32
-53
47
87
5
-110
-141
-32
74
65
19
-8
-69
-138
-138
-119
-116
-78
8
40
-4
-43
-78
-177
-233
-53
-70
-12
89
199
125
18
-46
-101
-73
0
39
33
2
-25
-30
-36
-28
-3
8
12
12
6
-1
-3
4
11
6
5
-17
-83
-82
-4
35
55
19
-52
-39
-7
15
37
30
-3
-29
-25
-11
-11
4
-9
-66
-25
22
-54
-104
-34
56
50
-7
-57
-66
-37
-124
-167
-75
-5
125
208
119
18
-36
-80
-63
-19
13
-1
-46
-66
-20
40
39
22
16
21
30
21
9
7
8
2
-10
-5
-40
-100
-79
-35
-10
14
43
105
151
90
-38
-98
-35
54
56
-8
-39
-23
-71
-118
-47
52
101
94
51
16
10
7
-1
22
69
76
-74
-225
-48
21
145
152
65
8
-50
-108
-90
-78
-92
-100
-69
-24
-60
-74
-30
-5
4
14
26
22
9
5
1
-9
-8
7
16
4
-52
-129
-151
-148
-129
-73
-28
1
-24
-60
-49
-56
-43
15
44
26
-30
-26
41
15
-30
-8
-6
-37
-68
-18
48
51
68
21
-71
-142
-15
61
172
123
28
-15
-77
-100
-28
-4
-80
-123
-83
-42
-66
-89
-49
-9
3
11
14
10
5
1
-11
-19
-8
18
59
95
94
28
-1
30
-25
-101
-113
-67
18
93
84
27
16
11
-12
-32
0
22
-6
-19
-11
9
20
-4
-60
-61
-17
-8
-13
-6
46
6
-7
100
199
123
19
-45
-80
11
102
100
74
45
-9
-34
40
64
12
9
14
5
4
3
0
-2
-5
-7
5
15
-14
-38
5
69
132
146
75
34
54
50
49
66
20
10
70
76
29
5
23
10
-42
-75
-78
-27
51
68
47
-8
-43
-8
-23
-39
9
-9
1
129
181
92
8
-57
-92
-10
52
48
82
139
127
95
133
133
55
6
-2
-7
-6
2
4
4
9
10
9
-22
-91
-123
-94
-26
16
17
37
39
70
121
83
-2
-73
-67
12
33
-2
17
53
55
56
57
7
-47
-22
29
63
41
-28
-50
-40
-24
15
40
32
152
135
47
4
-37
-72
-50
-22
-20
-8
53
120
107
52
19
-5
-12
-5
-5
-4
2
10
13
9
1
-5
-28
-66
-48
0
-1
-42
-57
7
56
17
7
42
31
22
34
11
-42
-58
12
55
45
70
70
90
130
37
-73
-65
-32
-29
-34
2
44
27
12
80
193
125
22
-3
-49
-108
-73
15
49
35
-1
-9
-28
-65
-57
-41
-16
1
-6
-8
-5
5
12
8
-1
-8
4
44
53
0
-49
-43
9
36
10
-58
-122
-118
-78
-23
4
-18
0
42
-4
-109
-102
-31
-44
-13
50
-3
-70
-69
-33
-3
-6
-14
-20
-64
-121
125
213
122
17
-32
-89
-104
-72
-46
-28
9
11
-19
3
33
26
17
2
-7
-10
-19
-18
-12
-8
-3
-1
-7
5
69
137
112
-2
-74
-26
33
18
11
-13
-74
-69
-29
-29
-47
-21
-10
-57
-50
-40
-75
-39
-36
-105
-56
22
-12
-39
-34
-46
-82
-91
-34
-35
145
161
73
9
-71
-128
-41
-12
-94
-106
-78
-69
-54
3
42
20
6
-4
-7
-3
-15
-21
-20
-17
-6
5
0
-13
-14
44
118
109
48
-12
-16
34
79
96
83
93
106
53
-14
-46
-42
12
76
35
-31
-8
-43
-95
-49
-13
-26
-35
-1
52
86
81
33
-6
165
119
31
4
-58
-103
-8
64
43
33
-7
-54
-51
-54
-54
-12
5
-12
-12
-4
-5
-8
-6
-6
-2
12
21
45
67
9
-23
57
90
44
16
21
19
22
46
76
119
103
55
31
0
-1
18
31
14
-37
-44
-25
-64
-83
-35
-30
-37
13
91
103
-11
-64
