28
22
0
0
0
96
192
56
214
268
17
0
0
0
120
23
0
175
132
50
22
0
0
0
0
0
0
114
120
201
352
209
0
0
43
235
0
0
0
0
109
56
0
5
58
3
6
32
0
8
47
0
0
0
0
0
23
43
0
0
0
14
72
20
0
0
7
10
21
8
353
353
0
0
0
0
95
12
250
485
251
46
0
0
0
0
0
0
0
102
75
279
332
11
0
0
136
168
0
0
0
0
105
303
157
0
37
3
26
31
8
22
11
1
0
0
0
13
0
22
0
0
0
42
53
12
0
22
23
0
0
45
406
295
0
0
0
0
0
0
554
768
276
33
0
0
0
0
0
0
9
48
131
315
185
0
0
120
140
172
0
0
0
0
0
307
344
88
0
0
20
36
63
22
0
7
0
0
0
33
0
2
15
0
0
26
0
4
34
20
30
7
0
152
411
175
0
0
0
0
0
6
748
788
168
0
0
32
46
0
0
0
0
98
257
210
0
0
5
176
59
120
120
0
0
0
0
140
392
238
0
0
5
40
56
3
0
9
0
0
0
5
0
40
9
0
0
0
0
21
50
0
1
0
0
309
399
25
0
0
0
0
0
207
812
644
74
0
0
63
72
0
0
0
0
217
281
0
0
0
128
121
0
0
197
0
0
0
0
0
296
350
113
9
0
25
35
0
0
25
12
0
0
0
36
30
2
10
1
0
0
66
63
0
0
0
45
410
347
0
0
0
0
0
0
420
827
457
40
5
27
52
38
0
0
0
20
265
167
0
0
23
117
87
0
0
200
187
0
0
0
0
125
382
278
40
0
13
12
0
0
24
57
0
0
10
0
0
22
45
3
0
0
64
70
0
0
0
165
413
227
0
0
0
0
0
0
609
811
276
26
28
41
18
15
9
0
0
48
222
49
0
0
41
81
24
0
0
173
271
52
0
0
0
0
286
386
155
0
0
9
0
0
0
59
30
0
0
0
0
18
30
12
0
0
15
44
0
0
5
284
411
76
0
0
0
0
0
69
734
741
151
20
37
30
0
9
19
0
0
20
142
1
0
0
0
29
0
0
0
121
262
292
0
0
0
0
111
388
305
0
0
27
12
0
0
6
60
13
0
0
7
0
0
32
21
0
0
2
0
0
0
362
413
0
0
0
0
0
0
266
795
603
88
21
38
16
0
10
23
0
0
0
56
0
0
0
0
0
0
0
0
70
143
409
118
0
0
0
0
272
391
94
0
43
14
0
0
9
70
0
0
13
41
0
0
12
17
0
0
0
0
38
52
390
327
0
0
0
0
0
0
472
821
418
52
18
35
12
0
10
21
0
0
0
0
0
0
0
0
0
0
0
3
41
17
362
340
0
0
0
0
97
377
248
17
39
47
0
0
29
94
0
0
45
51
0
0
0
16
0
0
0
0
54
201
393
169
0
0
0
0
0
0
643
797
247
26
7
23
18
0
5
12
0
0
2
0
0
0
0
0
0
2
17
0
3
0
200
440
114
0
0
0
0
255
362
105
8
95
0
0
30
102
0
0
34
57
0
0
0
24
0
0
0
0
58
356
389
19
0
0
0
0
0
151
735
697
154
12
0
1
12
11
9
2
0
0
11
0
0
0
0
13
0
2
21
0
2
0
31
393
365
0
0
0
0
80
366
269
29
75
0
0
47
67
0
0
0
16
17
0
0
19
0
5
0
0
100
450
324
0
0
0
0
0
0
349
760
538
126
3
0
0
0
2
37
18
0
3
17
0
0
0
0
14
0
0
27
18
5
0
0
210
419
141
0
0
0
0
236
374
145
25
32
0
40
31
0
0
0
0
34
2
0
17
0
52
20
0
179
426
207
0
0
0
0
0
0
530
742
365
118
0
0
0
0
0
66
79
0
0
8
0
0
0
0
0
0
2
56
5
0
0
0
81
317
334
0
0
0
0
61
352
296
52
43
3
12
18
0
0
0
0
20
9
8
22
0
76
1
0
294
373
81
0
0
0
0
0
42
648
663
203
123
35
0
0
0
0
50
123
6
0
0
0
0
0
0
0
0
29
62
0
0
0
0
79
157
351
130
0
0
0
0
216
388
190
2
0
0
5
33
0
0
0
0
33
48
20
0
95
1
0
392
333
0
0
0
0
0
0
220
692
487
0
155
182
0
0
0
0
0
99
62
72
19
0
0
0
0
0
0
27
57
0
0
0
0
30
70
300
309
0
0
0
0
47
354
323
24
0
0
0
54
0
0
0
0
34
27
0
0
54
17
69
402
255
0
0
0
0
0
0
408
703
243
0
203
323
0
0
0
0
0
52
175
314
159
0
0
0
0
0
5
20
9
11
37
16
0
0
48
189
333
155
0
0
0
0
204
379
158
0
0
0
48
0
21
21
0
7
0
0
0
6
0
197
381
144
0
0
0
0
0
0
566
681
16
0
258
349
0
0
0
0
0
20
288
479
259
0
0
0
0
0
62
7
0
48
102
0
3
0
0
57
261
343
0
0
0
0
32
336
301
56
0
30
54
0
0
11
0
0
0
0
6
0
0
325
373
14
0
0
0
0
0
111
662
591
0
0
343
341
0
0
0
0
0
5
334
492
266
0
0
24
0
0
65
0
0
59
106
0
4
19
0
16
135
378
257
0
0
0
0
187
369
188
0
64
54
0
0
0
0
24
0
0
16
0
8
411
331
0
0
0
0
0
0
301
706
423
0
0
417
327
0
0
0
0
0
3
340
475
253
0
0
25
0
0
30
0
0
29
44
0
0
0
0
67
67
253
404
0
0
0
0
18
323
327
72
65
19
0
0
0
28
75
0
0
23
0
101
421
244
0
0
0
0
0
0
482
711
207
0
0
440
297
0
0
0
0
0
5
340
469
248
0
0
48
17
0
0
11
0
0
9
0
0
0
2
89
79
111
342
224
0
0
0
0
169
385
243
55
0
0
0
0
52
75
0
0
0
0
247
424
118
0
0
0
0
0
24
612
653
6
0
0
461
289
0
0
0
0
0
5
336
462
251
0
0
71
27
0
0
33
0
2
7
0
36
0
0
51
58
29
187
359
0
0
0
0
2
317
359
91
0
0
8
84
64
40
0
0
0
0
397
444
0
0
0
0
0
0
194
679
528
0
0
0
479
324
0
0
0
0
0
5
334
457
248
0
0
40
10
0
0
80
0
11
4
0
44
0
0
46
35
0
40
363
255
0
0
0
0
152
374
197
0
0
47
106
62
0
0
54
0
0
468
382
0
0
0
0
0
0
377
710
356
0
0
0
463
364
0
0
0
0
0
8
334
455
233
0
0
9
0
0
0
86
0
7
19
0
42
0
0
67
65
0
0
271
360
0
0
0
0
0
298
325
36
0
45
74
36
0
9
112
0
101
459
211
0
0
0
0
0
0
538
700
164
0
0
15
450
368
0
0
0
0
0
12
337
452
205
0
0
35
0
0
0
3
0
29
31
0
45
3
0
56
98
0
0
132
324
243
0
0
0
0
135
379
247
7
0
23
9
0
54
130
0
297
405
36
0
0
0
0
0
95
643
620
0
0
0
8
442
357
0
0
0
0
0
12
338
451
191
0
0
98
0
0
0
0
17
66
28
0
32
0
0
14
112
0
0
50
196
363
41
0
0
0
0
292
377
80
0
17
0
0
47
88
71
412
320
0
0
0
0
0
0
277
697
473
0
0
0
0
422
328
0
0
0
0
0
3
332
456
211
0
0
94
25
0
0
0
0
47
10
0
54
0
0
0
95
10
0
56
64
340
287
0
0
0
0
119
381
247
33
70
0
0
0
49
169
460
224
0
0
0
0
0
0
459
715
295
0
0
0
0
417
303
0
0
0
0
0
0
328
461
214
0
0
57
37
0
0
0
0
0
0
30
105
0
0
5
29
0
0
46
0
206
395
83
0
0
0
0
277
381
176
84
0
0
0
57
255
457
111
0
0
0
0
0
9
600
671
129
0
0
0
5
416
321
0
0
0
0
0
0
327
461
194
0
0
48
24
0
0
32
0
0
0
60
82
0
0
23
0
0
64
12
0
53
404
310
0
0
0
0
102
380
336
94
0
0
0
23
363
404
0
0
0
0
0
0
178
677
555
0
0
0
0
30
424
344
0
0
0
0
0
0
322
459
201
0
0
15
0
0
0
63
0
0
0
40
22
0
0
3
0
45
149
12
0
0
289
370
72
0
0
0
0
256
420
189
0
10
0
0
429
306
0
0
0
0
0
0
361
710
394
0
0
0
0
58
456
342
0
0
0
0
0
0
312
459
232
0
0
0
0
29
0
47
0
0
17
25
10
18
0
0
7
51
139
0
0
0
141
343
319
0
0
0
0
83
383
310
28
14
0
0
435
182
0
0
0
0
0
0
525
706
231
0
0
0
0
65
477
328
0
0
0
0
0
0
302
462
245
0
0
0
0
55
0
12
0
0
68
20
16
30
0
0
59
42
46
0
0
0
61
226
404
130
0
0
0
0
241
379
148
0
0
16
418
46
0
0
0
0
0
77
638
638
106
0
0
0
0
43
488
339
0
0
0
0
0
0
299
461
243
0
0
0
23
47
0
0
0
34
40
0
62
14
0
0
30
29
0
26
8
0
8
46
316
360
0
0
0
0
65
356
270
12
0
48
329
0
0
0
0
0
0
256
698
500
1
0
0
0
0
0
502
367
0
0
0
0
0
0
302
455
244
0
0
0
65
55
0
0
0
56
0
0
98
29
0
0
0
0
0
59
92
1
0
0
125
414
182
0
0
0
0
221
357
144
0
36
199
0
0
0
0
0
0
439
719
326
0
0
0
14
10
0
483
369
0
0
0
0
0
0
304
453
233
0
0
5
63
51
0
0
29
78
2
0
57
76
15
0
0
0
0
47
46
15
23
0
0
341
382
0
0
0
0
46
350
308
45
0
75
0
0
0
0
0
0
586
687
174
0
0
0
3
41
0
446
372
0
0
0
0
0
0
305
455
221
0
0
11
64
2
0
0
41
100
0
0
2
89
55
0
0
0
0
16
0
37
15
0
0
200
428
144
0
0
0
0
207
386
207
9
0
0
0
0
0
0
157
669
584
77
0
0
0
42
23
0
453
390
0
0
0
0
0
0
308
455
221
0
0
7
68
0
0
0
42
84
27
0
0
55
94
21
0
0
0
15
15
6
0
0
0
63
336
303
0
0
0
0
30
346
379
115
0
0
0
0
0
0
343
706
423
0
0
0
0
48
0
0
475
376
0
0
0
0
0
0
310
451
223
0
0
0
9
0
0
0
2
45
57
32
0
12
71
3
0
24
19
29
45
8
0
5
38
19
161
314
147
0
0
0
0
193
429
271
0
0
0
0
0
0
511
706
254
0
0
0
2
0
0
32
480
328
0
0
0
0
0
0
309
447
232
0
0
0
0
52
87
0
0
0
37
60
0
0
0
0
0
35
33
18
29
78
0
0
44
23
41
236
323
0
0
0
0
18
344
375
0
0
0
0
0
59
629
648
132
0
0
0
0
0
0
73
483
302
0
0
0
0
0
0
305
449
250
0
0
32
0
59
91
0
0
0
0
78
27
0
0
0
0
28
0
5
3
81
43
0
0
0
2
135
367
233
0
0
0
0
173
401
0
0
0
0
0
231
692
526
63
0
0
0
0
0
13
23
478
312
0
0
0
0
0
0
300
455
261
0
0
57
0
23
22
0
0
16
0
62
0
0
69
0
15
20
0
0
0
24
94
0
0
0
31
36
253
382
0
0
0
0
1
325
0
0
0
0
0
411
715
361
4
0
0
0
0
0
17
0
459
331
0
0
0
0
0
0
297
461
254
0
0
12
31
40
0
0
40
16
0
18
0
14
71
0
53
7
0
0
0
2
113
77
0
0
94
0
73
392
221
0
0
0
0
153
0
0
0
0
0
564
692
203
0
0
0
12
54
0
43
12
421
354
0
0
0
0
0
0
299
463
229
0
0
0
75
72
0
0
45
17
63
0
0
51
46
0
66
0
0
0
0
0
120
144
0
0
59
0
0
267
350
0
0
0
0
0
0
0
0
0
133
657
602
102
0
0
0
26
69
0
74
4
391
367
0
0
0
0
0
0
308
455
183
0
0
33
70
53
0
0
24
41
98
44
0
29
30
33
53
0
0
0
0
0
100
144
0
0
0
0
0
91
354
239
0
0
0
0
0
0
0
0
319
700
450
51
0
0
0
52
55
0
14
43
423
331
0
0
0
0
0
0
314
446
170
0
0
55
42
0
0
0
0
52
110
75
0
0
0
14
40
0
0
0
0
0
85
67
0
0
15
4
0
0
230
348
39
0
0
0
0
0
0
0
493
707
282
10
0
0
0
44
41
0
0
85
482
294
0
0
0
0
0
0
308
447
218
0
0
39
14
0
0
0
0
50
118
57
0
0
0
0
0
51
0
2
0
0
103
0
0
56
15
0
0
0
77
313
286
0
0
0
0
0
0
44
616
656
155
0
0
0
33
0
2
17
0
39
505
314
0
0
0
0
0
0
297
446
253
0
0
26
0
0
0
0
0
80
139
29
0
0
4
0
0
61
28
23
0
0
103
0
10
87
0
0
0
0
22
202
372
76
0
0
0
0
0
212
682
540
81
0
0
0
114
0
0
33
0
0
478
349
0
0
0
0
0
0
295
436
253
0
0
56
28
0
0
0
0
112
183
0
0
0
13
0
0
47
63
20
0
0
32
0
3
119
0
7
0
0
30
83
335
326
0
0
0
0
0
390
714
381
35
0
0
0
81
0
0
1
43
0
415
364
0
0
0
0
0
0
302
431
240
0
0
79
49
0
0
0
0
80
185
0
0
45
78
27
0
0
33
29
29
0
0
0
0
118
21
0
0
0
46
6
189
401
72
0
0
0
0
551
701
225
5
0
0
0
15
13
0
0
25
19
386
343
0
0
0
0
0
0
308
440
221
0
0
74
4
0
9
0
0
13
91
0
0
75
114
48
0
0
0
33
78
39
12
0
0
105
49
0
0
0
64
0
20
329
295
0
0
0
111
655
619
121
0
0
0
0
0
71
14
0
0
37
417
309
0
0
0
0
0
0
315
457
217
0
0
58
0
5
0
0
0
0
0
23
39
37
43
0
0
2
18
0
53
56
0
0
0
113
50
0
0
0
42
0
0
181
395
121
0
0
295
701
473
66
0
0
0
0
0
79
0
0
0
36
458
307
0
0
0
0
0
0
326
467
216
0
0
5
0
72
0
0
9
0
0
65
119
19
0
0
0
95
45
0
58
11
0
0
0
54
62
54
32
0
0
0
0
113
320
333
0
0
479
710
301
30
0
0
0
0
13
43
0
0
0
42
459
314
0
0
0
0
0
0
332
462
204
0
0
0
21
119
0
10
0
0
0
2
76
24
23
0
0
64
59
0
23
0
0
56
0
0
47
104
66
0
0
0
0
106
90
369
0
29
613
666
169
4
0
0
0
0
26
8
0
0
4
82
462
319
0
0
0
0
0
0
327
451
204
0
0
0
12
95
0
10
23
3
0
0
0
28
93
0
0
55
66
0
0
38
43
43
0
0
8
77
56
0
0
0
10
27
0
310
0
195
682
555
98
0
0
0
0
0
0
3
43
0
0
115
513
333
0
0
0
0
0
0
313
447
220
0
0
0
0
8
27
8
0
17
0
5
0
63
60
0
0
75
52
0
0
64
56
0
15
1
0
36
10
31
0
0
25
0
0
184
0
374
713
399
55
0
0
0
0
0
0
0
39
14
0
86
530
353
0
0
0
0
0
0
301
449
241
0
0
0
0
0
90
0
0
8
16
30
39
96
0
0
12
48
9
0
0
22
18
0
28
59
25
0
0
14
15
0
0
1
13
55
0
535
703
244
22
0
0
0
4
0
0
1
0
31
59
15
471
360
0
0
0
0
0
0
301
448
253
0
0
0
46
48
126
0
0
0
76
17
13
54
0
0
80
7
0
0
0
0
0
0
0
99
88
3
0
0
0
18
0
38
63
12
90
642
631
139
0
0
0
0
4
0
0
71
0
1
72
0
415
360
0
0
0
0
0
0
301
441
253
0
0
0
84
77
98
0
0
0
87
47
0
0
0
26
101
0
0
48
0
0
22
0
0
90
29
3
21
0
0
26
0
58
65
20
270
695
493
86
0
0
0
27
41
0
0
97
0
0
45
0
405
388
0
0
0
0
0
0
294
431
250
0
0
5
62
49
91
27
0
0
4
56
10
0
0
18
64
0
0
48
0
52
59
0
81
92
0
0
59
0
0
16
26
56
6
7
457
709
320
51
0
0
0
104
78
0
0
55
0
0
39
0
405
398
0
0
0
0
0
0
293
425
243
0
0
9
0
0
106
112
0
0
0
1
8
37
0
0
45
19
0
0
0
84
63
0
96
71
0
0
32
0
0
2
0
71
4
0
601
669
181
21
0
0
0
78
48
0
22
37
0
11
32
0
404
374
0
0
0
0
0
0
304
427
230
0
0
84
0
0
70
136
0
0
5
0
0
85
0
0
18
40
0
0
0
0
51
0
0
53
11
0
0
0
0
16
0
73
11
0
675
565
109
2
0
0
0
18
5
0
0
32
13
42
40
0
395
356
0
0
0
0
0
0
318
438
223
0
0
81
0
0
16
84
20
0
13
0
0
126
0
0
0
15
0
33
0
0
24
0
0
61
10
0
1
0
37
71
37
23
0
0
