0
3
4
5
39
103
93
10
0
0
124
315
283
93
6
4
7
6
3
2
1
0
0
0
0
0
0
0
0
0
2
1
3
4
4
56
99
27
0
89
294
298
112
11
2
1
3
3
1
0
1
1
0
0
0
0
0
0
4
20
1
0
2
6
9
83
155
81
76
268
347
178
30
4
2
2
1
0
1
2
2
2
2
2
0
0
1
2
4
46
3
3
3
6
10
77
145
137
256
375
232
56
8
3
3
5
5
4
3
1
0
1
4
5
2
0
0
0
0
48
4
4
5
8
11
37
153
353
441
287
82
7
3
1
1
4
6
4
2
1
0
0
0
0
1
1
1
2
2
27
3
3
5
6
8
16
161
387
336
104
6
1
0
0
1
1
0
0
0
0
0
0
0
0
0
0
0
0
1
8
2
4
3
1
3
14
71
121
71
12
3
1
1
3
3
0
0
0
0
0
0
0
0
0
0
0
0
3
4
3
1
2
1
1
5
12
15
10
5
3
2
1
0
1
1
0
0
0
0
0
0
0
0
0
0
0
0
1
2
2
5
3
1
2
7
10
7
2
1
3
3
0
0
0
0
0
0
0
0
0
0
0
0
0
2
8
1
0
0
4
3
3
1
1
4
5
2
0
1
2
0
0
0
0
1
2
2
0
0
0
0
0
0
0
0
1
0
0
0
2
0
0
0
1
0
0
0
0
0
0
0
0
0
0
1
1
0
0
0
0
9
12
10
4
0
0
1
2
1
1
0
0
0
1
0
0
0
0
0
0
0
1
1
0
0
0
0
0
3
10
11
13
14
9
5
3
0
0
1
2
0
4
6
5
3
2
2
2
4
5
2
1
3
2
0
1
1
2
6
7
4
2
2
3
4
3
2
1
0
0
3
5
4
3
1
1
2
2
3
3
0
0
0
1
0
0
0
0
4
5
3
4
9
12
9
3
0
0
0
0
0
0
0
0
0
1
2
3
3
1
0
0
0
0
0
0
0
2
9
9
8
6
8
16
14
3
0
0
0
0
3
3
3
2
2
0
0
1
0
0
0
1
0
0
0
0
0
3
9
10
11
8
4
6
6
3
2
1
0
0
4
2
1
1
2
1
0
0
0
0
0
0
0
0
0
0
0
0
1
4
8
12
13
8
2
0
0
0
2
1
0
0
0
0
0
3
4
0
0
0
0
0
0
0
0
0
2
1
0
3
7
10
13
10
2
0
0
0
1
0
1
0
0
0
0
0
0
3
0
0
0
0
0
0
0
0
0
1
3
3
2
4
8
8
3
1
2
0
0
1
0
0
1
2
0
0
0
0
0
0
0
0
0
0
0
0
0
0
0
0
1
2
1
1
3
3
2
3
3
2
0
1
1
0
0
0
0
0
0
0
0
0
0
0
0
0
0
0
0
1
1
0
0
0
0
0
0
0
1
2
0
0
0
0
0
0
0
0
0
0
0
0
0
3
4
3
0
0
0
0
0
0
0
0
0
0
0
0
0
0
0
0
0
1
2
1
0
0
0
0
0
0
0
1
0
0
0
0
0
0
1
1
0
0
0
2
5
4
1
0
0
0
0
0
1
2
2
0
0
2
4
0
0
0
0
0
0
0
1
0
0
0
0
1
4
5
2
1
3
3
0
0
0
0
0
0
0
0
0
0
0
0
0
0
0
2
5
2
0
0
0
3
4
3
2
2
1
0
0
0
0
0
0
0
0
0
0
0
0
0
0
0
0
0
0
2
0
0
0
0
1
3
3
0
0
0
0
0
0
0
0
0
0
0
0
0
0
0
0
0
2
3
5
9
7
3
2
1
1
2
1
0
0
0
0
0
0
0
0
0
3
4
2
2
2
3
1
0
0
0
0
4
9
12
10
11
14
9
2
1
1
0
0
1
1
0
1
2
1
1
2
8
6
2
1
2
0
0
0
0
0
5
10
7
6
13
15
7
0
0
0
0
0
0
0
0
0
0
3
3
7
15
14
4
0
0
0
0
3
1
0
0
0
0
3
12
10
1
0
0
0
0
0
0
0
2
1
1
3
1
