154
11
100
21
219
145
2
152
249
181
190
134
52
123
202
176
202
215
72
243
251
77
255
65
188
192
47
167
221
178
13
88
230
82
101
33
22
54
20
78
118
194
116
71
236
237
205
74
42
144
92
4
153
160
110
176
103
226
205
71
19
213
196
84
103
122
92
155
13
29
135
10
20
161
241
193
212
164
162
100
164
29
176
161
92
142
21
40
55
188
77
153
86
143
182
113
98
151
61
130
239
48
174
174
172
217
12
106
233
98
153
165
245
2
4
48
224
140
124
145
42
15
121
239
42
229
141
140
220
34
228
18
47
176
31
245
66
97
83
246
74
14
140
170
156
90
239
57
147
244
251
184
37
48
51
26
116
33
14
193
131
175
145
140
98
238
32
254
187
56
120
215
20
255
133
24
200
195
205
199
231
26
218
169
182
105
175
19
230
91
225
190
23
48
192
100
102
57
164
134
234
106
165
60
105
107
148
112
188
191
81
223
147
42
20
152
223
199
141
22
224
227
73
95
167
45
67
246
2
46
66
235
213
209
44
183
22
155
245
246
182
138
185
6
207
0
245
196
119
32
149
10
81
48
139
249
250
125
66
215
29
253
162
244
139
220
180
147
170
147
40
88
120
71
67
1
36
19
227
234
169
42
162
130
12
136
49
171
96
9
242
87
83
65
164
62
39
120
134
239
53
229
238
237
120
170
11
34
206
16
91
220
120
83
193
204
49
59
209
10
165
45
8
217
248
110
239
180
247
21
21
164
38
197
237
30
91
192
239
116
7
8
156
135
209
1
238
204
169
82
154
156
82
174
241
84
233
112
126
71
217
38
6
88
47
192
158
115
211
6
61
84
194
96
113
227
0
142
230
255
254
242
118
172
179
52
123
174
32
208
158
9
250
23
249
130
235
151
150
217
104
169
85
10
113
129
133
95
227
3
134
93
35
44
43
240
150
247
68
113
247
56
59
33
199
236
232
70
85
55
66
126
118
219
141
97
161
175
217
155
13
8
58
216
0
253
233
159
210
7
238
82
71
116
101
178
118
102
191
118
147
115
92
53
251
18
5
235
171
222
234
168
235
71
217
195
183
247
122
61
193
180
46
42
8
244
116
14
23
46
45
207
87
14
42
38
43
117
152
12
201
232
58
209
31
177
36
128
140
228
161
188
12
188
227
248
196
126
173
104
46
87
149
16
210
138
88
191
124
154
181
162
200
58
9
46
215
169
163
128
249
71
126
104
251
59
247
124
89
59
26
2
160
202
126
244
103
49
44
83
55
11
43
139
72
184
251
73
94
33
209
118
84
51
237
151
252
225
145
163
128
140
191
73
142
118
144
47
124
220
202
144
57
151
131
217
66
184
110
159
105
114
31
240
60
98
42
23
40
77
255
30
224
184
253
189
238
85
199
61
228
61
113
25
101
144
83
241
51
172
138
113
243
129
86
161
1
125
128
187
133
51
189
101
4
13
145
251
164
201
205
157
167
234
174
199
173
54
105
202
94
23
153
219
240
120
29
6
147
188
92
34
86
115
62
105
155
203
92
213
245
252
181
243
2
106
9
232
214
182
165
218
144
89
252
128
2
240
238
245
155
12
73
87
18
33
244
243
60
42
161
56
233
135
246
19
162
19
232
153
242
246
156
22
188
247
160
158
9
204
58
35
153
159
61
56
73
253
3
64
231
154
159
235
4
214
43
192
184
50
217
151
235
232
124
96
22
91
240
199
162
40
49
16
117
190
84
1
174
71
217
252
70
73
255
67
101
254
172
236
165
61
128
21
117
203
150
218
15
153
119
20
47
34
241
167
18
185
218
160
17
125
64
165
215
154
91
191
133
237
101
170
125
7
91
164
137
118
67
232
177
98
199
98
25
236
33
144
101
120
113
236
209
75
3
24
68
255
232
175
158
29
86
24
25
54
173
209
219
133
141
107
28
219
135
253
194
224
8
137
121
251
69
18
69
19
102
187
79
77
62
206
247
159
235
94
125
255
6
2
156
116
189
16
147
109
119
16
158
173
211
101
52
176
152
84
62
63
71
118
131
17
17
73
244
182
60
161
1
154
199
247
43
88
15
33
24
90
55
193
156
126
195
54
227
101
223
147
3
178
41
11
232
56
2
116
20
241
87
133
78
204
246
246
22
51
19
3
45
154
245
217
4
14
152
162
21
90
227
169
119
50
72
249
23
56
121
160
28
3
210
17
227
160
237
32
142
125
90
134
4
228
70
191
17
83
96
177
162
10
208
149
240
234
218
241
210
18
38
122
15
102
8
222
107
168
232
156
255
232
148
199
101
185
140
59
69
136
9
146
153
100
96
159
