-11762
273
-15190
-11763
2346
-2088
3783
-5844
-4071
7057
-28807
862
737
-10480
-1379
-1269
-12041
-6085
-18531
-7630
-15606
-15645
-1463
-24636
9114
597
-1490
-530
-26056
10676
-1851
-12263
-2386
6310
-8891
-13731
14941
-10962
-11394
4990
-5963
-10918
-5208
-11720
7412
-8325
-10589
-26528
-3031
-15570
1806
-5201
-13731
3762
-29655
-20911
10584
-22676
2550
-21188
-29570
-17860
-7552
-22585
-7153
-7575
-7772
-9321
-24474
-27764
12187
-30970
-11984
-2067
-16884
-20534
-15777
-4708
-1349
-30017
-3854
-9434
-9133
765
3243
-245
-32768
3316
-14671
4959
-9932
-70
-26035
13010
-32768
6338
-9108
-24424
-5913
-6569
-21467
-7127
-11527
-30204
4971
-23927
7566
-13967
-9783
5655
-11982
-4368
-24824
19760
-14013
17984
1494
3063
12644
-32768
4814
9650
8082
9608
-1287
-1990
-12092
19861
-6908
11127
-2729
-2517
-2029
-13618
9187
10404
-23509
3279
3794
-29507
126
-16624
5941
-13588
-2455
-12426
-7634
-10316
-14247
-2621
-4486
15736
10113
-15960
13036
-14610
-11415
-4778
7965
-18194
-5564
4865
-25427
17481
-22452
16378
9483
9672
-21054
8676
-15710
-4962
-8879
-32768
-6033
-21007
-25439
-14879
-20734
19658
-15219
-15479
-13730
-23528
3482
-13151
16245
-28541
6831
-6376
3499
-2031
-5325
11599
-16290
-12080
-6990
-20164
5888
-6722
-10796
-17771
2896
-13328
-25361
-18512
3653
-20609
277
-5510
8572
-7764
-19124
-9338
-32768
-2986
-3713
-12594
-9861
-25315
1100
8189
2614
-4896
12178
-23758
-14917
-15553
-32768
5446
-21041
7256
-18436
-1650
-16470
6147
-4433
-17206
1146
-32182
12481
-25926
-633
-737
-11467
-12032
-32768
1899
-13569
-21491
4758
-27424
-987
-14376
-16491
-2016
-16734
-3073
-10947
-14744
-8715
-1533
-17450
-8687
18965
-18048
-12019
4633
-1720
-13667
-32768
-8522
-10101
-32768
14209
-3999
-26118
23933
-25287
5298
-23692
-5832
-22569
-13146
6143
-6458
-466
-5262
20895
-20055
8516
-8800
3231
-18411
2544
-6734
-1323
-4903
-23927
12334
-7725
-26291
-3489
-7498
-5126
-18533
7339
-32768
-10119
-10124
-32768
5669
-18102
-6999
-6731
6870
-2582
-11982
9510
-24012
-4356
-8584
-8105
7274
-19750
2254
2350
-21436
1410
13639
-3577
-13882
-1045
9665
-26094
11155
-10769
-23460
-131
-22173
8233
-6622
1810
6073
-10206
-9914
-18057
-20173
-14888
10387
-11461
-11057
-24298
-7591
-18827
6942
-5684
6989
5883
-23006
-1388
4516
-32584
25648
-24771
-20996
3274
-13567
2117
136
-4341
7609
-11633
-5734
-1412
-13326
-4733
-8525
-7798
-4273
1511
-15790
-934
4326
-24694
4982
-28926
19886
-27302
-11430
-6128
-5505
5892
-7086
-2836
-1760
-13556
-2757
-19094
-6309
19319
-28365
-10354
1048
-21300
-1016
-875
-5660
-260
-1746
-25879
-3203
-9974
5951
5281
-23396
-6361
-21964
-5668
-20823
-32768
15817
-30353
-26977
-9224
-18532
-9345
-554
3415
-16674
-6786
-15564
14045
-21691
-709
-14924
-2555
-5441
-2766
5446
-14967
5113
-30792
-4240
10901
-30838
3423
-32768
-4471
-6062
-12851
-20092
3946
-8022
-7219
1613
-26103
3857
-19474
-9700
-20091
-10383
-21662
-4676
-2831
-32768
12503
-13274
-14674
-14754
15998
-18853
-251
-18754
-25982
-9429
-4151
-4479
4011
-10749
10646
-27096
13143
-6576
18026
-17938
13361
-15803
15880
-1352
-20034
-2782
16261
-24098
14577
-5509
-10294
-1738
390
-12403
-23556
9675
-18402
9290
-22237
4265
-19120
-2385
1711
-15656
8373
-7562
-3922
-10028
-12526
-13660
4011
-27633
-7382
-6379
665
-4988
-14628
-6017
-8889
4651
-19829
4747
-17390
16196
-14139
-638
-8577
-3288
-16130
14235
-9192
-16247
-21241
-27474
-12046
9767
-30720
13045
-20955
-10905
-20134
-21585
-4395
-25265
-24096
12934
-32768
-9108
-9923
-32768
-5331
3205
-26303
-6067
222
-30342
20000
-31735
14316
-15384
-1784
6300
-13367
-2850
-27866
-8026
-8588
-18778
13517
-22777
1805
12416
-8398
1973
-6603
1633
3497
-1404
-1230
7132
-14530
-4894
1564
-28191
-2679
-24856
-1011
-9620
-7952
-4923
-9065
-19869
2464
612
-8075
-4737
2410
-21384
-19408
16269
-29215
4183
430
8529
12651
-18221
9631
-5315
-2196
23194
-24253
-6871
3755
-6330
-17400
31553
-32768
28701
-25318
5087
8845
-13365
-16538
18203
2144
-9509
4007
3854
-13985
-18122
-5242
-7546
-32768
-6839
-29526
-15315
11598
-26654
-29589
-9315
-8078
-4059
-24461
24492
-12927
-7
13483
-1735
-613
-19232
13554
-3738
-15063
-1437
-2587
-10130
-15389
-17998
6486
-8108
2253
-12477
-5112
1291
-20481
-4324
-7762
-6152
10228
-30726
24349
-32597
14288
-11100
9008
-17970
9191
-32739
13768
-23101
-2169
-19418
-3583
-16183
17226
-11311
-17048
14738
-26776
16510
-32768
13936
-26478
1927
19134
-24541
7221
-10289
6497
-6086
-14512
999
-5268
-30395
10714
3267
-5550
137
-1240
-12204
2975
1848
-21483
5849
-6360
-7606
1634
-9985
11064
-29130
-1656
-16210
1760
-6662
-18870
8117
-15656
2460
-17835
-17997
-621
-7358
-32768
2842
-28812
-170
-25249
2880
-11804
9064
-31829
-3419
-19185
-12581
-9765
-25981
10378
-32208
-6085
-24547
1289
-15996
17128
-11884
-460
-6325
-32768
2705
-16553
2597
-5217
-20277
10814
-4713
-17145
-11144
-26161
-3484
-19976
-8225
-773
-5423
9462
-18694
-6725
-4000
-30288
2580
-15824
-5381
-13154
-12230
9987
-32768
5839
-12771
-5509
-21606
-8945
6963
-22776
10476
-18775
-9516
11854
-5329
5605
-13764
-1107
-14068
-6045
7754
940
621
-13471
6413
-6417
-8478
-8634
-14464
11129
-16023
-31732
-3149
-18471
-31471
-1014
-6119
-780
-13239
-11887
18415
-16244
5609
7547
-14475
20239
-32768
5859
-32768
-3606
-22710
-14635
-8368
-16495
-12982
-4699
-9899
-25304
23091
-32768
7442
-5572
-14486
-5921
-4995
-2465
-13510
-4638
-9143
-17445
-13876
-6138
-2169
1507
-1683
-17568
15632
-25165
7844
-20251
8856
1207
-24067
7309
-9528
-28671
9126
-11141
-6504
5185
-13042
8518
-12892
12557
-7865
-3448
-13473
-4091
4003
-13609
-20917
-9162
-11602
-17706
-8766
-3629
-17916
21664
-16469
4980
-17564
-6590
16914
