18865
30961
22022
4139
-8263
-32768
3995
29640
11331
-20701
-22059
6557
32767
25151
-5492
-7515
7465
-11682
17449
7731
-26592
-18835
-11806
-24774
338
7960
-3977
456
-3286
8789
-19119
-23683
-32768
9684
14395
-28407
11129
3639
3485
-11283
-32444
3310
12647
-32768
-32768
3976
32767
-23834
-32768
1923
10798
32767
32767
22632
-11844
-32768
-6497
-18900
1402
-7836
-18295
-23579
3281
8320
-16609
-29091
-23353
-3165
21429
-20923
-32768
-13797
-4889
4454
4608
21968
6192
-21433
20779
7626
-32768
-30984
-5845
-25267
-2898
32767
32767
-15240
-32768
16109
-16409
12020
13464
-13009
-30233
-2504
30578
-1090
27578
31968
-32768
-9768
5648
-2591
-26176
-15365
31511
15656
-32768
7978
966
159
32767
19082
16465
1700
16437
-6714
-12822
6886
6479
-890
24889
10772
11644
9139
4263
-5036
27318
29919
-3305
-3967
-3843
16184
13249
32767
17808
-32768
587
29754
-24127
-32768
-9619
-5690
-21552
-32768
-1236
14702
-32768
-16680
-32768
-14147
14663
2255
-12923
-26650
-32768
-31516
22060
5186
-32421
-5774
-11312
-25761
-32768
-24351
17021
32767
14373
28423
-12691
-6366
12372
-23949
-15374
-6509
21833
15824
3131
-2723
-659
-15647
-32768
-8060
32767
30132
-3350
-15181
12611
32767
32767
12238
15156
-590
-22482
5237
12642
-32768
-304
10380
-32768
-9586
-1207
10921
28989
-21317
-22771
-5209
21991
-3740
-19905
25449
28783
2774
-23064
-21320
-32768
-32768
-13052
-10197
-32768
-32768
13820
-16904
-13075
12513
-4850
-25941
19554
21181
-14648
27169
32346
-1035
-19046
-11260
12382
342
-19133
-21976
27428
26673
-20299
-16441
12315
13462
15263
9120
-6295
23070
1716
-17663
22131
5548
-32768
9524
29696
-6599
23927
-8204
-29141
1489
-16741
-11957
20466
7994
-16068
-21831
-14054
32767
-32768
-15106
-11624
-12623
670
-598
-4799
-5212
-24906
-17137
-17701
-32768
-14099
-2834
14207
32767
24766
-15113
-11876
1671
31068
32767
-488
-2509
3192
-8829
-4993
7028
-8406
-18563
18664
32767
-13749
6920
32767
-32768
-7720
-6472
-21936
5476
-15176
-21614
19606
5799
-13112
-13482
-19895
2471
25
-20083
-8965
-11318
-32768
-17744
18421
21719
1091
-22421
-2657
23418
-25246
-28225
-31570
-12881
-2749
4571
4385
12688
21433
-1135
32767
2011
-18553
-10022
-10423
-640
-6632
11174
-21058
-4834
32767
32767
-12706
-32768
3592
26095
-783
-21937
24291
8735
-25576
20680
19178
-11568
25954
309
-22051
-269
10740
10574
-17985
-32768
-20346
-24625
10441
32767
5561
10719
-14746
-24818
14487
27117
-10807
-32768
8897
10252
-15570
-24766
-23225
-3389
6448
-32768
-8098
-17376
1468
32767
10697
-11384
-32768
-15004
31910
-1290
-13506
-3058
21227
13226
-27620
-10282
-7231
-13847
15824
9805
14271
-14017
-1004
-21141
-1474
9589
13460
756
-32768
-10707
4601
-32768
-11449
-636
-6160
-28437
-22985
32767
8285
-32768
12768
-24243
-22281
32200
-20353
-12909
23979
18934
12845
-1929
-9441
-32766
-8572
-8836
6832
20891
-8443
-32768
3045
26840
21873
4928
20913
32767
23997
-6807
-32768
-11695
-5108
-7255
-13139
-19653
-14323
18450
-19069
-18715
-20149
-27923
28143
-11066
5835
17308
-18439
-16858
4128
32767
22938
-15979
-16114
6605
-23956
-27038
8565
-7957
-19881
-11145
27724
32767
5062
-4068
29363
21176
-5540
32767
-4339
-5657
15552
15707
20985
-21896
11564
15769
21641
-4997
-32768
4714
-11347
-15452
-20904
4042
4269
-11685
-510
5347
-9722
7279
-30435
-32768
-27071
-21569
-19210
-16669
-32768
4114
-2362
-28658
-10495
-14943
17135
-6182
25139
6612
-5712
-28905
-15135
24966
-7853
1224
-27262
-4453
-12531
-7525
-4326
32019
-15775
-32768
-13757
17273
32671
9906
-12446
-248
-18473
9721
13683
-12754
1687
-12086
-8034
-6296
11940
-11305
15793
-20029
-9317
32767
5447
23179
-6223
-11267
-14180
5405
22212
11891
-4103
32767
17777
-4694
18410
-27911
11568
32767
-10069
-4547
17597
-11151
-9177
-5735
-2015
-13396
4853
-2482
14954
-23764
-25590
18003
-16153
-27221
8489
26608
1283
-22688
-26234
6475
607
-32768
-32768
-18183
32767
21653
-22824
-16607
-18387
-15961
3102
-9443
17255
14241
-3101
18298
18253
-17784
14178
10503
3862
32767
22365
-4210
-16955
11881
-24238
8846
26847
7282
-5425
-1561
-20299
-30569
-6876
-25194
-31443
-4114
-7858
-13380
-18525
9460
25702
-27779
-18746
-22679
17721
-1309
9118
-6760
-32768
2377
10855
-32768
-10265
18446
2533
-32768
-12283
-8661
24454
624
11753
14826
-8182
32767
22930
16024
32048
15549
4257
-7861
4096
-13631
-3281
2077
20095
-25744
-25448
27197
-18151
-14630
32767
8673
-485
28922
10265
4392
-1490
4584
19757
-19394
-17027
-32768
-18665
20960
-26102
-21813
-30159
5837
-32721
-32768
13561
-28802
-31634
8381
24842
22067
17671
21942
-13002
-560
32767
-3694
19014
18544
-18716
-28574
3968
-10814
15510
-12980
20463
11865
-31583
5670
17178
27601
-7945
8053
106
30621
3975
-32768
-19544
-6115
-9474
-28022
-22787
24096
-28733
-32768
4301
-9407
-22566
-32768
-12715
17451
9966
-28641
6933
4271
-10532
-8300
-5383
-8611
-25426
-16771
-27981
12023
8096
-6025
3325
-10218
17020
-12938
-3631
-13774
17376
29585
11409
16487
32767
30314
1381
10583
408
32767
8609
-4629
-26181
-22124
4816
-13572
-13508
15627
32767
6856
-23609
20100
12607
-2904
-1471
-31101
8963
18175
6426
-659
-2906
6464
-32768
-27187
709
-27781
-4448
-2922
-11390
18745
9290
-32768
-9456
26320
-22025
-6470
1155
-13986
-20954
-24103
-31023
-13709
6630
11545
8586
3479
14596
-2879
4460
-25190
-22593
-11473
-15832
-14717
-21889
13758
-3559
-32768
-2444
18057
-4491
1403
-12094
7942
11984
25293
-2708
9866
25650
20449
-3918
-32768
18494
-11852
-31547
-32768
-30758
15251
16141
32767
21127
8608
-7052
15329
28349
-7772
6631
1294
-2592
10045
20766
-32768
2047
17498
-2080
21630
-26111
-13957
-8745
-19921
-32768
5251
29750
-4225
-29320
-11934
6675
-4978
5275
19701
-12142
-22587
-28713
-29461
-23126
-3815
