-32768
-32768
-29470
-32768
-32768
-28840
-32768
-32768
-32768
-30123
-13400
-32768
-32768
-22154
-8490
-32768
-32768
-26228
-28570
-32768
-32768
-32768
-32768
-32768
-32768
-32768
-32768
-32768
-32768
-32768
-32768
-32768
-32768
-32768
-32768
-10365
-32768
-32768
-32768
-32768
-14790
-32768
-32768
-32768
-32768
-32768
-32768
-32768
-32768
-32768
-22980
-32768
-32768
-32768
-32768
-32768
-32768
-24624
-32768
-32768
-32768
-32768
-32768
-32768
-32768
-29185
-32768
-32768
-32768
-32768
-32768
-19091
-32768
-32768
-19012
-32768
-32768
-32768
-32768
-32768
-32768
-32768
-32768
-32768
-32768
-32768
-32768
-32768
-21488
-32768
-32768
-32768
-32768
-32768
-28216
-32768
-32768
-24687
-32768
-32768
-32768
-32768
-32768
-32768
-32768
-32768
-32768
-32768
-32768
-32768
-30934
-11438
-31168
-32768
-32768
-32768
-32768
-32768
-30589
-32768
-32768
-31541
-32768
-32768
-32768
-32768
-32768
-29599
-32768
-32768
-32768
-32768
-32768
-32768
-32768
-30298
-32768
-32768
-32768
-32768
-32768
-17384
-32768
-32768
-32768
-31844
-32768
-32768
-32768
-32768
-25791
-27652
-32768
-32768
-32768
-32768
-27997
-22424
-32768
-32768
-32768
-32768
-32768
-32768
-27928
-32768
-32768
-32768
-30210
-32768
-32768
-32768
-32768
-32768
-32768
-21343
-32768
-32768
-32768
-32768
-12657
-32768
-32768
-32768
-32768
-31078
-16998
977
-32768
-32768
-32768
-22966
-32768
-32139
4078
-31261
-32768
-32768
-32768
-32768
-32768
-32768
-32768
-32768
-32768
-32768
-32768
-32768
-32768
-32768
-32768
-32768
-32768
-31704
-32768
-32768
-32768
-32768
-32768
-32768
-32768
-32768
-32768
-32768
-27372
-32768
-32768
-24975
-32768
-32768
-23480
-32768
-32768
-32768
-32768
-32768
-32768
-32768
-32768
-32768
-32768
-32768
-32768
-32768
-32768
-32768
-32768
-32768
-17077
-27447
-28981
-3009
-32768
-32768
-32768
-32768
-32768
-26804
-32768
-32768
-32768
-32768
-32768
-32768
-32768
-32768
-32768
-32768
-26899
-32768
-32768
-32768
-32768
-32768
-32768
-32768
-32768
-32768
-32768
-32768
-32768
-28543
-32768
-32768
-30325
-32768
-32768
-32768
-32768
-32768
-32768
-32768
-32768
-32768
-32768
-32768
-32768
-32768
-32062
-32768
-32768
-32768
-24228
-32768
-32768
-32768
-32768
-32768
-32768
-32768
-32768
-32768
-30740
-27314
-29039
-32768
-32768
-32768
-32768
-22503
-32768
-32768
-32768
-27250
-32768
-32768
-32768
-21585
-32768
-32768
-32768
-32768
-32768
-32768
-32768
-32768
-32768
-32768
-32768
-32768
-32768
-31756
-32768
-28298
-28670
-32768
-32768
-32768
-26990
-22159
-32768
-32768
-32768
-10766
-32768
-32768
-32768
-7809
-32768
-32768
-32768
-32768
-32768
-32768
-32768
-32768
-32768
-32768
-32768
-32768
-32768
-32768
-32768
-24559
-32768
-32768
-32768
-32768
-28595
-32768
-32768
-32768
-32768
-15187
-29383
-32768
-32768
-32768
-32768
-32768
-32768
-30248
-32768
-32768
-32768
-32768
-32768
-32768
-20558
-32768
-32768
-26166
-25524
-30071
-32768
-32768
-32768
-32768
-32768
-27482
-32768
-32768
-32768
-29321
-32768
-29343
-32768
-32768
-32768
-30596
-32768
-32768
-32768
-32768
-32768
-32768
-32768
-32768
-10498
-32768
-32768
-32768
-32768
-19906
-32768
-32768
-24839
-28496
-32768
-32768
-32768
-32768
-32768
-32768
-32768
-32768
-32768
-32768
-32768
-32768
-32768
-32768
-32768
-28060
-32768
-32768
-32768
-32768
-32768
-32768
-32768
-32768
-32768
-32768
-21094
-32768
-32768
-29510
-32768
-32768
-32768
-25466
-32768
-32768
-32768
-32768
-32768
-32768
-32768
-32768
-32768
-32768
-32768
-32768
-32768
-32768
-32768
-32768
-32768
-32768
-27333
-32768
-32768
-32768
-22231
-32768
-32768
-29228
-28609
-19648
-32768
-32768
-32768
-32768
-32768
-32768
-20870
-32768
-32768
-32768
-32768
-32768
-32768
-21378
-32768
-32768
-32768
-32768
-32768
-32768
-32768
-32768
-32768
-32768
-32768
-32768
-32768
-32768
-32768
-30655
-32768
-32768
-32768
-32768
-32768
-32768
-22439
-32768
-32768
-32768
-32768
-32768
-32768
-32768
-32414
-32768
-32768
-32768
-32768
-22314
-32768
-32768
-32768
-32768
-25820
-30840
-32768
-25673
-32120
-32768
-32768
-32768
-32768
-32768
-32768
-31678
-32768
-32768
-32768
-32768
-32768
-32768
-32768
-32768
-32768
-32768
-32768
-32768
-21258
-32768
-32768
-32768
-32768
-32768
-27621
-32768
-32768
-32768
-32768
-32768
-32768
-30203
-32768
-28092
-32768
-32768
-32768
-32768
-32768
-32768
-32768
-32768
-32768
-32768
-32768
-32768
-32768
-32768
-32768
-32768
-32768
-32768
-32768
-32768
-32768
-32768
-32768
-32768
-32768
-32768
-32768
-32768
-32768
-32768
-32768
-32768
-16667
-32768
-32768
-32768
-32768
-32768
-32768
-32768
-28236
-32768
-32768
-32768
-29197
-32768
-32768
-32768
-32768
-32031
-32768
-32768
-29796
-32768
-32768
-32768
-29678
-26752
-32768
-32768
-32768
-32768
-32768
-32768
-32768
-32768
-22887
-32768
-32768
-32768
-32768
-32768
-32768
-32768
-32768
-25323
-8632
-32768
-28577
-32768
-32768
-32768
-32768
-13584
-32768
-30909
-1844
-19340
-32768
-32768
-32768
-32768
-26066
-25617
-32768
-32768
-32768
-32768
-32768
-27907
-31908
-32768
-32768
-32768
-32768
-32768
-32768
-32768
-32768
-32768
-32768
-32768
-32768
-32768
-32768
-6403
-23837
-28367
-32768
-22949
-25568
-32768
-32768
-13788
-32768
-32768
-32768
-32768
-32768
-32768
-32768
-32768
-32768
-32768
-32768
-32768
-11241
-32768
-32768
-32768
-21467
-32768
-32768
-32768
-32768
-27635
-27624
-32768
-32768
-32768
-32768
-32768
-32768
-32768
-32768
-32768
-32768
-32768
-32768
-32768
-32768
-32768
-32768
-32768
-32768
-32768
-32768
-32768
-32768
-32768
-28150
-32768
-32768
-32768
-32768
-30651
-32768
-30254
-32768
-18858
-32768
-32768
-32768
-19038
-32768
-26214
-32768
-32768
-28984
-32768
-32768
-32768
-24400
-32768
-32768
-32768
-32768
-32768
-32768
-32768
-28365
-32768
-32768
-32768
-32768
-32768
-32768
-32768
-32768
-32768
-32768
-32768
-32768
-32768
-32768
-32768
-32768
-32768
-32768
-32768
-32768
-32768
-32768
-32768
-32768
-32768
-32768
-32768
-32768
-32768
-31778
-26399
-32768
-32768
-23313
-20879
-29422
-32768
-32768
-32768
-32768
-32768
-32768
-19056
-32072
-32768
-32768
-32768
-32768
-32768
-32768
-32768
-27126
-32768
-32768
-32768
-32768
-32768
-32768
-32768
-32768
-19209
-32768
-32768
-32768
-28938
-27165
-32768
-32768
-32768
-32768
-32768
-18249
-32768
-32768
-26614
-32768
-32768
-32768
-32768
-32768
-32768
-32768
-32768
-32768
-32768
-32768
-32768
-32768
-32768
-32768
-32768
-32768
-32768
-26275
-32568
-20495
-27023
-32768
-32768
-32768
-32768
-32768
-32768
-32768
-28419
