2083
3269
-12827
-32768
-32768
-32768
-14620
-13560
-32768
-9824
-32700
-10169
20553
1254
-20241
-29751
-14964
-8372
-19566
-15542
-32768
-32768
-32768
-30489
-27603
-32768
-24726
-17833
-15373
-32768
-32768
-32768
-32768
-32768
6793
-32768
-25000
-10633
-32768
-32768
-17145
-23396
-25995
-32768
-32768
-13759
-17363
-32768
-30916
-26363
3312
4077
2014
-18330
-32768
-32768
-32768
-14603
-32261
-21469
-32768
-32768
-23222
-8943
-32768
-32768
-32768
-24831
-22957
-32768
-32768
-26663
-27074
-14900
1241
-28805
-23183
-24429
-19081
-24588
-32768
-32768
-32768
-32768
-32768
20717
-18447
-32768
-32022
-22340
-29465
-19110
-32768
-20374
-32768
-24967
-727
-7572
-31378
-9151
-32768
-32768
-5666
-32768
-30309
-28609
-6878
-24210
-32768
-32768
3401
-3793
-8826
8223
-12888
-18756
-32768
-32768
-10656
-32768
-17437
-18384
-14496
-16840
-18859
-1723
-27278
-10364
-16442
-14397
-32768
-26258
-16212
-6000
-4221
4103
-32596
-32768
-32768
-21762
-32768
-32768
-26935
-32768
-32768
-32768
-32768
-21104
-32768
-18252
-32768
-27558
-4044
-32768
-32768
-32768
-24631
-32768
-18767
-32768
-32768
-29075
-32768
-18360
-32768
-32768
-7488
3532
-18086
-18735
-16044
-32768
-11502
-32768
-28878
-13097
-8056
-14295
-32768
3293
-29904
-32768
-31270
-12836
1454
-10615
-395
-21329
-930
9695
6318
-550
-26694
-14437
-10676
-22404
-10666
-32768
-32768
-16635
-32768
-32768
-31218
-5858
-26309
-32768
-32575
-22474
-13467
-32768
-19972
-12395
-7961
-3788
-32768
-32768
-32768
-32768
-11591
-32768
-32768
-32768
-21698
-25627
-30215
-23262
-30481
-12563
-26160
-1211
-32768
-8806
-16100
-32768
-32768
-31824
-19894
-32284
-22737
-32768
-6826
-21343
-31349
-32768
-22094
11075
-32768
1730
-9398
-19645
5131
-19850
-14006
-21897
-32768
-21075
-6771
-19728
-18457
-32716
-32768
-32768
-23491
-32768
-7260
-24134
-32768
-32768
-15229
-7716
-32768
-32768
-15897
-32768
-23677
-23576
-32768
-31039
-32768
-28756
-32768
-32517
-29725
-17174
1292
6668
-13287
-32768
-10910
-18655
-3734
-9668
-10254
-23529
-32768
-32768
-22168
-9925
-32768
-20872
8458
-13179
-7659
-24402
-18243
-32768
-32768
-32768
-32768
-26780
-32768
-26562
-7820
-491
-32768
-32768
-32417
-32768
-14482
-32768
-32768
-32768
-32768
-20811
-21365
-26057
-4812
-32768
-28003
-10224
-32768
-32768
-32768
-20825
-32768
-32768
-14692
-32768
-8191
-16736
-17632
-8731
-32768
-28055
-31265
-29396
-16837
-14229
-23308
-21162
47
-8176
-31621
-29372
-32768
6370
-31670
-15620
-15424
-30804
-17983
-10424
-22402
-13065
-21935
-32768
-32768
-15949
-18587
-32768
-32768
-32768
-32768
-16435
-19402
-1101
-7553
-22342
-25181
-32768
-16471
-32768
-32768
-27527
-21194
2724
-32768
-32768
-32768
-21672
-32768
-32768
-32768
-23069
-23254
-15981
-20341
-31960
-32768
-32768
1913
-25114
-19020
-7720
-18976
-21640
-31014
-32768
-32009
-10976
-30401
1783
-31549
-32768
-18187
-32768
-24129
-26736
-11986
-2975
-32768
-32768
-22875
-32768
-32768
-24107
-32768
-26483
-23797
-13917
-13184
-32768
-32768
-24471
-25563
-24934
-13471
-19747
-5412
-18270
-18957
-17550
-32768
-32768
-30700
-32768
-13052
-30717
-32768
-32768
-11949
-13891
-6694
-16120
-7094
7002
-19188
-32768
-32768
-32768
-25094
-32768
-32768
-32768
-2078
-32768
-24613
-32768
-23404
-32768
-17207
-17199
-32768
-17572
-32768
-21420
-12277
-12339
-11846
-32768
-19806
-32768
-26943
-32768
-19357
-32768
-25839
-27325
-2781
17073
-5810
-32768
11089
-9076
-20718
-5966
-17242
-25521
-3257
6599
-28991
-19742
-32768
1397
-32768
-12484
-32768
-32768
-27174
-32768
-32768
-18210
-23813
-14037
-32768
-26251
-12900
-32768
-32768
-32768
-32768
-27757
-32768
-32768
-32768
-32768
-26015
-27623
-32768
-17657
-18667
-19167
-17806
-19955
-32768
-32768
-32768
-16084
-25363
-32768
-32768
-20116
-32768
-32765
-9658
-31838
-32768
-32768
-11284
440
-26563
-6261
-32768
-32768
-5153
-22776
-21387
-12674
-27004
-32768
-7692
-32768
-3230
-32768
-22115
-17707
-32768
-6121
-4760
-23841
-32768
-30783
-11127
-28139
-14792
-12798
-20795
6148
2313
-32768
-29482
-26311
-14410
1165
-23884
-18426
-16000
-32768
-21657
-30056
-29521
-12394
-32768
-9531
-32768
-27806
-32387
-32768
-32768
-29582
-13100
-21568
-27625
-32128
-32768
-13226
-32768
-32768
-32768
-29244
14409
-22895
-28557
-32768
-32768
-18058
-31634
-19606
-27630
6831
-31972
8171
-32768
-8370
-19422
-17672
-2655
5838
-25517
-12402
-32768
-32768
-31076
-20298
13952
-32768
-29188
-29927
-32768
-17900
-32768
-32768
-32768
-23972
-25991
-32768
-6554
-13205
-32768
-23237
-27340
-32768
-13648
-15518
-16113
-32768
-32768
-32768
-32768
-32768
-28846
-22661
-22774
-32768
-32768
-19620
-32768
-3360
-29997
-5713
-2344
-3856
10651
-23593
11229
-16209
-4093
-32768
-9319
-22568
-7428
-22549
-10177
-32768
-23222
-27413
-8755
-24239
-8790
-21916
-25149
7247
-18410
-13765
-30897
-11420
-32768
-30438
-32768
-32768
-24829
-26493
-32768
-32768
-28705
-32768
-32768
-32768
-10356
-23767
-32768
198
1127
6261
-12817
-10897
-23014
-4034
-25244
-21298
6185
-29793
-21817
-32768
-14513
-32768
-14687
-24108
-21899
-949
-32768
-8382
-18250
893
-11461
-32768
-6045
-14780
-29392
-32768
-32768
-9003
-32768
-31061
-32768
-23674
-32768
-32768
-29750
-29040
-27679
-32768
-26914
-28259
-26950
-21413
-22604
-32768
-14477
-32768
-32768
-27916
-32768
-32768
-32768
-22005
-9894
-32768
-25932
-22716
-23869
-8689
-32768
-1036
-16622
5183
-9711
-2009
21691
-1215
-17136
-3037
-23038
-23175
-7013
-32768
-24864
-32768
-17915
-32768
-23020
-15336
392
-14417
-25595
-3200
-32768
-21755
-30787
-32768
-16310
-22517
-705
-32768
-9309
-32768
-29062
-32768
-32768
-32768
-31339
-32768
-24779
-25522
-32768
-32768
-32768
-5418
-32768
-32768
-15541
-32768
-32768
-32768
-23635
-30040
-31752
-6370
-4925
-12361
-6286
-32545
-32768
-32768
-32768
-23197
-32768
-27635
-17295
-16352
-25527
-32768
-32768
-8167
-32768
-19917
-26511
-32768
-2627
-22180
-13468
-24049
3520
-17175
-32768
-23989
-29410
-16572
-32768
-32768
-30893
-5522
-9864
-4226
-5442
-13023
-13403
-21272
2268
-14054
-32768
-3132
-27006
-20625
-24865
-27944
-32768
-2072
-20508
-32768
-32768
-32768
-32768
-32768
-32537
-32768
6454
-32768
-22457
-23224
-13555
-9610
-7613
-32768
-25512
-32768
-32768
-32768
-32768
-8546
