0
273
0
0
2346
0
3783
0
0
7057
0
862
737
0
0
0
0
0
0
0
0
0
0
0
9114
597
0
0
0
10676
0
0
0
6310
0
0
14941
0
0
4990
0
0
0
0
7412
0
0
0
0
0
1806
0
0
3762
0
0
10584
0
2550
0
0
0
0
0
0
0
0
0
0
0
12187
0
0
0
0
0
0
0
0
0
0
0
0
765
3243
0
0
3316
0
4959
0
0
0
13010
0
6338
0
0
0
0
0
0
0
0
4971
0
7566
0
0
5655
0
0
0
19760
0
17984
1494
3063
12644
0
4814
9650
8082
9608
0
0
0
19861
0
11127
0
0
0
0
9187
10404
0
3279
3794
0
126
0
5941
0
0
0
0
0
0
0
0
15736
10113
0
13036
0
0
0
7965
0
0
4865
0
17481
0
16378
9483
9672
0
8676
0
0
0
0
0
0
0
0
0
19658
0
0
0
0
3482
0
16245
0
6831
0
3499
0
0
11599
0
0
0
0
5888
0
0
0
2896
0
0
0
3653
0
277
0
8572
0
0
0
0
0
0
0
0
0
1100
8189
2614
0
12178
0
0
0
0
5446
0
7256
0
0
0
6147
0
0
1146
0
12481
0
0
0
0
0
0
1899
0
0
4758
0
0
0
0
0
0
0
0
0
0
0
0
0
18965
0
0
4633
0
0
0
0
0
0
14209
0
0
23933
0
5298
0
0
0
0
6143
0
0
0
20895
0
8516
0
3231
0
2544
0
0
0
0
12334
0
0
0
0
0
0
7339
0
0
0
0
5669
0
0
0
6870
0
0
9510
0
0
0
0
7274
0
2254
2350
0
1410
13639
0
0
0
9665
0
11155
0
0
0
0
8233
0
1810
6073
0
0
0
0
0
10387
0
0
0
0
0
6942
0
6989
5883
0
0
4516
0
25648
0
0
3274
0
2117
136
0
7609
0
0
0
0
0
0
0
0
1511
0
0
4326
0
4982
0
19886
0
0
0
0
5892
0
0
0
0
0
0
0
19319
0
0
1048
0
0
0
0
0
0
0
0
0
5951
5281
0
0
0
0
0
0
15817
0
0
0
0
0
0
3415
0
0
0
14045
0
0
0
0
0
0
5446
0
5113
0
0
10901
0
3423
0
0
0
0
0
3946
0
0
1613
0
3857
0
0
0
0
0
0
0
0
12503
0
0
0
15998
0
0
0
0
0
0
0
4011
0
10646
0
13143
0
18026
0
13361
0
15880
0
0
0
16261
0
14577
0
0
0
390
0
0
9675
0
9290
0
4265
0
0
1711
0
8373
0
0
0
0
0
4011
0
0
0
665
0
0
0
0
4651
0
4747
0
16196
0
0
0
0
0
14235
0
0
0
0
0
9767
0
13045
0
0
0
0
0
0
0
12934
0
0
0
0
0
3205
0
0
222
0
20000
0
14316
0
0
6300
0
0
0
0
0
0
13517
0
1805
12416
0
1973
0
1633
3497
0
0
7132
0
0
1564
0
0
0
0
0
0
0
0
0
2464
612
0
0
2410
0
0
16269
0
4183
430
8529
12651
0
9631
0
0
23194
0
0
3755
0
0
31553
0
28701
0
5087
8845
0
0
18203
2144
0
4007
3854
0
0
0
0
0
0
0
0
11598
0
0
0
0
0
0
24492
0
0
13483
0
0
0
13554
0
0
0
0
0
0
0
6486
0
2253
0
0
1291
0
0
0
0
10228
0
24349
0
14288
0
9008
0
9191
0
13768
0
0
0
0
0
17226
0
0
14738
0
16510
0
13936
0
1927
19134
0
7221
0
6497
0
0
999
0
0
10714
3267
0
137
0
0
2975
1848
0
5849
0
0
1634
0
11064
0
0
0
1760
0
0
8117
0
2460
0
0
0
0
0
2842
0
0
0
2880
0
9064
0
0
0
0
0
0
10378
0
0
0
1289
0
17128
0
0
0
0
2705
0
2597
0
0
10814
0
0
0
0
0
0
0
0
0
9462
0
0
0
0
2580
0
0
0
0
9987
0
5839
0
0
0
0
6963
0
10476
0
0
11854
0
5605
0
0
0
0
7754
940
621
0
6413
0
0
0
0
11129
0
0
0
0
0
0
0
0
0
0
18415
0
5609
7547
0
20239
0
5859
0
0
0
0
0
0
0
0
0
0
23091
0
7442
0
0
0
0
0
0
0
0
0
0
0
0
1507
0
0
15632
0
7844
0
8856
1207
0
7309
0
0
9126
0
0
5185
0
8518
0
12557
0
0
0
0
4003
0
0
0
0
0
0
0
0
21664
0
4980
0
0
16914
