37
139
44
193
183
216
210
62
191
166
63
104
13
14
177
122
46
32
75
30
123
160
133
114
240
212
210
79
68
217
144
162
149
244
241
217
8
175
209
17
160
201
167
64
75
171
246
55
41
59
214
58
110
66
30
160
52
209
225
49
193
65
216
58
52
192
79
49
142
215
124
51
36
105
254
45
83
85
7
36
86
169
143
24
170
155
172
239
229
41
7
197
174
115
10
195
184
205
93
215
92
196
14
27
177
80
148
216
24
88
187
110
113
95
235
229
38
100
16
104
103
216
232
185
189
20
150
80
198
242
197
169
181
72
127
209
142
156
230
216
109
116
136
146
45
238
184
30
182
226
189
45
199
98
155
46
193
179
34
152
204
211
95
107
246
110
131
139
144
31
230
205
112
222
90
254
142
71
88
180
89
241
42
0
147
7
22
19
163
169
40
211
96
46
34
15
62
96
157
23
82
0
86
111
184
138
66
21
2
87
245
78
167
237
168
98
67
179
235
52
176
171
248
69
209
57
0
43
18
236
198
190
3
47
172
224
149
106
230
26
44
39
30
76
141
183
29
229
227
241
156
116
149
125
247
11
87
21
198
245
127
4
31
151
43
71
28
22
75
8
136
133
29
153
139
62
252
155
94
248
217
83
223
235
122
67
56
247
19
175
55
139
235
123
167
252
150
216
72
173
47
57
121
44
118
234
248
50
175
80
129
127
164
197
166
88
138
221
71
147
73
37
117
215
56
165
255
21
226
81
24
209
55
45
154
188
126
128
121
101
182
155
201
219
35
158
108
130
223
112
28
149
219
239
237
242
70
229
127
106
139
116
240
111
253
159
122
64
13
39
84
232
23
28
83
181
88
67
144
218
116
35
244
84
182
179
30
233
38
91
243
135
169
243
250
246
193
80
118
5
101
145
104
170
104
107
255
230
71
8
137
231
43
68
100
155
153
244
206
87
204
93
108
191
128
248
137
24
163
51
42
104
172
226
147
108
14
68
156
247
212
4
155
14
109
6
117
200
176
237
2
71
184
53
202
231
193
39
21
228
242
39
181
30
103
160
64
140
108
94
90
218
223
41
135
11
204
217
159
81
135
33
180
137
132
45
75
223
188
153
15
183
116
171
89
26
164
156
35
136
185
58
235
13
91
151
125
143
143
206
186
38
246
100
219
238
219
125
248
129
204
44
35
250
123
48
217
124
33
227
59
2
34
166
184
116
148
161
153
195
128
226
188
126
243
162
71
115
86
102
112
75
146
254
227
173
118
205
173
217
13
218
114
196
84
76
151
59
247
248
201
40
6
149
125
164
174
191
53
219
37
101
93
226
66
13
60
147
40
149
34
46
84
139
61
97
117
44
197
35
243
49
243
107
60
228
106
245
98
128
104
92
161
63
181
195
59
253
138
161
243
91
169
245
33
190
181
28
129
54
128
100
159
112
165
66
198
248
167
241
171
133
163
100
132
185
58
255
251
242
65
31
246
154
224
254
41
125
172
68
146
195
23
201
75
134
173
13
70
212
58
142
251
130
205
184
5
100
184
98
12
84
22
171
217
10
17
136
110
70
90
228
147
147
211
36
159
50
246
149
83
197
206
32
188
56
28
169
232
137
160
88
222
103
59
48
26
185
91
37
190
76
172
52
182
17
84
6
234
17
63
103
52
53
184
101
210
8
87
213
74
136
20
199
192
232
253
43
173
223
162
191
134
251
10
30
247
62
9
66
93
82
117
145
34
171
225
89
4
116
171
222
168
26
171
74
228
17
135
156
11
113
3
148
77
101
25
203
57
29
26
142
156
132
28
251
68
46
191
212
66
142
149
43
77
95
178
106
246
120
207
78
35
187
136
191
27
181
226
144
118
15
86
27
40
12
126
128
77
9
200
88
84
113
4
182
45
230
139
165
120
61
181
79
82
36
154
131
51
218
59
177
241
90
181
78
138
63
146
241
154
199
218
133
110
240
137
128
121
249
253
31
62
191
10
114
244
216
167
107
123
155
71
152
122
102
233
76
200
20
132
59
49
50
22
75
74
173
146
75
115
247
67
229
96
125
138
198
66
112
169
139
47
25
235
161
143
45
26
165
27
197
82
210
40
34
163
138
182
74
82
180
119
157
240
38
172
188
225
231
134
193
197
200
38
75
162
68
12
34
49
108
253
211
209
121
161
183
40
120
1
240
207
104
174
117
157
126
77
222
77
160
67
143
60
116
231
94
220
63
149
93
56
61
61
162
124
83
2
131
149
46
112
174
232
70
87
123
202
18
188
69
19
228
101
172
173
208
13
183
109
253
91
91
148
71
6
226
84
223
184
85
94
26
