0
105
98
185
152
186
0
87
55
0
0
213
179
333
141
125
173
132
21
0
100
0
139
283
32
208
31
101
332
2
0
0
230
167
43
239
243
0
30
166
55
102
63
119
182
0
0
113
0
150
21
0
61
256
206
70
0
0
54
72
76
35
103
120
0
301
290
164
130
235
52
0
27
0
64
108
106
0
250
111
22
297
168
59
0
2
63
0
0
0
0
0
36
0
0
0
107
256
96
0
20
276
7
0
117
124
4
0
13
0
186
0
45
29
52
176
226
278
131
0
98
27
21
160
75
0
0
188
10
0
77
0
18
0
25
102
142
148
0
47
0
0
0
124
227
205
131
313
301
284
56
15
32
0
5
7
0
0
0
42
0
145
100
178
0
0
64
282
214
35
43
0
0
0
0
52
0
0
72
0
111
23
0
0
66
100
27
0
34
0
122
35
219
61
0
8
0
37
74
152
0
115
0
0
0
138
120
0
0
0
0
0
237
204
104
32
154
131
241
61
52
245
96
74
200
293
123
0
0
262
180
11
205
0
0
0
180
280
274
237
174
173
188
20
134
122
48
272
152
257
314
0
196
242
30
110
0
0
0
111
214
129
56
84
16
68
196
0
54
127
213
211
0
42
94
164
119
11
229
205
0
0
0
85
69
0
0
114
0
0
81
37
94
75
185
234
58
0
0
188
0
0
149
126
0
51
31
0
0
0
44
63
68
0
0
0
54
129
115
0
0
296
192
0
0
0
307
127
0
40
0
0
0
180
78
0
0
0
14
67
40
138
0
38
14
103
348
163
68
165
270
137
93
110
0
0
22
0
62
184
220
6
0
54
155
315
178
114
223
83
113
0
0
143
0
130
29
192
281
159
0
119
43
0
2
10
126
324
0
0
160
0
90
37
228
241
162
51
96
56
0
0
96
227
225
29
0
0
149
154
48
109
215
0
129
0
234
139
170
0
76
134
164
6
0
168
112
0
189
368
267
99
129
132
250
270
5
0
21
271
192
87
157
292
85
86
0
75
119
121
70
80
317
0
39
0
5
46
70
45
155
205
0
45
191
69
32
118
0
0
0
0
41
86
250
27
56
117
91
157
177
140
41
111
115
93
16
111
0
163
34
0
80
111
188
237
299
191
29
0
234
179
29
119
17
51
229
0
0
113
214
2
70
0
264
169
158
35
11
0
0
87
170
0
64
63
126
247
63
71
0
186
186
59
0
78
138
0
0
0
50
50
39
241
0
145
313
34
42
122
153
0
0
122
0
0
68
0
229
0
0
0
181
325
145
82
20
246
218
224
1
74
191
129
0
0
0
98
289
374
153
83
118
47
0
168
0
0
308
293
72
6
104
127
204
28
197
40
99
96
107
254
123
66
0
0
34
26
70
0
144
160
90
6
0
0
0
54
107
275
100
0
87
6
0
170
96
0
0
0
0
93
39
60
136
242
0
155
0
178
0
50
156
298
113
0
197
0
0
136
65
0
0
77
181
68
81
230
80
0
0
0
26
153
295
228
257
177
146
0
107
97
0
201
192
349
49
125
0
53
253
85
0
0
194
103
143
208
0
95
62
0
0
16
0
81
175
116
0
0
0
0
0
98
279
0
154
145
9
0
215
323
175
28
0
0
33
0
81
0
106
0
62
158
0
0
6
0
114
2
12
48
65
0
0
94
0
0
54
29
0
7
169
9
0
83
57
177
86
0
217
219
169
133
170
50
49
226
354
82
0
231
169
0
284
0
0
0
208
0
0
0
46
87
293
129
287
253
177
128
212
227
0
0
96
0
151
142
109
57
186
170
46
0
0
90
184
147
0
175
82
141
17
210
255
210
86
0
36
66
0
114
131
106
0
0
53
0
0
259
11
92
82
0
93
125
135
0
140
180
200
163
230
75
0
105
180
0
0
56
0
150
334
192
0
54
162
53
275
0
0
38
103
106
0
172
254
108
0
171
38
0
9
0
48
59
245
236
147
0
0
0
19
0
215
0
0
298
158
0
0
0
291
118
178
169
41
142
0
0
40
176
0
199
45
0
115
214
107
13
