-75
-258
-295
31
-459
-171
-95
-245
-199
-6
-339
-250
-130
-314
-158
34
-238
-237
50
-281
-98
41
-372
-90
-230
-312
97
-464
-200
-188
-183
-117
-361
13
-309
-473
-152
-156
-352
-209
-226
53
-58
-338
-106
-95
-203
-165
-157
-271
-101
-134
-291
-87
-224
-319
-24
-203
-244
-135
-86
-85
-204
96
-80
-265
-296
-115
-283
-117
-172
-284
59
-346
-60
-359
11
-153
-263
-56
-177
-64
-181
-129
-157
-362
-277
-265
-117
-112
-33
-289
-47
-52
-192
58
-269
-270
-161
-131
-157
-351
112
-279
-123
-317
-93
-157
26
-273
77
-135
-152
-194
-363
-274
-352
-545
8
-341
-44
-165
-200
-52
-299
144
-241
-274
-116
-304
-66
-319
-162
-134
-177
-186
-244
-312
-20
-278
-135
46
-164
-89
-272
-110
-54
-327
-114
-278
-272
-110
-69
-14
-349
-110
-202
-311
-147
-159
-356
-100
-420
-183
-92
56
-129
-250
-230
-111
-343
-52
-73
-81
-208
-310
-101
-119
-36
-94
-265
-118
-162
-243
-239
-360
-250
-328
-285
-120
-160
-256
-216
-135
-290
-97
-179
28
-441
-153
-308
-232
-142
-105
-164
-266
-197
-270
-245
-284
-88
-236
-176
-362
-149
-324
-288
-451
-107
-238
-183
-314
-317
-73
-192
-231
-197
192
-345
-440
-142
-339
-299
-184
18
-225
-268
-236
-409
-45
-108
-330
43
-285
-404
-183
-181
-244
-122
-376
36
20
-280
-34
-209
-269
-245
-113
2
-400
-271
-216
-183
-313
-109
-317
-112
92
-320
-338
-142
-122
-318
-82
-264
-283
-111
-128
-73
-293
-96
-79
-163
-145
-222
-280
-180
-301
-208
-210
-172
-418
-203
-50
-101
-316
-361
-111
-112
-373
-122
4
-390
-263
-197
-206
-48
-74
-116
-220
-64
-235
-118
-264
-251
-306
-332
-219
-235
-188
-295
-299
-241
-105
65
-390
-282
-54
-204
-398
-188
-109
-306
-309
-265
-294
-196
-151
-272
-267
-301
-128
-248
-255
-143
-328
-330
-299
-279
-150
-319
-258
-203
-210
-26
-322
-355
-89
-186
-116
-258
-80
-296
-226
-404
-289
-68
-313
-215
-124
-244
-50
-475
-198
-241
-82
-82
-205
-358
12
-205
-306
-231
-122
-202
-92
-549
-138
-200
26
-178
-337
-156
-110
-199
-378
20
-164
-386
-371
-343
-49
-354
-262
-365
-320
-21
-36
-330
-220
-274
-448
-195
-375
-67
-207
-186
-278
-183
-93
-65
-381
-288
13
-104
-419
89
-112
-334
-333
-225
-252
-118
-223
-323
-282
-39
-16
-209
-248
5
-260
-194
-335
-158
-208
-132
-237
-230
-230
-36
-463
-149
-289
-87
-268
-64
-209
-116
-310
-245
-67
-23
-298
-407
-161
-299
-116
-151
-116
-309
-134
-110
-339
-242
-90
-295
-119
-199
-340
-71
-405
-26
-201
-396
-130
-160
-7
-381
-170
-132
-227
-80
-104
-293
-203
-252
-345
-163
-166
-309
-205
-227
-165
-59
-371
-221
-22
-152
16
-117
-401
-52
-146
-229
-153
-445
-97
-251
-237
25
-362
146
-248
-3
-19
-296
-290
-236
21
-166
-102
-368
-287
43
-379
-281
-101
-419
72
-182
-109
-344
-25
-76
-308
-32
-334
-262
-504
-140
-129
-110
-341
-70
-229
-11
-461
-263
-152
-54
-81
-288
-280
-334
-119
-370
-101
-479
7
-378
-39
-357
-181
-82
-124
-98
-180
-357
-85
-304
-207
-209
-40
-96
-435
140
-387
-275
-284
36
-92
-274
-66
-96
-347
-166
-41
-233
-20
-215
-240
-233
-316
-186
-137
-194
-69
-177
-252
-147
-124
-381
-297
-144
-139
-161
-2
-224
-286
104
-80
-313
-171
-115
-425
-94
-231
-181
-114
-114
-162
-298
-265
-506
-28
-343
-115
-215
-90
-242
-114
-298
-377
-93
-278
-249
47
-138
-403
-77
-73
-154
-187
-215
-212
-333
-319
30
-312
-228
-159
-269
-91
-252
-72
-319
-275
-162
-107
-229
44
-261
-314
-357
-64
-291
-89
25
-286
-256
-345
-60
-225
-277
-105
-316
-209
-134
-256
-246
-144
-262
-66
44
-184
-196
-294
-108
-155
-267
-18
-126
-192
-55
-89
-228
-311
137
-158
-142
-355
-131
-103
-138
-241
-261
-193
-209
-98
-199
-113
-398
-181
-28
-283
-103
-412
-353
-146
-116
-314
-19
-301
-283
-171
77
-212
-237
-17
-15
-263
-384
-132
-263
-188
-385
-367
-78
-230
-407
-212
-118
-216
-67
-275
-206
-497
-314
-82
-95
-417
66
-317
-197
-112
-244
-269
-246
-65
-227
-175
-100
-290
-224
-281
-176
-312
-82
-314
-189
-303
46
-295
-5
-189
-100
-291
-194
-130
-167
-313
-178
-167
-353
-192
-228
3
-447
-90
-280
-304
-110
-248
-33
-344
-116
-134
-111
-196
-187
-348
-271
-339
66
-343
-343
-72
-364
56
-209
-272
-264
-179
-124
-327
-316
-54
-227
-218
-87
-111
-80
35
-67
-493
-306
-37
-246
-23
-81
-222
-275
-330
-124
-175
-177
-276
-348
59
-211
-358
-368
-153
-119
-363
-247
-36
-126
-217
-34
-251
-9
-215
51
-238
-431
-272
-68
-173
-56
-276
-59
-414
-152
-80
-199
-371
-143
-263
-9
-369
-282
-111
-246
-123
-482
-73
-82
-135
-326
18
-69
-453
54
-191
-55
-302
24
-134
