153
46
154
175
249
103
145
95
211
1
50
73
250
187
255
45
251
179
31
125
63
94
69
231
236
37
157
117
161
245
0
247
37
57
73
236
83
19
233
159
33
142
207
66
235
152
12
157
11
49
136
84
107
34
33
80
254
93
33
192
4
212
156
205
255
151
132
86
199
26
228
186
141
181
188
65
69
57
38
119
218
7
107
229
2
218
222
49
83
16
133
178
19
166
166
79
195
103
74
6
80
12
11
201
131
51
111
157
227
25
31
220
64
129
136
39
135
118
1
7
87
70
152
254
181
169
168
128
195
148
84
109
172
21
47
27
139
94
175
91
13
205
41
155
62
210
48
61
120
26
68
58
156
197
168
205
236
255
96
13
214
159
49
196
42
29
138
0
58
205
139
107
135
233
87
125
112
176
148
175
4
189
1
96
57
12
128
62
62
253
23
250
92
191
97
18
107
46
214
40
173
199
121
225
123
162
145
84
89
31
50
144
78
114
233
26
106
82
158
140
26
15
25
5
210
67
204
207
110
89
179
202
196
250
164
35
203
13
211
241
173
24
31
82
194
135
199
191
78
76
82
191
208
221
180
244
147
226
191
93
82
153
146
237
228
189
214
181
51
247
154
27
73
58
158
6
217
180
185
153
167
114
144
152
108
124
133
121
201
225
55
62
60
231
165
154
114
243
10
16
51
36
157
30
51
200
234
0
56
245
92
172
222
245
26
33
73
71
255
76
49
109
24
202
65
83
247
148
95
4
14
243
124
32
70
46
164
207
174
203
65
153
253
188
91
81
60
231
223
29
54
245
104
51
117
20
246
132
72
142
52
78
70
158
108
79
110
164
215
233
112
141
252
199
50
218
180
25
16
106
206
193
140
214
206
166
134
63
138
250
246
212
171
138
187
183
45
163
137
206
183
146
246
209
141
77
172
130
151
155
13
249
226
41
71
146
203
160
145
127
226
195
173
166
98
51
73
81
232
134
215
178
40
95
84
109
107
41
135
204
133
145
130
159
220
122
141
52
40
210
224
120
142
63
145
143
13
193
254
225
210
86
240
166
245
145
79
73
255
145
168
210
233
114
144
6
207
141
157
5
171
194
101
226
123
66
37
204
85
27
148
213
224
58
88
85
127
248
92
0
31
59
74
207
67
241
59
190
72
156
97
119
98
247
70
143
245
77
96
248
41
57
128
159
58
156
82
131
244
197
94
35
131
238
115
105
129
129
176
124
141
104
179
234
173
127
20
237
57
221
141
116
48
142
95
162
231
73
3
104
212
68
154
191
204
68
208
119
29
174
147
58
123
76
21
77
45
165
104
241
118
3
236
119
150
3
247
159
19
103
68
30
44
59
70
205
100
74
69
114
216
142
3
222
242
140
203
17
12
146
129
219
59
112
13
14
229
252
194
239
54
241
30
220
89
3
198
201
251
71
119
26
164
243
71
192
209
78
240
93
156
195
195
3
189
46
61
247
25
100
67
182
197
34
65
125
85
237
15
235
134
152
11
20
54
20
226
60
112
18
169
4
143
43
133
46
133
247
203
99
103
20
233
44
105
184
226
116
54
240
16
44
95
118
19
35
226
173
0
253
164
137
142
84
199
32
24
181
230
248
204
122
117
143
42
199
105
18
156
243
238
72
157
28
83
203
30
70
148
122
128
212
130
147
121
83
126
131
153
105
153
48
210
7
172
95
198
2
130
107
155
237
46
143
126
48
44
202
197
162
119
86
128
68
145
226
2
171
239
96
165
144
141
70
13
13
84
212
111
156
151
1
59
23
195
15
156
120
20
46
49
181
23
77
158
109
196
132
179
192
130
233
211
154
203
131
6
123
218
248
182
108
200
119
117
213
24
81
54
220
11
58
59
172
218
181
137
222
223
187
145
16
150
255
183
34
143
117
85
227
98
180
230
173
3
161
13
68
244
237
96
29
222
124
71
114
229
136
166
44
130
189
20
122
68
29
128
175
58
99
37
55
58
231
219
53
42
204
85
247
167
40
100
223
189
140
221
213
1
64
16
154
74
130
102
243
166
158
132
243
86
199
122
186
159
188
73
21
79
167
205
90
193
175
225
3
203
13
23
50
21
86
58
211
225
136
104
29
186
62
57
65
171
241
10
126
254
37
201
36
168
222
209
209
18
141
172
104
8
159
109
94
127
12
4
242
254
80
134
29
242
84
28
107
141
186
186
142
15
161
208
103
100
181
224
71
82
186
192
61
122
114
57
164
7
172
51
17
103
164
11
125
234
143
114
253
122
254
150
51
104
234
147
223
62
157
114
38
124
37
244
152
75
64
242
9
27
253
149
238
75
178
91
46
