2
2
6
1
-13
-8
16
33
43
59
81
85
71
69
79
49
-21
-66
-86
-78
-42
-12
12
26
30
39
53
55
45
46
-37
-18
-6
5
15
49
107
141
151
120
48
14
18
31
53
56
40
30
26
31
45
35
1
-1
29
38
26
16
8
11
-37
-18
-6
5
15
49
107
141
151
120
48
14
18
31
53
56
40
30
26
31
45
35
1
-1
29
38
26
16
8
11
-45
-72
-88
-95
-93
-66
-14
31
69
72
40
18
6
-3
-9
24
96
118
90
41
-29
-39
11
35
33
11
-31
-70
-106
-108
-45
-72
-88
-95
-93
-66
-14
31
69
72
40
18
6
-3
-9
24
96
118
90
41
-29
-39
11
35
33
11
-31
-70
-106
-108
-13
-17
-35
-50
-62
-43
7
25
11
-8
-32
-52
-68
-59
-25
20
76
85
47
8
-32
-33
5
19
9
-3
-17
-28
-36
-39
-13
-17
-35
-50
-62
-43
7
25
11
-8
-32
-52
-68
-59
-25
20
76
85
47
8
-32
-33
5
19
9
-3
-17
-28
-36
-39
-59
-57
-3
55
117
134
106
79
53
21
-17
-38
-42
-33
-11
-20
-60
-68
-44
-47
-77
-100
-116
-126
-130
-114
-78
-22
54
78
-59
-57
-3
55
117
134
106
79
53
21
-17
-38
-42
-33
-11
-20
-60
-68
-44
-47
-77
-100
-116
-126
-130
-114
-78
-22
54
78
-104
-93
-79
-68
-60
-46
-26
-9
5
4
-12
-12
4
3
-15
2
54
73
59
49
43
-3
-89
-146
-174
-149
-71
10
94
102
-104
-93
-79
-68
-60
-46
-26
-9
5
4
-12
-12
4
3
-15
2
54
73
59
49
43
-3
-89
-146
-174
-149
-71
10
94
102
-31
-9
-27
-30
-18
-21
-39
-38
-18
18
70
97
99
89
67
47
29
13
-1
-6
-2
-16
-48
-51
-25
-1
21
18
-10
-5
-31
-9
-27
-30
-18
-21
-39
-38
-18
18
70
97
99
89
67
47
29
13
-1
-6
-2
-16
-48
-51
-25
-1
21
18
-10
-5
-42
-36
-12
-7
-21
-31
-37
-23
11
32
40
14
-46
-81
-91
-78
-42
-19
-9
-13
-31
-31
-13
14
50
84
116
102
42
14
-42
-36
-12
-7
-21
-31
-37
-23
11
32
40
14
-46
-81
-91
-78
-42
-19
-9
-13
-31
-31
-13
14
50
84
116
102
42
14
-11
-8
-8
2
22
17
-13
-32
-40
-33
-11
-3
-9
-44
-108
-107
-41
-6
-2
0
0
6
18
10
-18
-54
-98
-95
-45
-15
-11
-8
-8
2
22
17
-13
-32
-40
-33
-11
-3
-9
-44
-108
-107
-41
-6
-2
0
0
6
18
10
-18
-54
-98
-95
-45
-15
20
6
-22
-57
-99
-83
-9
32
40
33
11
-8
-24
5
79
101
71
35
-7
-11
23
74
142
133
47
-13
-47
-74
-94
-83
20
6
-22
-57
-99
-83
-9
32
40
33
11
-8
-24
5
79
101
71
35
-7
-11
23
74
142
133
47
-13
-47
-74
-94
-83
-40
-37
-15
0
8
9
3
-18
-54
-76
-84
-98
-118
-102
-50
-29
-39
-14
46
69
55
26
-18
-3
71
84
36
31
69
71
-40
-37
-15
0
8
9
3
-18
-54
-76
-84
-98
-118
-102
-50
-29
-39
-14
46
69
55
26
-18
-3
71
84
36
31
69
71
-20
-37
-71
-72
-40
-12
12
15
-3
-22
-42
-52
-52
-33
5
-9
-75
-103
-93
-62
-10
-16
-80
-109
-103
-74
-22
-4
-20
-32
-20
-37
-71
-72
-40
-12
12
15
-3
-22
-42
-52
-52
-33
5
-9
-75
-103
-93
-62
-10
-16
-80
-109
-103
-74
-22
-4
-20
-32
-1
-10
-14
-24
-40
-64
-96
-108
-100
-95
-93
-79
-53
-71
-133
-144
-104
-75
-57
-37
-15
0
8
-13
-63
-87
-85
-64
-24
0
-1
-10
-14
-24
-40
-64
-96
-108
-100
-95
-93
-79
-53
-71
-133
-144
-104
-75
-57
-37
-15
0
8
-13
-63
-87
-85
-64
-24
0
24
32
40
39
29
9
-21
-40
-48
-64
-88
-63
11
42
30
13
-9
-25
-35
-63
-109
-103
-45
-12
-4
-16
-48
-74
-94
-95
24
32
40
39
29
9
-21
-40
-48
-64
-88
-63
11
42
30
13
-9
-25
-35
-63
-109
-103
-45
-12
-4
-16
-48
-74
-94
-95
15
5
-9
-16
-16
-16
-16
-13
-7
-6
-10
-7
3
25
59
48
-8
-33
-27
-1
45
47
5
-14
-10
-12
-20
-28
-36
-24
15
5
-9
-16
-16
-16
-16
-13
-7
-6
-10
-7
3
25
59
48
-8
-33
-27
-1
45
47
5
-14
-10
-12
-20
-28
-36
-24
-39
-23
11
9
-29
-38
-18
-21
-47
-46
-18
35
113
141
119
76
12
-44
-92
-122
-134
-81
37
82
54
44
52
32
-16
-62
