2
2
6
1
0
0
16
33
43
59
81
85
71
69
79
49
0
0
0
0
0
0
12
26
30
39
53
55
45
46
0
0
0
5
15
49
107
141
151
120
48
14
18
31
53
56
40
30
26
31
45
35
1
0
29
38
26
16
8
11
0
0
0
5
15
49
107
141
151
120
48
14
18
31
53
56
40
30
26
31
45
35
1
0
29
38
26
16
8
11
0
0
0
0
0
0
0
31
69
72
40
18
6
0
0
24
96
118
90
41
0
0
11
35
33
11
0
0
0
0
0
0
0
0
0
0
0
31
69
72
40
18
6
0
0
24
96
118
90
41
0
0
11
35
33
11
0
0
0
0
0
0
0
0
0
0
7
25
11
0
0
0
0
0
0
20
76
85
47
8
0
0
5
19
9
0
0
0
0
0
0
0
0
0
0
0
7
25
11
0
0
0
0
0
0
20
76
85
47
8
0
0
5
19
9
0
0
0
0
0
0
0
0
55
117
134
106
79
53
21
0
0
0
0
0
0
0
0
0
0
0
0
0
0
0
0
0
0
54
78
0
0
0
55
117
134
106
79
53
21
0
0
0
0
0
0
0
0
0
0
0
0
0
0
0
0
0
0
54
78
0
0
0
0
0
0
0
0
5
4
0
0
4
3
0
2
54
73
59
49
43
0
0
0
0
0
0
10
94
102
0
0
0
0
0
0
0
0
5
4
0
0
4
3
0
2
54
73
59
49
43
0
0
0
0
0
0
10
94
102
0
0
0
0
0
0
0
0
0
18
70
97
99
89
67
47
29
13
0
0
0
0
0
0
0
0
21
18
0
0
0
0
0
0
0
0
0
0
0
18
70
97
99
89
67
47
29
13
0
0
0
0
0
0
0
0
21
18
0
0
0
0
0
0
0
0
0
0
11
32
40
14
0
0
0
0
0
0
0
0
0
0
0
14
50
84
116
102
42
14
0
0
0
0
0
0
0
0
11
32
40
14
0
0
0
0
0
0
0
0
0
0
0
14
50
84
116
102
42
14
0
0
0
2
22
17
0
0
0
0
0
0
0
0
0
0
0
0
0
0
0
6
18
10
0
0
0
0
0
0
0
0
0
2
22
17
0
0
0
0
0
0
0
0
0
0
0
0
0
0
0
6
18
10
0
0
0
0
0
0
20
6
0
0
0
0
0
32
40
33
11
0
0
5
79
101
71
35
0
0
23
74
142
133
47
0
0
0
0
0
20
6
0
0
0
0
0
32
40
33
11
0
0
5
79
101
71
35
0
0
23
74
142
133
47
0
0
0
0
0
0
0
0
0
8
9
3
0
0
0
0
0
0
0
0
0
0
0
46
69
55
26
0
0
71
84
36
31
69
71
0
0
0
0
8
9
3
0
0
0
0
0
0
0
0
0
0
0
46
69
55
26
0
0
71
84
36
31
69
71
0
0
0
0
0
0
12
15
0
0
0
0
0
0
5
0
0
0
0
0
0
0
0
0
0
0
0
0
0
0
0
0
0
0
0
0
12
15
0
0
0
0
0
0
5
0
0
0
0
0
0
0
0
0
0
0
0
0
0
0
0
0
0
0
0
0
0
0
0
0
0
0
0
0
0
0
0
0
0
0
0
0
8
0
0
0
0
0
0
0
0
0
0
0
0
0
0
0
0
0
0
0
0
0
0
0
0
0
0
0
0
0
8
0
0
0
0
0
0
0
24
32
40
39
29
9
0
0
0
0
0
0
11
42
30
13
0
0
0
0
0
0
0
0
0
0
0
0
0
0
24
32
40
39
29
9
0
0
0
0
0
0
11
42
30
13
0
0
0
0
0
0
0
0
0
0
0
0
0
0
15
5
0
0
0
0
0
0
0
0
0
0
3
25
59
48
0
0
0
0
45
47
5
0
0
0
0
0
0
0
15
5
0
0
0
0
0
0
0
0
0
0
3
25
59
48
0
0
0
0
45
47
5
0
0
0
0
0
0
0
0
0
11
9
0
0
0
0
0
0
0
35
113
141
119
76
12
0
0
0
0
0
37
82
54
44
52
32
0
0
