8
0
0
2
2
22
22
100
100
103
103
42
42
21
21
48
48
74
74
55
55
29
29
27
27
30
30
25
25
29
29
27
6
0
0
0
0
27
27
93
93
91
91
19
19
5
5
27
27
88
88
79
79
35
35
21
21
22
22
10
10
19
19
11
6
0
0
0
0
27
27
93
93
91
91
19
19
5
5
27
27
88
88
79
79
35
35
21
21
22
22
10
10
19
19
11
25
6
6
0
0
22
22
59
59
52
52
16
16
0
0
11
11
80
80
73
73
22
22
25
25
11
11
5
5
18
18
3
25
6
6
0
0
22
22
59
59
52
52
16
16
0
0
11
11
80
80
73
73
22
22
25
25
11
11
5
5
18
18
3
22
22
22
24
24
45
45
56
56
30
30
10
10
0
0
14
14
47
47
54
54
38
38
16
16
3
3
18
18
49
49
18
22
22
22
24
24
45
45
56
56
30
30
10
10
0
0
14
14
47
47
54
54
38
38
16
16
3
3
18
18
49
49
18
29
24
24
35
35
62
62
48
48
29
29
21
21
19
19
16
16
21
21
47
47
51
51
10
10
2
2
24
24
59
59
27
29
24
24
35
35
62
62
48
48
29
29
21
21
19
19
16
16
21
21
47
47
51
51
10
10
2
2
24
24
59
59
27
25
45
45
29
29
25
25
25
25
19
19
30
30
30
30
16
16
41
41
55
55
74
74
41
41
35
35
39
39
36
36
18
25
45
45
29
29
25
25
25
25
19
19
30
30
30
30
16
16
41
41
55
55
74
74
41
41
35
35
39
39
36
36
18
54
70
70
47
47
39
39
29
29
16
16
35
35
27
27
22
22
21
21
42
42
64
64
74
74
82
82
47
47
2
2
18
54
70
70
47
47
39
39
29
29
16
16
35
35
27
27
22
22
21
21
42
42
64
64
74
74
82
82
47
47
2
2
18
85
70
70
56
56
42
42
41
41
18
18
11
11
2
2
8
8
16
16
44
44
64
64
90
90
85
85
39
39
8
8
5
85
70
70
56
56
42
42
41
41
18
18
11
11
2
2
8
8
16
16
44
44
64
64
90
90
85
85
39
39
8
8
5
91
82
82
56
56
49
49
51
51
11
11
0
0
21
21
32
32
22
22
45
45
74
74
91
91
68
68
6
6
5
5
0
91
82
82
56
56
49
49
51
51
11
11
0
0
21
21
32
32
22
22
45
45
74
74
91
91
68
68
6
6
5
5
0
96
84
84
58
58
41
41
58
58
22
22
0
0
24
24
67
67
24
24
45
45
74
74
85
85
76
76
36
36
10
10
0
96
84
84
58
58
41
41
58
58
22
22
0
0
24
24
67
67
24
24
45
45
74
74
85
85
76
76
36
36
10
10
0
91
79
79
67
67
71
71
51
51
11
11
0
0
32
32
38
38
10
10
52
52
64
64
41
41
75
75
52
52
36
36
5
91
79
79
67
67
71
71
51
51
11
11
0
0
32
32
38
38
10
10
52
52
64
64
41
41
75
75
52
52
36
36
5
95
91
91
68
68
68
68
51
51
29
29
22
22
64
64
44
44
21
21
33
33
52
52
51
51
48
48
49
49
14
14
0
95
91
91
68
68
68
68
51
51
29
29
22
22
64
64
44
44
21
21
33
33
52
52
51
51
48
48
49
49
14
14
0
100
96
96
90
90
74
74
45
45
32
32
35
35
77
77
38
38
48
48
55
55
48
48
79
79
73
73
48
48
21
21
11
100
96
96
90
90
74
74
45
45
32
32
35
35
77
77
38
38
48
48
55
55
48
48
79
79
73
73
48
48
21
21
11
95
98
98
94
94
86
86
73
73
56
56
58
58
87
87
79
79
69
69
67
67
49
49
76
76
95
95
69
69
22
22
8
95
98
98
94
94
86
86
73
73
56
56
58
58
87
87
79
79
69
69
67
67
49
49
76
76
95
95
69
69
22
22
8
92
91
91
83
83
80
80
82
82
69
69
83
83
75
75
73
73
74
74
77
77
82
82
80
80
95
95
85
85
48
48
25
92
91
91
83
83
80
80
82
82
69
69
83
83
75
75
73
73
74
74
77
77
82
82
80
80
95
95
85
85
48
48
25
86
88
88
87
87
84
84
86
86
70
70
86
86
73
73
54
54
83
83
83
83
65
65
84
84
97
97
91
91
58
58
19
86
88
88
87
87
84
84
86
86
70
70
86
86
73
73
54
54
83
83
83
83
65
65
84
84
97
97
91
91
58
58
19
95
98
98
80
80
96
96
88
88
85
85
87
87
35
35
27
27
88
88
112
112
100
100
60
60
87
87
77
77
68
68
51
