0
0
0
0
0
0
0
0
0
0
0
0
5123
0
0
0
6714
0
0
0
0
0
0
0
0
0
0
5971
0
0
0
0
0
0
0
0
0
0
0
0
0
0
0
0
0
0
0
0
0
0
0
0
0
0
7428
0
0
0
0
0
0
0
0
0
3116
0
0
0
0
0
0
0
0
0
0
0
0
0
0
0
0
4398
0
0
0
0
0
0
0
0
0
0
0
0
0
0
0
0
0
0
0
0
0
0
0
0
0
0
0
0
0
1782
0
0
0
0
0
0
0
0
0
2432
0
0
1202
0
0
0
0
0
0
0
0
0
0
0
0
0
0
0
0
0
0
0
385
0
0
0
0
0
0
0
0
0
0
0
0
0
0
0
0
0
0
0
0
0
0
0
0
0
0
0
0
0
0
0
0
4782
16174
0
0
0
0
0
0
0
0
0
0
0
0
0
0
0
0
0
0
0
0
17281
0
0
0
0
0
0
0
0
0
0
0
0
3352
0
0
0
0
0
0
0
0
0
0
0
0
0
0
6608
0
0
0
0
0
0
0
0
0
0
0
0
0
0
0
0
0
0
0
0
0
0
0
0
0
5161
0
0
0
4741
0
0
0
0
0
0
0
0
0
0
0
0
0
0
0
0
0
0
0
0
0
0
0
0
0
0
0
0
0
3353
5617
3619
0
0
0
0
0
0
0
0
0
0
0
0
0
0
0
0
0
0
0
0
0
0
0
0
0
0
0
0
0
0
0
0
0
0
0
0
919
0
0
0
0
21244
0
0
2973
0
5869
0
0
0
0
0
0
0
0
0
0
0
0
0
0
0
0
0
0
0
0
0
0
0
0
0
0
0
0
0
0
0
0
0
0
5500
0
6052
0
0
0
0
0
0
0
0
0
0
0
0
0
0
0
0
18506
0
0
0
0
0
0
0
0
1914
0
0
0
0
3443
0
9385
0
0
0
0
0
0
0
0
0
0
0
0
0
0
0
0
0
0
0
0
0
0
0
0
0
0
0
4792
0
0
0
0
9403
0
0
0
0
0
0
0
0
0
0
0
0
0
0
0
0
0
0
0
0
0
0
0
0
0
0
1694
0
0
0
11743
0
0
0
0
0
0
0
0
0
0
0
0
0
0
0
0
0
0
0
0
0
0
0
0
0
0
0
0
0
0
0
0
0
0
0
0
0
0
0
4643
0
0
0
1459
5314
0
0
0
0
0
0
0
2721
0
0
0
0
0
0
0
0
0
0
0
0
0
0
0
0
425
0
0
0
0
0
0
0
0
0
0
0
0
0
0
0
0
0
0
0
0
5999
0
0
0
0
0
0
0
0
0
10061
0
0
0
0
0
0
562
0
0
0
0
0
0
9387
0
0
0
0
0
2342
0
0
0
0
0
0
0
0
0
0
0
0
0
0
0
5252
0
0
0
0
0
338
0
0
0
0
0
0
0
0
0
0
10722
5132
0
0
0
4807
0
0
0
0
0
0
0
0
0
0
0
0
0
0
0
0
0
0
0
0
0
3408
0
0
0
0
0
0
0
0
0
0
0
0
0
0
0
0
0
0
0
0
0
0
0
0
0
6881
0
4778
0
0
0
0
0
0
0
0
0
0
0
0
0
0
0
0
876
0
0
0
0
0
0
0
0
0
0
0
0
0
9183
0
0
0
0
0
0
0
0
0
0
0
0
0
0
0
0
0
0
0
0
0
0
0
0
0
0
992
0
0
0
0
0
0
8234
0
0
0
0
0
0
0
0
0
0
0
0
0
0
0
0
0
0
0
0
0
0
0
0
0
0
0
0
0
0
0
0
0
0
2779
0
0
0
0
0
0
0
0
0
0
0
0
0
0
0
0
0
0
0
0
0
0
0
3117
0
12847
0
3020
0
0
0
0
0
0
0
0
0
0
0
0
0
0
0
0
0
0
0
0
0
0
0
0
0
0
0
0
0
0
0
0
0
0
617
0
0
0
0
0
0
0
0
0
0
0
0
0
0
0
0
0
0
0
0
0
0
0
0
0
0
0
0
0
0
0
0
0
0
0
0
4652
0
0
0
0
0
0
0
0
0
53
0
0
0
0
9020
3527
0
0
0
0
