80
209
25
63
50
232
0
52
253
118
100
194
60
200
129
185
4
56
63
201
120
188
114
156
175
122
112
26
247
250
20
164
248
66
37
194
126
138
120
208
109
13
206
7
52
51
190
78
23
170
251
191
213
39
193
88
63
251
122
125
17
105
133
204
80
124
59
59
84
59
53
71
137
235
199
114
243
118
89
209
228
44
198
247
166
69
202
130
85
43
84
202
227
148
202
129
10
198
145
187
47
34
110
66
133
224
199
195
69
134
200
131
239
189
189
124
233
19
143
190
204
231
245
44
146
89
230
41
238
60
227
138
12
198
231
218
19
68
63
161
162
219
169
116
250
144
159
173
126
123
141
241
74
184
203
115
119
3
128
158
52
86
74
193
30
137
104
107
130
146
191
10
88
170
234
159
44
12
167
235
39
159
133
236
43
35
52
15
27
88
219
10
185
106
192
166
174
129
131
244
127
102
97
52
238
84
96
219
186
255
142
68
116
164
78
167
80
82
137
50
13
26
179
255
215
41
34
128
206
118
191
30
205
42
206
181
146
113
213
156
65
28
138
8
12
183
79
81
27
90
65
97
88
151
200
66
45
141
14
106
183
100
113
29
163
63
193
132
239
62
151
219
107
22
96
240
115
207
123
72
148
68
161
243
185
146
61
202
100
156
189
97
88
252
186
221
81
161
96
65
115
24
88
153
51
6
45
157
177
195
36
156
58
248
46
160
190
89
72
53
177
238
27
58
177
166
146
160
187
54
177
151
212
163
145
174
59
62
45
34
63
226
92
241
142
24
8
246
138
127
191
232
239
30
157
114
128
158
24
31
174
187
128
30
151
237
224
236
160
206
196
134
145
236
215
203
162
73
168
59
83
114
224
230
195
28
7
148
48
29
100
42
125
37
244
66
161
54
75
132
7
0
158
63
144
168
218
154
230
18
160
36
216
183
70
45
13
221
222
252
249
252
205
30
210
120
62
56
3
12
12
181
77
197
3
206
125
81
94
26
225
134
236
231
134
207
39
230
37
53
232
40
133
42
116
241
13
19
54
187
63
192
52
21
5
38
182
0
68
85
95
70
232
27
75
241
236
236
244
185
68
249
228
158
32
166
253
64
109
92
113
186
113
33
15
0
137
156
142
85
2
233
250
207
38
124
93
110
103
50
11
163
139
161
139
39
79
170
251
70
104
31
228
144
78
190
107
204
56
70
160
123
85
72
228
60
244
94
117
228
67
243
46
52
110
33
238
191
168
168
146
157
126
65
157
151
121
37
208
56
230
138
244
100
245
214
145
92
218
131
20
175
180
72
182
6
38
67
188
71
74
2
83
252
235
224
138
110
119
81
39
166
222
113
166
85
121
6
18
152
67
58
254
33
139
227
67
22
166
2
248
93
214
218
255
234
39
123
123
144
109
212
64
62
31
122
189
198
88
39
12
109
189
219
238
160
232
126
185
100
202
89
69
216
69
167
177
70
67
82
82
121
68
140
232
28
16
195
158
123
219
63
79
85
5
150
152
103
160
34
137
209
56
116
231
170
222
208
33
99
48
229
209
146
46
84
16
243
149
113
130
92
50
92
200
249
36
9
27
132
208
87
27
231
217
158
176
99
73
176
170
95
95
241
248
80
72
167
102
117
213
93
236
20
243
140
19
161
205
249
128
193
74
36
99
97
135
239
117
5
92
208
80
236
12
159
11
158
38
182
170
22
94
19
9
109
10
147
175
240
152
62
144
165
254
67
179
29
170
129
180
121
169
76
174
13
165
208
226
37
136
218
218
100
57
129
145
139
22
82
1
34
62
40
112
126
133
255
24
77
253
172
144
143
22
203
165
127
217
153
40
45
252
227
108
205
210
66
4
146
253
176
226
33
27
97
206
28
205
85
88
150
70
249
74
26
134
135
199
242
111
169
255
246
49
24
45
170
76
181
247
138
84
157
176
19
251
4
231
50
114
7
139
198
87
233
81
178
235
129
63
188
232
238
198
185
97
231
224
67
114
114
33
202
147
53
56
37
48
16
36
21
77
108
190
244
148
198
25
229
202
75
116
213
136
173
228
221
186
149
118
98
200
155
99
123
120
42
36
97
14
119
110
199
28
142
117
35
196
45
53
135
246
231
97
140
90
72
172
26
128
148
238
114
19
63
63
30
107
119
63
47
56
95
153
117
213
43
208
117
39
57
117
59
86
161
150
102
213
3
14
36
179
171
133
3
145
245
236
125
70
180
51
112
0
62
84
242
231
209
123
218
16
89
81
180
234
217
30
165
20
139
67
117
193
199
100
9
145
216
125
121
130
171
58
149
109
102
236
215
239
240
173
103
