-2974
-1223
-1808
-352
-1123
-90
-277
-672
-1465
-98
-1083
-749
-410
-1625
151
-523
-993
-1552
-1420
456
-1013
-1175
681
-859
40
-540
-3257
-1310
-385
536
399
-1401
-1424
45
-490
-2123
-716
552
157
-1459
-2090
-467
-1395
176
-1037
380
-1518
-633
-575
-2254
-1486
-716
-3551
-876
-205
-137
-2531
-2140
-1899
-1616
-1022
-2174
-1814
-2615
365
-1582
31
-832
-2103
-339
354
-1922
-1327
-1276
-1749
-1146
-2510
-1594
-1537
-1488
-1050
-2175
-537
-2234
-2349
-2375
-1235
-475
-1160
-1322
-714
374
-1905
-569
-1999
-646
-2199
-451
-1892
-1003
-2117
-1024
340
-715
-138
-1632
-1950
-1647
-1073
-1647
-238
-3122
-1032
-1018
238
-1420
112
-969
-781
-7
-2130
-900
-420
106
89
-781
-600
-789
130
-1888
602
-1395
-937
-1667
-367
355
-1067
-2049
-982
-955
-185
-1375
178
-1486
-533
638
-1158
-1183
-520
-554
-1856
-2190
-611
-160
-1104
-782
-570
-3395
374
-973
749
-1190
-341
-856
-354
-630
611
452
-669
-1688
-1343
-188
-694
-1540
1539
-752
-76
-1681
-488
-2990
-1225
100
-1875
0
-1627
218
-2872
74
-1219
-1667
-18
422
-2283
-1100
-1671
-1307
-2910
-1656
-535
770
-1054
-800
-1763
1084
-1271
-1383
-1020
-133
360
-1689
393
-2908
-541
-1812
-1422
-2583
-793
1528
-645
-810
-2069
-941
-1266
-53
-454
-1147
-1176
-2248
533
-2307
-1322
-324
-2243
-183
-1307
-869
-1431
-572
-2533
543
-2860
220
540
-1944
-194
-1971
-547
-2200
-210
-1282
-1071
-2213
-2724
866
204
-671
-833
-1161
-2811
380
-1962
-677
159
-1055
-1703
-2884
-386
-704
-1076
-1110
-2311
-398
-3633
-277
-338
-1259
-666
-1246
-166
-666
-1920
-465
-584
-1407
215
-990
231
-675
-952
-1376
-2311
-33
-1555
-1202
-1037
134
-1699
-1341
-104
78
-2
150
539
-909
-2177
338
-2367
319
-2701
-1211
-1127
-489
-234
-1544
350
-355
-1417
-436
-1040
-1046
1295
-2160
-497
-1183
-2149
-2479
-2026
225
-749
-1797
-1462
-2503
-1760
-525
593
-1819
-556
366
-1280
-581
-1480
-1007
-1777
28
-327
-617
-563
-431
-2197
525
-1229
-4348
-846
-454
-561
-284
-2121
-830
-2480
-1126
-14
-1209
-1887
-1459
-2614
-2853
441
-2667
-842
-2482
-216
-1065
-905
136
-845
-373
-1841
-1704
840
441
-816
609
-960
-2330
-1661
-981
-63
-1755
-1472
370
857
53
1086
372
-1609
-380
-2269
-1164
-779
-2545
-1825
-1784
-1464
-1609
-1482
-1699
133
-668
-1734
-2054
-1200
-916
-1262
-393
-2301
-1887
-550
-884
-2742
-2789
-3086
-4223
371
-2464
-1615
-509
410
-1015
-2081
-80
180
-1016
-1222
-1829
-1273
-3134
-1028
-1996
-808
-355
-2035
-1024
-971
231
-1105
950
-1523
-1039
701
819
-191
-622
-877
-2645
1151
-2350
-977
-1731
-1596
282
-2112
-289
-17
449
-955
414
-552
-1815
-1636
-58
-1788
-1277
-1098
-714
173
712
-965
-947
-406
-698
-307
-757
-1707
-1601
-1808
-2078
585
-949
532
-2394
-1241
-2185
-1167
-797
-309
-1318
-372
-100
1555
-1159
-433
1260
-1472
-505
-2607
-1003
-2564
-1879
666
-602
-2902
-1191
-558
-627
-2041
-455
-330
-851
-949
-1121
-802
-1997
-935
-2036
-3264
-476
-930
-1255
-759
370
-2643
-696
-1459
764
-874
12
-1288
-1029
-1668
-2301
1620
104
-1138
-867
-299
-800
453
-1540
-1925
-556
-2386
-1300
129
-58
-1899
-1481
-2650
476
-1008
-2199
-890
-1757
-1609
-2290
-3209
-419
-1702
161
-1242
-1838
-810
-1991
-941
594
-449
39
746
-1341
-779
-2765
-1668
-433
-3680
-1204
-23
-1074
610
-2025
-1242
483
81
-642
1144
-324
1405
-949
-728
715
-652
-907
-1708
594
-1340
-1260
-3352
228
-915
16
693
-307
-232
-1266
703
-1360
-2256
-1298
717
-1219
-264
-3196
-1856
-735
-507
-1871
-483
-1132
-811
-1437
-695
169
-1044
-1918
-2314
-905
-1543
-1750
-1100
-721
-1056
-766
-591
-1273
444
-1190
-575
-385
-2972
177
-733
-487
-1757
-876
470
-1054
-2047
484
-2355
-2492
-2538
-376
-1061
-1063
-1132
-1350
-222
187
-1287
-528
-1210
-2163
-1420
-2095
443
-2131
-209
-40
-91
-481
-1646
-895
-1524
-855
-3594
-2101
339
-2163
-912
639
-315
-2323
618
-1246
-1864
70
637
-561
46
-1441
-2511
-546
-2367
545
-1272
-2643
-2680
-2312
-347
-1507
6
-1611
285
-289
-2220
-949
-1539
-705
-1637
-1655
-560
-577
78
-344
-875
-1247
-2209
-698
-931
-2626
-2088
-2813
-1424
1585
-481
459
728
-1608
-610
-1196
-2254
-699
-1458
-311
-354
-442
-854
-876
403
-161
-1254
-266
-2079
-1027
-157
-880
-498
-116
516
-236
1247
-1302
963
-2893
-1013
-1669
-135
-230
-134
-2125
1236
-3100
-1254
-1959
-1537
-127
-1735
-2966
-1789
-1840
166
-247
-262
-970
-2839
-1948
-141
-2662
-1800
-398
-1075
-1462
-282
-1583
782
-1132
-2563
-387
-1968
-44
-2365
-1094
-214
-2366
437
-313
-2030
-471
-1644
-956
-1961
-1342
-1819
-1589
-196
-199
-1640
498
-2193
252
-530
306
-1989
57
-1841
1099
1173
-828
-378
104
164
-2468
-1131
-364
-1255
-1794
-1765
-965
921
-3553
-758
-3046
-647
3
-3194
-12
-634
-1690
-2749
-1791
-2277
-986
-1547
573
-52
261
-863
-1336
1116
-781
-2016
-939
-32
-3167
-1219
-1751
-492
-1172
-2171
-417
321
-3610
-740
-973
-1692
227
-627
-1606
1681
-1624
-518
-2631
-74
-1379
-1018
-182
-1080
-1772
-498
-1248
-1092
-1068
-2139
-1517
272
-1623
-71
-30
-1897
-1695
-1074
-824
