0
0
0
0
0
0
0
0
0
0
0
0
0
0
151
0
0
0
0
456
0
0
681
0
40
0
0
0
0
536
399
0
0
45
0
0
0
552
157
0
0
0
0
176
0
380
0
0
0
0
0
0
0
0
0
0
0
0
0
0
0
0
0
0
365
0
31
0
0
0
354
0
0
0
0
0
0
0
0
0
0
0
0
0
0
0
0
0
0
0
0
374
0
0
0
0
0
0
0
0
0
0
340
0
0
0
0
0
0
0
0
0
0
0
238
0
112
0
0
0
0
0
0
106
89
0
0
0
130
0
602
0
0
0
0
355
0
0
0
0
0
0
178
0
0
638
0
0
0
0
0
0
0
0
0
0
0
0
374
0
749
0
0
0
0
0
611
452
0
0
0
0
0
0
1539
0
0
0
0
0
0
100
0
0
0
218
0
74
0
0
0
422
0
0
0
0
0
0
0
770
0
0
0
1084
0
0
0
0
360
0
393
0
0
0
0
0
0
1528
0
0
0
0
0
0
0
0
0
0
533
0
0
0
0
0
0
0
0
0
0
543
0
220
540
0
0
0
0
0
0
0
0
0
0
866
204
0
0
0
0
380
0
0
159
0
0
0
0
0
0
0
0
0
0
0
0
0
0
0
0
0
0
0
0
0
215
0
231
0
0
0
0
0
0
0
0
134
0
0
0
78
0
150
539
0
0
338
0
319
0
0
0
0
0
0
350
0
0
0
0
0
1295
0
0
0
0
0
0
225
0
0
0
0
0
0
593
0
0
366
0
0
0
0
0
28
0
0
0
0
0
525
0
0
0
0
0
0
0
0
0
0
0
0
0
0
0
0
441
0
0
0
0
0
0
136
0
0
0
0
840
441
0
609
0
0
0
0
0
0
0
370
857
53
1086
372
0
0
0
0
0
0
0
0
0
0
0
0
133
0
0
0
0
0
0
0
0
0
0
0
0
0
0
0
371
0
0
0
410
0
0
0
180
0
0
0
0
0
0
0
0
0
0
0
0
231
0
950
0
0
701
819
0
0
0
0
1151
0
0
0
0
282
0
0
0
449
0
414
0
0
0
0
0
0
0
0
173
712
0
0
0
0
0
0
0
0
0
0
585
0
532
0
0
0
0
0
0
0
0
0
1555
0
0
1260
0
0
0
0
0
0
666
0
0
0
0
0
0
0
0
0
0
0
0
0
0
0
0
0
0
0
0
370
0
0
0
764
0
12
0
0
0
0
1620
104
0
0
0
0
453
0
0
0
0
0
129
0
0
0
0
476
0
0
0
0
0
0
0
0
0
161
0
0
0
0
0
594
0
39
746
0
0
0
0
0
0
0
0
0
610
0
0
483
81
0
1144
0
1405
0
0
715
0
0
0
594
0
0
0
228
0
16
693
0
0
0
703
0
0
0
717
0
0
0
0
0
0
0
0
0
0
0
0
169
0
0
0
0
0
0
0
0
0
0
0
0
444
0
0
0
0
177
0
0
0
0
470
0
0
484
0
0
0
0
0
0
0
0
0
187
0
0
0
0
0
0
443
0
0
0
0
0
0
0
0
0
0
0
339
0
0
639
0
0
618
0
0
70
637
0
46
0
0
0
0
545
0
0
0
0
0
0
6
0
285
0
0
0
0
0
0
0
0
0
78
0
0
0
0
0
0
0
0
0
0
1585
0
459
728
0
0
0
0
0
0
0
0
0
0
0
403
0
0
0
0
0
0
0
0
0
516
0
1247
0
963
0
0
0
0
0
0
0
1236
0
0
0
0
0
0
0
0
0
166
0
0
0
0
0
0
0
0
0
0
0
0
0
782
0
0
0
0
0
0
0
0
0
437
0
0
0
0
0
0
0
0
0
0
0
0
498
0
252
0
306
0
57
0
1099
1173
0
0
104
164
0
0
0
0
0
0
0
921
0
0
0
0
3
0
0
0
0
0
0
0
0
0
573
0
261
0
0
1116
0
0
0
0
0
0
0
0
0
0
0
321
0
0
0
0
227
0
0
1681
0
0
0
0
0
0
0
0
0
0
0
0
0
0
0
272
0
0
0
0
0
0
0
