63
94
83
124
29
80
154
121
159
249
124
98
102
54
207
93
32
135
162
247
106
36
186
123
241
102
12
243
243
245
67
215
126
50
23
196
64
70
174
149
76
155
191
248
163
137
125
154
30
129
128
72
203
176
72
178
161
64
58
174
125
58
120
41
198
237
185
80
185
22
127
11
48
237
239
57
135
103
64
127
39
133
115
173
160
56
165
7
3
95
201
214
158
15
40
246
9
180
96
111
12
137
82
158
28
92
104
173
248
32
101
33
124
121
112
110
217
73
225
149
196
41
204
123
209
249
82
180
2
206
252
246
117
147
88
82
67
41
249
90
157
133
88
197
156
215
180
121
205
188
210
133
177
238
146
183
179
158
228
17
22
14
226
168
90
113
158
64
208
133
231
58
169
124
73
36
242
216
196
82
161
236
157
205
208
35
106
115
139
45
190
151
193
195
52
179
34
70
53
247
95
8
127
105
43
247
96
106
9
217
213
187
73
121
136
249
8
7
119
132
153
92
118
65
199
88
153
95
94
22
183
241
66
135
29
74
102
200
75
16
70
0
207
17
145
251
30
162
15
75
41
138
48
247
146
114
131
227
93
7
186
131
147
55
208
107
127
3
33
248
99
97
231
200
115
194
2
124
146
21
114
84
147
71
91
113
77
220
65
192
31
243
203
158
198
61
29
58
60
253
122
74
131
80
223
150
79
99
65
231
126
98
142
193
13
101
155
199
28
48
226
170
182
43
66
205
127
147
4
146
228
195
193
74
116
20
59
134
164
229
220
29
143
50
106
180
203
218
15
84
178
83
203
76
174
200
154
62
149
188
60
150
112
126
102
185
38
12
53
158
138
238
86
24
242
112
104
239
112
120
19
99
127
176
88
73
124
55
89
87
247
41
232
65
209
78
157
136
37
38
72
126
229
14
4
240
123
104
96
253
255
127
65
165
43
236
233
203
250
68
103
183
51
118
118
57
130
190
139
125
40
60
104
86
62
67
166
228
232
233
61
84
144
213
134
140
239
93
29
29
235
60
230
250
210
5
168
245
225
101
98
46
137
15
129
41
226
97
0
93
32
195
127
241
9
226
247
148
13
78
104
71
23
4
243
37
130
149
242
241
54
205
182
169
145
229
43
85
118
171
54
154
133
177
233
222
59
188
200
125
255
194
248
223
224
170
109
155
208
74
213
30
145
117
179
121
191
203
158
152
236
5
177
226
83
171
14
134
22
157
159
71
29
185
45
116
175
93
23
232
153
65
170
173
153
123
160
31
27
180
114
55
130
235
67
195
124
141
7
43
74
176
52
48
167
21
240
38
73
253
223
234
150
28
73
156
157
164
194
107
50
154
115
160
4
9
155
34
25
57
142
210
157
247
80
72
48
158
203
78
230
234
106
115
80
49
146
85
208
232
28
204
251
165
219
19
38
99
114
121
161
109
207
20
34
157
91
180
193
128
84
109
6
112
28
225
4
101
189
142
180
146
246
56
123
141
205
119
144
17
172
252
166
73
248
176
164
85
158
213
172
187
237
84
76
183
111
21
25
45
93
219
196
202
224
118
255
101
34
182
142
97
81
50
60
36
10
146
20
68
51
123
87
185
176
107
54
69
167
216
66
65
56
40
130
103
154
38
192
175
100
113
25
170
198
181
16
160
181
7
127
242
81
6
144
168
218
133
157
234
192
167
188
21
21
119
118
185
56
82
173
109
196
16
218
44
220
121
63
90
39
138
165
124
255
173
142
87
86
194
247
154
32
111
80
44
117
137
223
209
22
157
183
71
17
104
89
191
80
100
248
246
143
177
131
127
59
164
107
98
62
151
168
138
14
8
61
113
232
181
226
5
152
94
251
238
208
39
244
5
124
76
203
241
141
27
155
119
253
29
125
168
58
9
3
198
233
25
134
245
197
251
243
40
123
4
11
199
76
142
2
214
250
34
185
23
48
238
71
130
15
62
120
242
44
111
210
179
35
159
10
48
36
69
49
151
50
228
104
46
120
109
137
112
237
209
38
65
242
250
230
45
214
46
210
0
181
144
44
236
133
138
183
132
14
147
181
239
104
47
24
161
254
73
103
222
177
84
156
76
208
129
42
235
212
48
217
75
117
136
95
223
60
70
246
16
71
15
220
63
78
37
41
97
61
10
83
151
61
224
235
18
138
234
112
147
187
233
236
91
3
137
242
65
181
10
218
248
235
152
130
74
104
7
7
98
26
57
96
220
109
177
236
205
42
228
193
94
115
239
168
199
119
217
171
8
103
209
39
156
106
122
91
119
188
12
19
136
105
243
1
118
227
239
69
240
66
24
91
228
200
196
50
125
