-8
-29
-57
-55
-21
10
21
8
10
17
-13
-30
-7
155
414
383
123
-5
-19
-23
-9
7
-1
-18
-41
-57
-39
-5
3
-3
1
55
86
35
-39
-56
-32
-32
-5
73
94
53
-1
-15
39
61
0
-42
20
70
6
-49
-6
99
181
162
107
49
-9
22
552
741
736
622
406
128
-9
112
360
583
704
649
380
78
-26
-11
8
150
395
443
216
95
321
640
788
797
743
520
187
125
244
156
102
332
551
375
143
322
541
382
190
244
321
224
53
-45
59
372
494
253
84
275
509
349
22
66
376
451
204
88
-530
-624
-520
-214
170
280
273
320
49
-458
-730
-648
-367
-138
-25
129
347
361
-16
-365
-170
263
161
-411
-750
-710
-426
-100
4
-26
203
438
504
322
142
82
147
125
-197
-383
-306
-306
-324
-228
-27
356
560
99
-438
-333
50
135
-120
-301
-205
-160
-158
-62
-12
-20
524
243
-94
-214
-148
-36
36
43
-43
-40
51
18
-28
11
60
173
259
118
-66
-43
25
-5
-39
-36
-12
-3
-3
3
4
28
-35
-589
-777
-561
-229
-20
-21
1
118
80
-33
-17
36
36
-29
-276
-393
68
483
251
-82
-41
173
209
92
97
131
73
43
36
17
101
289
380
260
71
-142
-153
203
404
349
396
380
190
-11
-307
-597
-383
247
531
193
-196
33
583
766
669
436
134
-2
-28
58
561
684
406
53
-67
-155
-377
-201
374
712
644
357
49
-109
-79
-169
-456
-350
160
246
-212
-426
-69
243
124
-44
-30
17
-49
-601
-396
-314
-537
-688
-457
-166
-326
-582
-478
-340
-377
-345
-314
-458
-390
-124
-235
-561
-561
-253
-132
-449
-779
-773
-561
-299
-97
-7
-94
-474
-650
-631
-551
-488
-336
-110
-68
-275
-535
-679
-641
-400
-203
-281
-324
-136
-17
-176
-386
-285
63
325
314
259
360
188
-179
-191
-78
34
-39
-51
-1
19
20
6
-6
-1
-18
-27
-12
-12
9
38
21
3
22
39
28
6
46
246
493
532
250
-221
-406
-171
11
6
18
37
33
3
-5
15
27
22
23
11
-10
-3
31
24
-10
0
-13
-36
-2
-7
-180
-473
-623
-629
-691
-618
-301
-53
-7
-15
-10
0
-1
-11
-16
-7
6
-3
-2
18
-3
-9
-7
-22
-4
5
0
-8
-14
-4
-65
-261
-462
-505
-388
-200
-36
24
13
-17
5
-3
-26
-11
5
-4
-9
-15
-20
9
31
14
-16
-9
12
-5
-14
9
19
2
4
29
46
63
55
18
-5
2
25
38
-7
-31
-7
4
-7
-7
-3
1
15
7
-9
-19
-14
4
8
14
11
5
14
26
20
-2
-11
-13
-21
-18
-10
-22
-44
-21
-36
-30
-11
11
16
-10
-22
2
12
0
7
10
-22
-40
-17
-11
-14
-5
-7
11
24
7
-9
-20
7
40
36
19
-7
-20
2
39
37
3
-32
-30
10
24
-12
-24
-2
-1
-4
-1
6
-5
-45
-52
-35
-32
-2
27
21
-1
-30
-25
-25
-33
25
62
56
8
-22
7
94
126
43
-31
-9
57
63
48
121
150
63
26
83
149
162
70
-25
-14
8
29
116
220
251
166
29
550
566
265
153
414
675
756
626
290
69
207
503
655
687
731
652
506
595
763
783
616
270
18
-3
199
538
707
728
711
464
451
287
215
390
485
222
105
388
520
267
219
499
526
257
187
470
656
419
93
113
403
433
138
100
353
296
-102
-252
75
409
-540
-558
-98
234
-81
-567
-707
-386
157
281
101
-46
-313
-630
-712
-361
-41
-311
-707
-662
-216
138
132
207
305
-17
-383
-445
-269
79
-476
-300
6
201
210
350
440
259
142
136
42
-106
-258
-310
-259
-192
-176
-227
-222
-174
-81
23
55
118
188
287
519
616
364
88
-31
16
97
118
92
167
203
-50
-333
-271
-80
0
10
43
56
-5
-36
-12
25
9
-40
-41
-9
32
22
-85
-204
-268
-406
-569
32
-10
-25
-97
-323
-602
-727
-709
-623
-382
-131
-47
-25
-4
-8
-20
-15
-16
-34
-41
-43
-24
-19
-96
-156
-206
-419
-625
-563
-360
26
-27
-206
-165
156
232
94
194
354
266
98
38
38
1
-6
52
79
45
0
3
28
60
36
-193
-270
188
631
677
662
643
9
9
-197
-372
-34
525
774
695
466
217
-2
-102
-32
21
-30
-137
-187
-74
39
-14
-172
-201
-75
-156
-429
-384
41
371
306
47
-36
22
-66
-397
-596
-408
-209
-331
-492
-392
-362
-485
-354
-77
-62
-342
-506
-284
-36
-119
-406
-474
-224
-59
-253
-603
-731
-686
-713
-670
-45
-21
30
-46
-321
-604
-720
-668
-469
-191
-147
-326
-285
-42
20
-173
-304
-173
-14
-46
-203
-230
-80
32
8
-128
-283
-371
-344
-203
