1309
0
0
0
1864
2
171
112
0
225
556
564
0
109
119
0
530
1513
1362
0
0
1216
1606
1894
0
1770
0
209
0
765
0
0
0
1368
2136
0
3174
1063
233
0
1678
0
367
504
290
151
2206
0
884
0
810
950
407
0
1622
0
0
0
799
760
0
780
1618
1168
0
1096
224
584
0
2157
0
330
413
1223
53
2017
0
0
349
0
1572
1830
0
164
1663
0
277
2369
1813
489
0
1112
1253
0
35
1292
0
1736
0
2666
0
0
1759
454
853
3
0
1393
0
1973
0
387
0
0
0
991
3
2229
0
0
625
1583
0
1462
291
313
850
0
110
0
1660
689
1333
0
0
1460
580
0
2873
175
1139
0
0
1001
165
2371
1004
0
0
1089
130
0
0
1717
1388
373
0
0
2059
0
1145
327
400
0
0
3214
0
727
0
0
115
0
1036
279
1314
843
0
610
2994
949
0
1157
1830
2743
1272
0
2235
0
993
1007
0
1081
325
0
1583
1352
0
0
253
1501
0
3148
2495
0
1065
0
710
1843
3
115
1663
0
0
565
357
0
0
0
651
0
72
600
195
1920
9
0
2002
305
1113
0
10
1234
89
0
276
434
3450
0
0
130
48
584
159
1275
1523
0
1194
1935
0
0
0
230
1814
0
0
1214
2096
192
0
2173
473
0
0
1302
0
1594
0
0
193
553
0
2479
0
0
0
0
0
765
552
1108
452
1629
0
0
2313
279
0
0
2802
1940
78
80
0
2046
2366
1704
0
0
0
1824
433
1091
0
581
422
914
0
425
0
976
298
1872
0
2256
515
0
1070
1011
29
0
608
0
1417
510
692
0
2020
1098
128
0
531
0
1379
832
0
0
1272
72
81
0
0
0
379
2006
95
0
424
0
1318
2335
0
0
456
366
0
1872
1072
1235
0
159
0
2464
940
818
259
0
393
1849
0
0
1733
1411
803
558
1294
0
0
606
87
0
0
1035
0
985
0
1257
0
0
965
1326
508
996
0
461
0
1165
791
314
118
882
304
410
0
2377
0
168
1131
152
421
649
564
2596
1475
1550
0
25
1203
13
1863
0
630
0
2901
0
0
715
0
0
2595
132
648
0
667
1294
0
0
296
1287
70
0
0
1698
544
0
314
0
186
0
0
1341
1975
0
0
0
872
0
0
527
75
1167
568
130
1512
986
0
116
1642
1273
985
965
124
0
0
0
879
496
1361
0
806
558
0
0
146
1636
664
0
1575
563
1447
1577
151
1127
0
0
0
468
0
236
710
734
0
0
749
1274
264
0
0
3047
774
0
0
840
0
384
0
823
520
846
0
0
0
1720
2134
0
1700
132
0
1228
1230
146
0
783
532
0
390
0
856
1099
0
0
0
78
1359
0
761
852
807
627
0
1427
1722
349
0
0
875
825
914
0
0
0
1030
571
0
1948
156
1753
2640
0
0
561
1151
134
0
0
3374
0
730
0
0
1292
0
0
0
0
1386
1462
1041
0
340
1200
2241
0
596
618
0
1270
1503
0
1624
514
703
1681
457
0
67
60
649
0
713
717
0
328
0
1774
745
0
0
2464
0
1127
0
1772
2410
0
305
0
0
533
0
1974
2134
0
0
1418
0
617
1536
0
0
397
2370
411
1052
754
0
461
0
962
1088
869
0
0
0
1086
495
597
0
42
636
1991
0
0
1540
1255
0
1127
449
1270
562
158
2671
0
1067
0
699
2467
1899
0
1569
73
0
704
1185
0
0
1485
462
0
2591
1068
856
1752
0
0
0
25
0
0
78
700
14
74
1411
0
361
390
3
0
0
0
1081
2094
0
0
3353
0
0
655
1686
0
368
55
0
520
1030
0
121
1610
2889
0
0
0
0
2076
1092
974
0
1408
0
1317
0
0
0
1515
0
0
0
1666
0
361
0
0
573
318
1090
0
1410
0
650
0
1263
431
1209
0
1440
0
837
1346
1026
522
458
0
1429
1608
0
634
557
2167
632
137
245
0
516
1424
0
851
1773
17
0
481
0
1495
351
1533
0
1169
637
0
0
0
3179
217
367
0
0
0
1918
1043
526
0
0
1106
1290
215
0
2475
0
679
165
1710
0
0
2388
927
0
38
851
857
0
0
0
114
1333
0
1258
0
406
0
0
104
0
0
948
0
166
1360
512
1460
0
2949
382
0
563
0
2732
0
1626
254
1589
1071
0
1086
0
0
1601
880
0
0
1102
936
0
1175
870
0
599
0
483
0
0
527
0
778
0
373
214
0
0
0
361
0
2656
0
0
1539
1584
531
1278
0
301
0
