-100
158
-65
173
46
141
105
27
71
12
-93
399
101
207
-74
192
-116
189
-9
-52
44
-3
2
317
65
73
32
212
-80
214
82
-32
51
132
-170
141
-91
265
-69
-92
208
47
55
48
-31
117
-8
171
-95
-73
-61
75
175
27
-128
18
306
52
1
33
25
82
-33
157
-64
-8
-45
68
-90
223
-23
199
-113
198
-37
274
-49
126
151
57
47
15
246
29
149
130
147
-49
-33
322
-47
-27
-42
258
-48
312
-17
44
-128
264
-46
145
-42
105
-65
166
-186
105
-18
172
-26
-49
-21
35
-175
215
-29
58
-148
156
198
6
176
21
1
108
199
60
15
20
129
160
38
52
357
66
-65
272
203
-60
-33
-59
-2
161
-78
219
81
20
129
248
106
-100
127
-52
73
-19
202
-31
-28
74
108
14
42
-45
237
-25
112
357
35
159
75
21
42
156
-94
59
100
129
-116
132
-41
-29
176
130
8
133
117
208
-15
9
127
-33
47
-110
156
-130
-145
49
158
22
69
218
114
183
-212
164
39
-113
174
90
168
40
227
-51
101
-87
77
251
21
81
89
163
51
275
26
-76
-39
132
11
-155
15
118
179
64
-146
59
-186
109
37
-129
-73
289
110
237
116
48
44
122
-9
-35
252
69
-76
189
-159
-38
245
159
193
31
-13
26
371
30
16
-104
73
89
188
-96
140
50
102
33
14
2
-141
223
-35
137
234
-88
139
107
9
266
-2
31
-5
-19
-14
121
197
-75
91
196
75
145
66
17
95
-118
-17
63
199
8
57
143
-163
98
61
167
127
-49
-3
52
91
97
131
-30
309
108
-50
109
155
-7
141
-209
94
141
-22
155
163
164
71
-106
116
-90
28
5
80
144
-88
4
-198
160
12
59
127
-96
364
-260
228
-166
110
-112
194
-61
121
-7
17
12
-49
234
-4
67
34
3
102
65
11
59
-22
227
-229
208
-165
188
52
221
82
-1
-63
139
126
-120
286
156
148
61
-56
45
-65
182
-130
20
188
39
-60
-9
320
19
170
98
-158
361
-128
172
72
191
-117
-33
136
82
144
-5
120
73
-12
220
169
-7
148
58
120
-80
141
-266
-9
201
-128
83
-33
-1
-95
189
-226
122
-26
208
-146
96
-141
284
108
-68
209
77
215
-84
94
96
0
186
77
26
256
-139
205
19
147
47
214
48
119
142
196
-71
-88
82
3
102
-165
135
-36
160
150
21
75
44
133
-180
132
66
128
132
102
-182
118
71
132
-22
152
92
11
235
-38
55
90
18
69
-8
36
-12
73
313
-12
11
-99
46
15
68
6
191
-175
56
207
-36
216
-90
150
-31
54
-39
230
61
-97
191
114
52
80
165
-72
-41
241
-71
18
140
-22
59
263
91
139
89
-192
195
-122
69
190
8
194
-216
-35
157
21
100
-41
148
12
-55
272
141
-303
64
176
98
63
-29
30
78
73
-157
-63
19
22
184
-338
149
171
174
69
-178
112
115
-90
171
-185
105
-154
80
206
94
43
128
103
-18
93
180
126
-220
178
203
-28
246
80
153
-284
466
-24
98
-17
-69
87
-30
73
164
-232
356
-25
80
116
124
27
-16
68
101
-4
32
130
19
163
-56
92
182
151
-131
114
66
-45
300
8
6
7
73
371
-98
88
114
33
32
178
-99
11
-81
234
93
85
84
91
107
28
60
186
219
158
-37
124
111
94
192
-158
90
-124
1
358
-53
172
0
98
-137
245
20
238
-6
82
84
-46
-95
232
-55
11
-187
-14
283
-30
-54
202
118
-117
-73
175
-27
-40
59
160
-122
203
-22
193
-25
19
83
102
200
72
85
-253
117
218
52
-28
47
207
104
17
-50
310
41
-231
318
-86
124
80
101
11
-59
-44
9
150
-111
-7
209
-107
62
-11
82
-11
288
-49
132
192
91
26
-140
16
76
199
31
-69
155
114
92
121
1
134
226
217
87
51
-102
-49
196
112
92
-71
287
34
207
-32
150
17
109
84
118
-50
-84
53
29
-41
268
51
143
-74
-8
15
118
-67
40
232
51
7
60
-39
-86
146
213
98
97
-60
271
192
-97
-9
-78
3
199
75
31
44
-19
88
95
138
-108
67
-126
-96
241
174
7
46
12
-151
122
160
-72
-27
25
-157
46
-57
170
-120
113
20
227
36
73
-14
-163
86
32
-39
92
31
21
87
174
-66
208
192
146
82
246
-53
221
58
109
-76
257
-43
37
83
197
45
103
-276
66
-73
254
32
150
55
66
-83
63
-100
309
-17
65
39
-140
27
18
44
-22
89
69
67
-66
