26
0
0
0
0
0
0
3
3
277
277
63
63
0
0
0
0
46
46
158
158
44
44
0
0
41
41
0
0
26
37
6
6
0
0
0
0
13
13
252
252
58
58
0
0
0
0
34
34
183
183
39
39
11
11
42
42
0
0
39
63
18
18
0
0
0
0
23
23
180
180
62
62
0
0
0
0
30
30
197
197
5
5
41
41
30
30
0
0
53
57
16
16
0
0
0
0
47
47
128
128
58
58
0
0
0
0
14
14
169
169
13
13
55
55
3
3
0
0
76
19
0
0
0
0
0
0
85
85
96
96
46
46
0
0
0
0
0
0
99
99
63
63
53
53
0
0
0
0
108
5
0
0
0
0
0
0
97
97
68
68
32
32
0
0
0
0
0
0
44
44
107
107
47
47
0
0
0
0
125
15
0
0
0
0
31
31
83
83
44
44
16
16
0
0
0
0
0
0
4
4
145
145
37
37
0
0
0
0
127
0
0
0
0
0
42
42
63
63
13
13
6
6
23
23
0
0
0
0
0
0
156
156
30
30
0
0
0
0
114
0
37
37
0
0
14
14
37
37
0
0
2
2
45
45
0
0
0
0
0
0
140
140
26
26
0
0
0
0
86
0
71
71
20
20
10
10
31
31
0
0
8
8
47
47
0
0
0
0
0
0
89
89
10
10
23
23
54
54
38
0
85
85
28
28
30
30
45
45
0
0
24
24
29
29
0
0
0
0
0
0
3
3
0
0
101
101
138
138
0
0
83
83
38
38
31
31
62
62
0
0
33
33
9
9
0
0
0
0
0
0
0
0
0
0
151
151
166
166
0
29
65
65
50
50
13
13
82
82
2
2
35
35
0
0
0
0
0
0
0
0
0
0
7
7
173
173
138
138
0
54
68
68
49
49
1
1
109
109
32
32
6
6
0
0
0
0
0
0
0
0
0
0
38
38
200
200
94
94
14
42
92
92
35
35
0
0
143
143
40
40
0
0
0
0
22
22
0
0
0
0
0
0
74
74
232
232
34
34
18
39
104
104
38
38
0
0
156
156
55
55
0
0
0
0
73
73
0
0
0
0
0
0
78
78
226
226
29
29
25
45
104
104
58
58
0
0
148
148
77
77
0
0
0
0
139
139
0
0
0
0
0
0
50
50
182
182
79
79
35
48
90
90
47
47
0
0
148
148
77
77
0
0
0
0
157
157
0
0
0
0
0
0
0
0
143
143
94
94
61
48
62
62
5
5
43
43
156
156
55
55
0
0
0
0
127
127
0
0
0
0
58
58
0
0
109
109
74
74
103
40
59
59
0
0
77
77
142
142
40
40
0
0
2
2
107
107
0
0
0
0
70
70
0
0
68
68
83
83
107
24
81
81
0
0
71
71
106
106
32
32
0
0
54
54
97
97
0
0
0
0
26
26
0
0
20
20
121
121
73
16
75
75
16
16
80
80
79
79
18
18
0
0
99
99
59
59
0
0
0
0
0
0
15
15
22
22
132
132
52
16
41
41
48
48
104
104
61
61
0
0
0
0
137
137
0
0
0
0
2
2
0
0
21
21
74
74
116
116
44
9
22
22
56
56
100
100
56
56
0
0
0
0
125
125
0
0
0
0
39
39
0
0
0
0
101
101
128
128
44
0
18
18
40
40
68
68
64
64
0
0
0
0
63
63
20
20
0
0
61
61
0
0
0
0
103
103
168
168
52
0
20
20
27
27
37
37
64
64
0
0
0
0
26
26
29
29
3
3
49
49
0
0
0
0
88
88
178
178
65
0
28
28
17
17
7
7
56
56
0
0
0
0
14
14
7
7
0
0
3
3
0
0
0
0
56
56
158
158
83
1
25
25
12
12
0
0
55
55
0
0
37
37
25
25
0
0
0
0
3
3
0
0
0
0
36
36
144
144
108
0
11
11
12
12
0
0
61
61
0
0
47
47
59
59
0
0
0
0
49
49
0
0
0
0
28
28
136
136
140
0
21
21
0
0
2
2
51
51
0
0
91
91
65
65
0
0
0
0
66
66
0
0
0
0
28
28
108
108
134
