26
-2
-2
-101
-101
-276
-276
3
3
277
277
63
63
-93
-93
-209
-209
46
46
158
158
44
44
-6
-6
41
41
-31
-31
26
37
6
6
-103
-103
-235
-235
13
13
252
252
58
58
-77
-77
-252
-252
34
34
183
183
39
39
11
11
42
42
-40
-40
39
63
18
18
-93
-93
-177
-177
23
23
180
180
62
62
-55
-55
-268
-268
30
30
197
197
5
5
41
41
30
30
-48
-48
53
57
16
16
-87
-87
-122
-122
47
47
128
128
58
58
-47
-47
-240
-240
14
14
169
169
13
13
55
55
3
3
-70
-70
76
19
0
0
-85
-85
-70
-70
85
85
96
96
46
46
-53
-53
-168
-168
-14
-14
99
99
63
63
53
53
-39
-39
-106
-106
108
5
-17
-17
-90
-90
-19
-19
97
97
68
68
32
32
-39
-39
-104
-104
-47
-47
44
44
107
107
47
47
-67
-67
-128
-128
125
15
-35
-35
-102
-102
31
31
83
83
44
44
16
16
-5
-5
-48
-48
-85
-85
4
4
145
145
37
37
-81
-81
-136
-136
127
-5
-17
-17
-77
-77
42
42
63
63
13
13
6
6
23
23
-40
-40
-92
-92
-31
-31
156
156
30
30
-70
-70
-102
-102
114
-55
37
37
-15
-15
14
14
37
37
-25
-25
2
2
45
45
-80
-80
-68
-68
-61
-61
140
140
26
26
-34
-34
-26
-26
86
-76
71
71
20
20
10
10
31
31
-52
-52
8
8
47
47
-74
-74
-63
-63
-79
-79
89
89
10
10
23
23
54
54
38
-68
85
85
28
28
30
30
45
45
-68
-68
24
24
29
29
-22
-22
-77
-77
-85
-85
3
3
-18
-18
101
101
138
138
-30
-33
83
83
38
38
31
31
62
62
-50
-50
33
33
9
9
-5
-5
-91
-91
-86
-86
-56
-56
-19
-19
151
151
166
166
-45
29
65
65
50
50
13
13
82
82
2
2
35
35
-13
-13
-23
-23
-105
-105
-82
-82
-88
-88
7
7
173
173
138
138
-7
54
68
68
49
49
1
1
109
109
32
32
6
6
-29
-29
-14
-14
-107
-107
-89
-89
-95
-95
38
38
200
200
94
94
14
42
92
92
35
35
-5
-5
143
143
40
40
-54
-54
-39
-39
22
22
-97
-97
-107
-107
-77
-77
74
74
232
232
34
34
18
39
104
104
38
38
-23
-23
156
156
55
55
-87
-87
-76
-76
73
73
-90
-90
-116
-116
-62
-62
78
78
226
226
29
29
25
45
104
104
58
58
-53
-53
148
148
77
77
-93
-93
-140
-140
139
139
-86
-86
-116
-116
-50
-50
50
50
182
182
79
79
35
48
90
90
47
47
-31
-31
148
148
77
77
-104
-104
-135
-135
157
157
-105
-105
-99
-99
-10
-10
-7
-7
143
143
94
94
61
48
62
62
5
5
43
43
156
156
55
55
-120
-120
-61
-61
127
127
-147
-147
-65
-65
58
58
-93
-93
109
109
74
74
103
40
59
59
-12
-12
77
77
142
142
40
40
-138
-138
2
2
107
107
-138
-138
-55
-55
70
70
-99
-99
68
68
83
83
107
24
81
81
-4
-4
71
71
106
106
32
32
-158
-158
54
54
97
97
-78
-78
-69
-69
26
26
-25
-25
20
20
121
121
73
16
75
75
16
16
80
80
79
79
18
18
-168
-168
99
99
59
59
-43
-43
-50
-50
-28
-28
15
15
22
22
132
132
52
16
41
41
48
48
104
104
61
61
-2
-2
-168
-168
137
137
-7
-7
-33
-33
2
2
-92
-92
21
21
74
74
116
116
44
9
22
22
56
56
100
100
56
56
-11
-11
-155
-155
125
125
-20
-20
-19
-19
39
39
-120
-120
-1
-1
101
101
128
128
44
-5
18
18
40
40
68
68
64
64
-9
-9
-129
-129
63
63
20
20
-1
-1
61
61
-112
-112
-51
-51
103
103
168
168
52
-8
20
20
27
27
37
37
64
64
-20
-20
-79
-79
26
26
29
29
3
3
49
49
-79
-79
-72
-72
88
88
178
178
65
0
28
28
17
17
7
7
56
56
-44
-44
-5
-5
14
14
7
7
-7
-7
3
3
-21
-21
-64
-64
56
56
158
158
83
1
25
25
12
12
-8
-8
55
55
-58
-58
37
37
25
25
-32
-32
-9
-9
3
3
-13
-13
-58
-58
36
36
144
144
108
-5
11
11
12
12
-8
-8
61
61
-62
-62
47
47
59
59
-88
-88
-3
-3
49
49
-55
-55
-54
-54
28
28
136
136
140
-9
21
21
-7
-7
2
2
51
51
-50
-50
91
91
65
65
-148
-148
-24
-24
66
66
-17
-17
-66
-66
28
28
108
108
134
