106
95
62
90
152
160
112
101
117
125
114
124
138
147
129
146
183
198
210
245
200
69
53
141
171
155
159
190
172
175
188
187
68
71
50
53
87
113
80
72
89
96
73
81
90
94
95
103
91
119
172
164
63
31
95
141
152
172
181
213
213
241
236
198
109
106
68
65
74
86
99
115
101
101
96
100
88
89
97
103
89
95
83
65
35
55
88
102
90
110
95
105
116
168
157
113
116
113
75
55
58
72
78
102
84
74
95
107
67
49
44
57
64
64
39
46
64
88
81
91
91
89
70
71
54
74
62
54
106
89
91
104
101
95
83
87
91
108
92
68
44
43
46
52
62
86
78
76
74
93
78
84
106
115
99
90
87
105
81
73
124
99
85
111
110
118
135
112
103
125
77
39
57
77
77
88
96
105
105
99
93
103
96
92
98
105
87
83
102
124
99
83
105
107
97
101
87
110
123
101
94
91
36
34
115
173
117
90
120
117
94
104
99
90
97
104
90
92
96
108
94
112
109
90
120
130
135
134
116
114
111
142
134
59
46
99
149
175
134
135
156
156
145
152
138
130
127
136
123
121
122
153
150
150
133
134
173
165
152
163
172
159
150
183
118
28
110
177
158
167
172
166
149
152
151
154
148
152
135
146
122
97
92
126
137
144
123
138
210
214
210
211
212
209
200
146
56
121
227
218
224
222
222
219
187
168
135
130
130
138
143
139
107
99
86
105
118
140
133
145
206
212
214
220
204
210
203
82
34
198
245
195
214
230
207
212
224
216
198
199
192
191
187
194
184
184
168
174
192
195
170
165
149
159
166
179
187
220
186
49
72
229
223
197
211
220
210
212
207
206
203
215
212
218
203
202
203
206
187
182
182
186
147
132
84
88
87
92
96
131
109
28
79
184
179
160
154
141
139
146
137
145
146
159
154
163
170
168
148
154
159
169
157
153
147
136
115
117
113
110
86
64
50
71
125
132
120
144
153
122
98
99
106
108
106
109
105
115
117
121
121
131
144
164
159
159
161
172
124
121
129
158
116
45
55
127
162
136
123
150
160
137
100
102
129
127
108
106
100
108
104
107
113
120
116
126
129
142
135
164
94
99
111
134
85
37
89
156
168
164
142
132
112
113
94
104
132
135
124
140
146
141
121
122
125
128
113
112
104
112
116
121
115
128
165
160
54
43
131
158
152
181
171
150
137
138
102
100
93
104
117
131
136
138
122
120
104
108
115
118
105
114
118
112
163
178
233
214
62
62
173
192
205
223
222
219
217
213
181
160
124
130
142
160
132
127
130
148
137
142
163
181
170
155
134
155
171
175
224
187
49
89
161
166
215
204
187
211
223
230
238
218
197
209
199
195
174
182
190
183
185
205
202
218
233
207
160
192
150
190
248
151
33
133
166
151
203
209
186
183
177
186
172
169
174
186
164
130
121
161
197
188
194
216
191
192
203
194
166
176
92
162
221
93
26
116
122
111
122
158
186
181
155
146
135
128
102
118
103
85
84
132
155
151
136
153
166
163
155
173
138
113
79
101
100
34
62
109
92
93
91
108
112
121
112
126
129
106
77
82
83
87
89
119
100
95
97
102
85
95
97
106
83
76
115
104
42
22
77
105
96
104
106
104
93
111
120
110
89
101
87
82
102
93
65
106
121
90
84
86
74
94
83
85
90
85
201
199
57
43
157
154
114
131
152
138
127
136
140
146
136
130
116
126
122
102
105
130
125
96
100
115
103
96
78
82
88
102
194
197
52
68
229
200
144
131
119
130
141
143
111
139
164
144
123
151
136
92
120
144
93
76
109
125
122
137
137
104
78
100
141
163
60
59
219
214
185
167
136
126
100
105
100
106
108
134
164
207
188
135
124
134
94
76
86
95
91
136
152
124
112
124
186
228
135
45
171
216
180
194
205
180
142
141
156
149
139
163
158
186
184
178
171
165
134
124
102
107
105
126
131
130
100
100
223
250
211
73
113
220
203
225
237
214
192
194
217
227
221
218
205
215
207
209
196
203
205
212
189
188
186
184
179
180
141
127
150
190
217
81
62
173
157
155
162
130
98
105
128
156
159
175
194
203
169
158
166
183
179
195
209
225
220
221
204
201
193
161
126
156
189
104
54
148
134
78
73
79
78
87
82
80
71
103
109
108
77
65
69
83
89
103
123
154
169
197
207
225
226
222
166
174
224
135
12
106
197
157
143
148
141
149
129
136
141
139
124
118
111
99
66
56
50
65
59
61
61
83
98
131
148
183
182
182
228
180
40
60
177
209
209
207
200
204
188
198
215
196
164
171
194
192
152
135
103
93
89
113
106
98
66
61
62
84
