1
0
0
0
0
1
1
-2
-2
-2
-7
-8
-4
-2
-1
2
3
1
0
-1
-2
-1
0
-9
-16
-5
-6
-28
-52
-110
-193
-236
-254
-273
-289
-303
-301
-291
-292
-298
-301
-299
-295
-296
-298
-297
-295
-292
-283
-269
-264
-269
-277
-284
-264
-231
-187
-101
-32
-9
5
18
-1
-3
-2
-4
-5
-4
-6
-6
-4
-4
-3
-1
0
-1
0
2
1
0
1
2
1
-1
-4
-13
-19
-9
-3
-19
-54
-111
-183
-240
-267
-275
-272
-261
-247
-247
-258
-255
-248
-248
-242
-238
-248
-256
-252
-241
-235
-239
-235
-214
-199
-202
-204
-218
-197
-101
-34
-18
1
17
-1
-2
-2
-2
-1
-1
-2
0
1
1
3
4
4
4
4
2
1
2
2
3
3
1
-2
-6
-8
-5
3
11
3
-16
-32
-60
-82
-78
-70
-64
-59
-61
-61
-52
-46
-51
-52
-49
-61
-75
-78
-73
-70
-79
-77
-53
-33
-42
-89
-116
-73
-32
-35
-40
-25
5
0
1
1
3
2
-2
-1
2
1
2
2
-2
-3
0
1
-1
0
3
2
-1
-3
-5
-10
-26
-41
-28
14
59
71
79
96
75
69
101
111
99
90
91
97
98
92
84
87
101
104
95
85
80
83
86
90
96
91
66
12
-17
9
10
-18
-28
-15
13
0
2
2
3
3
1
0
-1
-1
3
6
3
0
1
2
2
0
-1
1
1
-1
-4
-10
-35
-65
-42
24
75
113
166
207
222
242
258
260
255
251
259
264
258
256
259
255
255
272
282
275
261
246
243
240
220
200
194
187
169
118
42
6
5
-1
-7
3
4
3
0
0
7
12
12
12
9
7
9
9
6
3
3
2
0
2
3
3
4
-2
-23
-38
-9
36
63
112
156
169
214
261
264
265
280
285
283
287
287
281
280
275
265
269
278
281
279
270
261
250
232
227
246
265
241
149
53
19
10
-10
-34
0
1
3
3
2
5
11
14
11
6
4
4
3
2
2
1
0
0
0
-1
-1
0
-14
-32
-18
17
40
57
68
45
30
61
91
101
110
120
117
104
100
103
103
102
100
95
91
94
102
106
106
105
101
97
100
117
149
157
109
47
15
7
-1
-31
-3
-3
0
3
2
-2
-2
2
4
5
5
3
3
4
4
3
2
1
-1
1
4
1
-15
-27
-9
21
43
55
43
12
0
7
10
13
17
16
14
12
8
8
13
14
10
8
8
8
7
4
1
-1
-1
3
9
19
42
63
57
30
12
8
1
-17
4
10
10
1
-5
-4
1
3
2
3
4
5
7
5
0
-1
1
3
3
3
4
0
-13
-18
1
19
23
28
25
8
-1
3
5
3
3
4
2
0
1
1
0
-1
-1
1
1
-1
-4
-6
-7
-9
-7
-2
3
12
22
14
2
12
17
5
1
4
5
3
0
-3
-2
4
7
2
-1
1
3
5
5
2
-2
-3
-1
1
3
3
1
-2
-14
-24
-6
11
3
7
17
8
1
4
6
4
2
2
2
3
5
7
7
5
5
7
8
8
7
4
3
6
7
4
3
6
9
5
2
15
25
21
25
33
3
-7
-11
-1
7
6
1
-2
-2
-2
0
2
1
2
4
3
3
4
4
3
2
1
-16
-43
-38
-12
0
15
25
11
0
1
4
7
7
5
5
5
3
3
3
3
5
4
2
4
6
6
8
11
10
6
4
4
3
0
2
10
10
14
33
48
4
2
1
4
6
3
0
1
-2
-8
-9
-7
-3
3
5
1
-2
-1
-1
-1
3
-1
-17
-28
-22
-7
2
15
20
4
-2
1
0
1
1
1
2
0
-3
-5
-7
-6
-1
4
3
-3
-4
1
5
5
3
2
2
3
0
-7
6
24
13
8
27
48
1
3
3
1
2
5
7
7
3
0
0
1
3
3
3
5
4
1
0
1
2
-10
-39
-49
-21
10
26
30
15
-1
-1
-1
-5
-6
-6
-3
-1
-4
-5
-4
-3
0
1
-1
-3
-5
-3
3
6
3
-1
-1
-1
-2
-3
0
9
8
5
12
16
22
0
4
4
1
1
4
7
8
7
6
7
7
4
1
1
3
4
3
1
0
-2
-18
-56
-69
-29
8
25
30
21
16
9
1
-1
-2
-1
1
1
-1
-1
0
1
2
-1
-7
-7
-1
2
4
6
4
0
-3
-3
-1
2
6
-2
-10
5
15
7
-1
-1
3
6
5
3
3
4
4
6
7
4
0
-3
-3
-2
-3
-3
-1
1
1
-4
-12
-12
0
8
9
17
29
30
16
2
1
3
-1
-3
-2
-2
-2
-2
-1
0
-1
-2
-1
2
5
5
1
-4
-5
-4
-2
1
0
-1
-8
-25
-13
18
11
-6
-3
0
1
5
8
5
1
0
1
4
7
7
4
1
0
1
2
1
1
4
4
0
11
41
41
5
-7
1
6
5
-7
-8
-1
-1
-3
-2
0
0
1
1
0
0
0
0
0
1
2
2
0
-6
-11
-9
-2
0
-5
-5
10
17
2
-8
-13
-20
-20
3
1
0
0
0
-1
-2
0
2
2
4
8
9
5
2
2
0
-2
-2
-3
0
13
27
24
9
2
-3
-9
-10
-8
-2
-1
-4
-1
2
0
-2
1
4
1
-2
-1
0
0
-1
-3
-3
-1
-2
-5
-4
-3
-5
-5
-1
19
32
-2
-44
-46
-42
-51
-1
-2
-3
-5
-3
2
3
0
-3
-4
-2
2
3
1
-1
-2
-2
-2
-1
1
2
-4
-12
-5
7
2
-7
-1
2
-4
-3
-2
-3
0
0
-4
-5
-3
-1
0
0
-1
-2
-1
-2
-4
-5
-6
-2
3
3
0
-1
1
0
-15
-28
-29
-35
-30
-34
-51
-6
-3
-1
-1
-1
2
3
1
1
6
10
5
-1
-1
-1
-1
3
6
6
7
3
-11
-19
-15
-14
-17
-13
-1
4
0
-1
0
0
0
0
0
1
2
1
0
-1
-2
0
3
2
-1
-3
-4
-1
3
3
1
-1
-1
-2
-21
-32
-16
-4
5
-2
-13
-1
-1
-2
-1
1
2
2
4
8
11
9
2
-1
1
1
1
2
1
1
1
-4
-16
-28
-26
-18
-13
0
10
5
0
1
3
4
3
1
0
0
0
0
-1
-3
-3
-2
-2
0
2
1
-1
-2
-1
0
-2
-5
-3
2
7
4
-8
-7
7
18
23
-10
-13
-14
-11
-7
-7
-6
-1
3
0
-7
-7
0
3
0
-2
-4
-7
-8
-6
-6
-19
-40
-32
4
17
12
10
3
-3
-3
-1
1
1
-1
0
2
0
-3
-3
-1
-1
-4
-6
-3
1
0
-4
-5
-2
0
-2
-4
-2
0
3
-7
-20
-4
14
32
46
-79
-80
-80
-78
-77
-77
-75
-75
-72
-65
-59
-51
-45
-42
-34
-26
-23
-18
-12
-11
-18
-30
-38
-19
23
39
28
15
5
3
3
0
-2
-2
-1
2
3
-1
-5
-4
-1
-1
-2
-1
-1
-3
-3
-2
-3
-4
-4
-3
0
-1
-9
-18
-24
-16
2
14
35
49
-248
-242
-254
-266
-271
-274
-272
-271
-267
-258
-250
-245
-247
-239
-218
-207
-208
-202
-182
-160
-129
-89
-52
-13
16
18
11
7
1
1
5
5
3
1
-1
-1
-2
-8
-9
-3
0
0
-1
-4
-6
-6
-5
-1
1
-2
-3
0
3
3
1
-4
-5
8
23
34
44
37
-262
-258
-266
-270
-275
-285
-292
-297
-301
-297
-291
-290
-287
-282
-283
-286
-283
-278
-285
-302
-293
-227
-115
-27
-7
-12
-5
2
-2
-4
1
5
3
-2
-4
-7
-13
-11
-2
2
2
2
2
-1
-4
-2
0
1
2
2
2
2
2
3
6
8
17
28
26
27
33
24
-95
-93
-67
-43
-35
-35
-51
-75
-96
-100
-88
-91
-103
-114
-136
-147
-135
-120
-116
-159
-236
-243
-154
-67
-38
-27
-11
-4
-6
-3
2
1
-1
-3
-4
-5
-2
8
11
4
0
0
1
2
1
1
1
-1
-1
0
-1
-2
0
1
-3
-10
-11
-1
6
5
7
8
62
69
85
93
93
91
89
98
103
95
87
76
58
39
29
31
33
35
48
41
-8
-54
-69
-66
-55
-36
-18
-10
-4
2
2
-1
0
2
1
4
13
15
8
2
-1
-1
0
1
2
0
0
3
2
-1
-1
1
1
-2
-8
-26
-48
-36
-6
-2
-1
6
160
156
145
144
142
140
148
161
176
176
159
161
176
181
194
208
206
190
160
128
101
69
34
20
13
-3
-6
-1
3
4
0
-2
-1
1
2
1
-1
-4
-5
-2
1
2
1
1
2
1
2
4
3
3
4
4
2
-2
-5
-13
-18
-10
-12
-17
2
14
226
223
219
220
230
242
248
244
243
244
241
245
257
270
276
271
264
254
235
220
200
144
71
47
63
55
30
14
4
0
0
-1
-3
-2
1
0
-3
-4
-5
-4
0
1
0
0
0
1
0
-3
-1
2
1
-1
-4
-5
-2
6
20
22
4
-1
16
17
184
183
181
171
170
175
179
185
185
180
178
177
174
168
158
145
136
131
135
175
210
160
65
20
35
53
47
30
9
-3
-2
0
-1
0
3
3
1
1
2
1
-2
-4
-2
0
0
0
-2
-5
-4
-1
0
-2
-4
-2
0
7
12
5
7
13
6
-1
46
41
37
31
29
29
26
23
20
17
17
19
17
12
10
10
10
8
10
38
62
35
11
21
30
32
33
31
15
0
-1
1
3
3
0
-2
-1
0
1
1
-2
-3
0
1
-2
-3
-2
-2
-1
1
2
3
6
6
0
-8
-20
-29
-19
-9
-18
-15
9
8
6
3
2
2
2
2
2
1
0
0
2
4
4
5
5
4
4
13
30
37
47
50
31
32
51
48
22
4
2
1
0
0
1
1
0
2
4
5
6
5
3
1
0
0
0
1
1
-3
-5
0
3
-1
-9
-22
-24
-9
-1
-4
-9
-6
1
1
3
3
0
-1
3
6
5
4
3
2
4
6
5
3
1
0
0
6
35
68
72
52
20
14
41
44
19
4
0
-3
-4
-2
2
3
3
6
8
7
5
3
0
-1
2
3
2
2
0
-3
-3
-2
-2
-2
-9
-25
-22
6
21
20
22
14
-2
-4
-3
-1
1
2
1
-1
-1
2
3
1
0
2
5
4
1
-1
-3
-3
-7
-16
-11
0
-6
-12
0
8
2
0
1
1
3
3
0
-1
1
1
1
0
-1
2
2
0
0
0
2
4
3
4
5
1
-1
1
-4
-20
-28
-15
0
14
34
25
5
3
1
0
0
0
0
1
2
2
3
3
1
0
0
0
-1
-2
-2
-11
-43
-66
-51
-39
-35
-17
-2
-2
-9
-7
0
1
-1
-1
1
4
4
0
-2
-1
3
7
6
2
0
1
3
3
2
4
5
2
0
-1
-1
0
-2
-3
5
22
33
22
4
4
3
1
-1
-2
0
3
2
0
3
5
2
-1
-4
-6
-5
-2
1
-12
-53
-84
-81
-64
-36
-11
-2
-3
-6
-3
1
1
-1
-1
2
6
6
3
2
3
3
1
1
0
-2
0
1
-1
-2
-2
0
2
1
0
-2
-7
-6
5
18
28
27
14
-2
0
1
1
0
1
1
0
0
-2
-5
-5
-3
-1
0
0
1
2
3
1
-18
-51
-73
-61
-27
-3
7
4
-2
0
2
4
6
4
2
2
1
1
4
5
1
-3
-2
2
4
3
1
1
2
1
1
2
1
1
-10
-32
-36
-32
-23
7
23
9
-2
-2
0
0
-2
1
3
0
-2
-2
-4
-5
-3
-3
-3
0
3
4
4
-1
-13
-20
-24
-29
-17
8
24
19
2
-4
-3
-3
1
4
3
2
3
3
1
0
-1
-3
-2
3
6
4
2
3
4
4
2
0
2
3
-9
-22
-20
-20
-14
12
27
15
2
0
-1
-3
-4
-2
1
2
2
3
5
5
2
-2
-4
-3
-1
1
2
-6
-24
-19
1
-1
5
24
28
18
3
-3
-2
-3
-3
-1
0
1
4
5
1
-3
-3
-1
0
0
0
1
2
1
1
2
2
5
9
6
-7
-22
-16
19
42
37
28
12
4
2
-2
-2
0
-2
-3
1
4
3
2
1
0
0
1
2
1
-1
-3
-8
-15
-4
14
17
22
28
25
13
2
1
2
1
-2
-3
-2
-3
-4
-3
-1
0
1
2
1
1
3
4
3
0
-2
-2
0
5
6
-1
-11
-25
-25
4
21
14
8
1
0
-2
-4
-2
1
0
-2
-1
0
-1
-3
-3
-1
1
3
3
0
-3
-4
-9
-8
-3
-9
2
19
18
18
11
-1
-3
-2
-2
-2
-1
-1
-4
-7
-8
-7
-3
1
2
2
1
1
0
-3
-3
-2
-2
-3
-4
-4
-8
-20
-26
-19
-13
-16
-25
-25
-9
-4
-3
-1
0
0
0
0
-1
-3
-4
-2
1
1
1
1
-2
-4
-2
-1
-6
-5
-12
-26
-6
19
22
20
9
-3
-5
-5
-4
0
-1
-4
-3
-3
-5
-6
-5
-2
1
2
2
2
-1
-6
-4
2
4
3
1
0
-4
-16
-22
-11
1
-5
-34
-62
-40
-1
-1
1
2
1
0
0
-1
-2
-1
1
1
-1
-2
-3
-5
-5
-2
-2
-13
-26
-27
-14
8
29
43
38
16
1
-1
-1
0
2
-1
-4
-3
-1
0
0
-1
-2
-1
1
3
1
-2
0
3
4
2
0
1
2
-1
-10
-14
6
34
34
6
-46
-81
0
0
0
0
-1
-2
-1
0
1
2
0
-3
-4
-5
-5
-2
0
-2
-6
-22
-39
-26
-7
-5
5
26
27
8
-3
-3
1
3
-1
-3
-2
-2
0
3
3
1
-1
-2
-2
-2
-3
-2
4
6
2
0
-1
-3
-4
-6
-24
-38
-8
32
41
37
2
-57
-1
0
-1
-2
-1
0
0
-1
-2
-1
0
0
-1
-2
0
3
2
-1
-3
-15
-28
-20
-8
-9
-11
-3
3
-3
-7
-4
-1
-2
-4
-2
0
0
0
1
2
1
0
-1
-3
-4
-2
2
4
2
-1
0
2
1
0
-2
-18
-37
-24
7
18
16
15
10
-1
0
-1
-2
-1
0
-1
-3
-3
-1
0
0
1
4
6
4
0
-1
-1
-7
-19
-22
-8
3
-3
-9
-3
-2
-4
0
-1
-4
-2
0
0
-1
-3
-4
-4
-3
0
2
1
0
0
1
1
0
1
1
-1
-2
-1
3
7
6
8
15
14
12
29
40
-1
-3
-3
-1
0
-1
-3
-3
-1
0
-1
-2
0
2
1
0
-1
-2
-4
-12
-15
-3
10
14
9
2
-1
-4
-3
2
3
1
0
0
-1
-4
-6
-5
-3
-1
0
0
1
4
5
0
-5
-4
0
2
1
-2
-5
0
12
18
17
16
22
35
57
64
0
-3
-3
-2
-1
0
-1
-1
0
0
0
0
-1
-3
-4
-4
-4
-3
-9
-31
-32
-6
0
3
15
14
4
-4
-3
0
1
1
-2
-4
-3
-1
1
2
2
3
3
2
3
3
2
1
0
0
0
1
2
1
-2
-4
-5
-6
-3
3
19
45
68
65
0
0
0
-1
-3
-4
-4
-4
-3
-1
-1
-1
0
-2
-5
-6
-3
0
-13
-35
-33
-20
-20
-12
2
9
5
-7
-7
-4
-7
-6
-3
-3
-3
-1
0
1
2
1
0
-1
-3
-6
-7
-2
2
1
-2
-6
-7
-4
-4
-15
-26
-20
-7
-1
12
39
49
29
-2
-1
-1
-2
-2
-3
-4
-3
-1
0
0
-1
-2
-2
-2
0
4
4
-8
-19
-23
-28
-17
-3
-3
5
8
-7
-16
-17
-17
-15
-12
-8
-6
-8
-12
-13
-9
-6
-8
-11
-12
-12
-11
-8
-7
-8
-7
-7
-8
-10
-20
-43
-59
-42
-13
2
17
37
34
10
0
0
0
0
1
2
1
0
0
0
1
1
0
3
7
6
3
2
-12
-35
-45
-42
-22
-9
-21
-28
-31
-57
-93
-113
-125
-135
-144
-151
-147
-139
-138
-145
-145
-132
-123
-123
-125
-123
-115
-105
-99
-103
-107
-102
-99
-101
-113
-128
-107
-54
-7
22
34
33
21
5
1
2
3
3
2
3
2
-1
-1
0
0
1
4
7
6
1
-2
-2
-14
-35
-39
-30
-26
-33
-47
-61
-88
-138
-186
-218
-248
-260
-255
-265
-280
-279
-274
-287
-304
-302
-283
-264
-266
-274
-268
-254
-246
-256
-266
-258
-248
-233
-222
-229
-187
-80
6
30
25
20
13
5
-1
0
0
0
-1
-2
-2
-2
-2
-3
-3
-1
1
2
0
-1
1
0
-9
-21
-22
-11
-8
-22
-34
-43
-79
-133
-168
-187
-198
-194
-185
-192
-211
-221
-221
-235
-257
-232
-166
-146
-190
-225
-227
-224
-224
-222
-224
-231
-233
-225
-214
-213
-187
-97
-10
10
10
18
11
1
0
-2
-4
-2
-1
-4
-6
-5
-4
-5
-5
-1
2
1
0
0
0
-2
-14
-25
-24
-17
-2
10
14
10
-12
-35
-43
-45
-38
-41
-65
-70
-60
-67
-78
-74
-69
-49
-10
-17
-53
-59
-55
-60
-70
-72
-68
-76
-87
-99
-104
-87
-69
-49
-20
2
16
22
11
-3
-3
0
0
-2
-2
-3
-3
-1
0
0
1
4
4
-2
-6
-5
-3
-4
-16
-34
-44
-35
-2
44
77
76
67
82
112
133
137
126
110
111
114
102
93
104
117
84
12
-9
42
76
73
63
47
45
61
66
54
36
24
14
-6
-18
-15
-3
11
16
10
0
-7
-2
1
-3
-7
-5
3
8
5
3
4
0
-11
-26
-35
-28
-13
-6
-12
-24
-23
-8
10
38
70
102
139
184
236
273
286
290
299
303
295
290
291
294
299
278
219
201
232
236
220
205
199
208
212
203
186
151
94
40
10
3
1
-3
5
16
10
-1
-5
-5
-2
-3
-6
-1
5
4
1
1
1
-9
-26
-32
-28
-25
-20
-17
-22
-14
10
19
20
26
47
95
122
131
160
187
206
220
230
239
249
261
265
270
279
279
279
279
271
269
269
267
275
277
265
259
258
223
142
68
31
18
16
9
3
7
5
-1
-1
-3
-3
-1
1
3
2
-2
-3
-1
-2
-13
-21
-7
9
5
-7
-18
-26
-13
5
14
35
49
60
71
45
15
17
30
40
47
52
56
64
75
81
88
96
93
92
98
104
114
120
123
130
135
134
138
157
178
168
111
51
32
28
13
4
3
1
-1
1
2
-1
1
4
2
0
0
0
-1
-3
-3
2
8
10
10
4
-12
-21
-18
-13
4
21
24
33
34
12
-3
-1
5
9
13
17
17
16
17
20
21
17
11
8
11
16
16
12
11
13
15
17
22
39
80
117
108
67
27
2
-2
8
10
3
-1
1
3
1
0
1
1
-1
-1
0
-1
-1
7
15
10
4
6
5
-10
-29
-33
-23
-12
-13
-12
10
22
6
-6
-5
-5
-5
-1
4
8
8
5
5
2
-4
-5
-2
2
4
3
1
2
5
4
5
11
15
30
73
118
98
23
-17
-13
-4
-1
-5
-5
1
1
2
1
0
-2
-4
-2
-1
-2
-2
-2
1
4
3
2
1
-8
-24
-19
-3
-9
-9
11
24
16
-1
-3
3
1
-4
-8
-9
-5
-3
-5
-6
-5
-3
-1
2
4
4
3
0
-1
1
1
0
1
2
11
55
111
103
44
6
-8
-8
4
5
-3
1
0
0
1
1
-1
-1
0
0
0
-1
-5
-6
0
2
0
-1
-8
-15
-17
-20
-14
11
35
34
14
-1
1
6
6
5
1
-4
-7
-7
-5
-4
-3
-2
-1
0
-1
0
0
-4
-4
-1
1
2
0
-2
2
30
60
45
15
5
6
17
26
15
1
-2
-4
-4
-3
0
3
4
4
4
4
4
4
4
5
6
5
2
-8
-17
-16
-14
-11
-8
-3
10
12
0
-5
-5
-4
0
2
0
-4
-5
-3
-2
-2
-1
0
-3
-7
-8
-8
-6
-3
-2
-1
0
0
0
1
16
33
23
12
17
21
24
16
2
3
