97
97
97
97
97
98
100
103
103
102
102
102
100
101
100
99
99
98
97
98
97
96
96
97
106
139
181
192
181
159
115
93
93
96
99
99
98
98
99
98
99
99
99
99
98
97
97
97
96
96
96
97
96
96
95
98
106
126
177
179
170
155
130
96
97
97
96
97
97
96
100
101
103
103
101
103
101
101
100
99
98
97
97
98
97
97
96
97
106
140
179
193
185
163
122
119
106
115
123
125
130
132
132
127
133
131
128
128
133
130
128
127
127
130
124
123
127
132
129
132
122
140
186
185
171
158
131
93
96
97
97
97
97
98
100
102
104
103
101
105
102
102
100
100
98
97
97
98
97
97
96
97
106
148
179
192
189
171
135
151
150
160
168
170
176
174
170
171
174
174
175
171
173
171
172
170
170
167
163
161
165
163
169
167
158
184
196
184
173
153
126
88
95
98
97
97
98
98
100
103
105
103
103
103
102
100
101
99
97
97
97
98
96
97
96
98
108
148
180
192
189
175
148
166
169
182
193
193
196
193
191
195
196
192
191
189
190
193
193
190
188
186
186
182
182
177
183
181
174
205
201
191
178
156
127
86
96
97
98
97
98
98
100
103
104
102
102
103
102
100
100
98
98
97
96
98
96
96
96
97
108
150
181
191
186
167
143
155
166
184
186
188
192
188
185
188
186
185
187
187
181
188
191
190
189
182
184
183
177
170
176
188
198
199
199
195
183
162
123
80
97
97
97
97
97
97
101
104
103
104
102
102
103
101
101
98
98
97
96
97
97
97
98
99
114
161
189
189
172
153
138
129
157
168
164
164
172
171
169
170
171
169
170
170
162
167
169
169
169
165
164
161
156
154
164
176
191
193
199
197
186
162
122
77
97
97
97
97
97
97
100
103
104
103
101
101
101
101
99
98
97
97
97
97
96
96
97
99
113
173
195
182
166
141
102
97
116
120
122
122
128
127
120
120
123
121
122
122
121
118
119
122
122
123
123
121
122
122
127
140
156
162
197
194
181
162
126
81
97
96
96
96
97
98
99
100
101
100
100
101
100
99
99
98
97
96
97
96
96
97
96
99
118
176
193
175
160
128
88
98
100
99
98
101
99
100
99
98
98
100
100
99
99
99
99
99
98
98
99
97
99
100
102
108
124
154
195
191
183
164
131
91
97
97
97
96
96
97
99
100
100
100
100
100
100
100
99
97
97
97
97
97
96
97
96
100
126
178
190
170
155
118
91
97
97
97
96
96
96
97
95
96
96
96
96
97
97
96
96
96
95
97
96
96
98
98
99
103
109
136
187
193
178
162
130
104
97
97
97
96
96
97
100
101
100
99
99
99
100
98
98
97
96
96
96
97
96
95
96
100
131
176
189
162
147
112
90
98
98
96
96
95
96
96
96
96
97
96
96
97
97
97
97
97
97
98
99
98
98
98
98
99
104
140
186
193
176
168
129
108
96
97
94
92
97
98
101
99
99
100
99
99
99
98
97
98
97
97
96
96
96
95
96
102
135
176
184
165
148
109
91
98
96
95
96
95
95
96
96
95
96
96
96
98
96
96
96
97
97
98
99
98
98
98
96
97
102
142
180
189
176
165
125
107
95
96
96
96
97
98
99
98
100
100
98
99
98
97
97
98
97
96
96
96
95
95
96
102
141
178
181
165
146
104
90
98
97
94
95
95
95
96
95
95
95
94
95
96
95
95
95
95
96
98
97
96
97
98
96
97
101
143
181
185
172
163
118
102
95
95
96
97
96
96
99
99
100
100
100
99
98
98
97
96
97
96
95
95
95
95
95
103
150
188
183
167
145
98
91
98
96
94
94
93
94
95
94
95
95
95
96
96
95
96
95
95
96
96
96
95
97
97
95
96
102
143
176
186
176
154
114
92
95
94
96
96
96
96
98
99
99
100
101
101
100
98
96
96
97
97
96
96
96
94
94
108
148
186
180
166
143
94
93
98
96
95
94
95
95
95
95
96
96
96
97
96
94
93
97
96
96
96
96
95
97
97
96
95
105
144
169
184
173
154
108
83
95
95
95
96
96
96
97
98
97
100
100
99
98
97
96
96
95
95
95
95
95
94
95
114
167
192
179
161
135
94
94
97
96
96
95
95
95
94
96
96
96
96
96
95
96
96
97
96
95
94
95
96
97
97
96
96
104
139
173
188
170
152
108
84
95
95
94
95
96
96
97
97
97
98
100
99
98
97
96
96
96
96
95
96
96
94
96
122
174
189
177
161
131
93
86
97
96
95
95
95
95
94
96
96
96
96
96
96
96
96
96
96
95
94
95
95
98
98
96
95
103
142
177
180
168
153
108
85
95
96
94
94
95
95
97
96
97
98
98
98
98
98
97
96
96
96
95
95
94
95
98
119
166
189
178
157
127
85
90
98
96
94
96
96
95
95
96
97
96
96
96
96
96
96
95
95
94
96
96
97
98
96
96
97
103
148
181
176
168
157
106
86
95
95
94
94
93
95
97
97
97
97
98
97
97
97
96
96
95
96
95
95
94
95
96
110
157
194
179
159
132
87
92
98
96
95
96
96
94
95
95
96
96
96
96
96
96
96
95
96
94
96
98
98
98
97
98
97
102
132
181
180
172
158
114
88
94
95
94
94
95
95
97
97
97
97
98
97
96
95
96
96
95
96
96
95
95
96
95
111
158
189
177
157
131
86
94
97
96
96
96
95
95
96
96
95
96
97
96
96
96
96
96
96
94
96
98
98
98
98
97
98
101
132
183
190
182
161
126
93
95
95
95
94
95
96
96
96
97
98
99
98
96
96
96
96
96
96
96
95
94
94
96
115
159
190
178
163
132
84
96
97
97
96
96
95
96
96
96
96
96
96
96
97
96
96
97
96
97
96
97
97
98
98
97
97
103
145
182
194
178
162
134
95
97
96
95
94
95
96
96
96
97
97
97
93
95
96
96
96
96
95
94
94
93
94
98
118
160
193
181
162
130
84
95
97
96
96
96
95
95
96
95
95
96
97
97
96
95
95
97
96
96
96
97
97
98
98
98
97
104
148
180
196
177
160
135
89
96
95
95
95
95
96
95
96
96
96
96
95
96
97
95
96
96
95
96
95
93
95
99
124
166
193
183
163
127
84
96
97
96
95
95
95
96
96
96
96
96
97
97
97
97
96
96
96
97
97
97
97
98
100
98
96
102
141
187
196
176
157
128
89
98
99
98
98
98
97
98
98
97
96
96
96
97
96
94
97
96
96
96
96
95
94
102
129
174
186
177
160
126
84
96
98
96
96
95
96
95
95
95
96
97
97
97
97
97
96
96
96
97
98
97
97
98
100
98
97
104
145
193
193
174
155
116
86
115
115
115
115
115
114
116
113
116
114
112
110
109
107
107
104
102
101
101
97
96
98
108
133
177
181
173
156
123
84
95
96
96
96
95
96
95
95
96
98
97
97
97
98
97
96
97
97
97
98
98
98
99
100
97
99
106
148
193
193
174
150
109
85
164
161
156
162
166
163
169
164
166
163
160
159
157
158
157
148
149
146
151
138
138
126
124
142
178
178
173
158
123
85
96
96
95
95
95
96
96
94
98
99
97
97
97
97
98
98
97
98
97
97
98
98
98
99
97
97
104
149
190
187
166
143
104
85
185
180
177
184
181
183
187
187
189
191
186
182
182
179
177
174
175
171
171
165
175
174
170
160
176
183
177
158
120
86
96
96
94
95
96
97
96
99
100
97
97
96
97
97
97
98
97
97
97
97
98
97
99
99
97
97
104
146
182
189
167
141
101
86
185
185
182
179
173
175
173
179
183
189
187
179
178
187
181
185
187
180
180
166
169
195
191
182
185
191
178
162
121
89
96
95
95
95
96
97
97
96
95
95
97
97
97
97
97
98
97
97
98
97
98
98
99
99
96
98
106
154
189
185
165
142
100
86
171
163
163
160
158
160
163
167
164
163
164
159
163
164
168
168
167
162
164
153
158
179
185
179
192
198
186
161
123
87
95
95
95
95
95
97
96
95
95
96
96
97
97
97
97
97
97
98
95
97
98
98
98
99
97
99
108
162
194
185
169
143
96
88
149
143
142
145
136
139
140
141
144
144
140
142
140
139
139
136
133
129
130
127
137
170
172
176
182
183
184
161
123
87
95
95
96
95
96
96
97
96
96
97
97
97
96
97
97
97
97
97
96
97
97
97
98
98
97
99
108
162
189
187
173
141
92
89
112
108
106
106
104
102
103
103
104
103
101
101
101
101
99
99
98
98
97
97
102
127
145
167
185
177
172
155
119
87
95
95
95
96
96
96
96
96
96
97
98
96
97
97
97
97
97
97
97
97
97
98
98
100
99
99
108
156
186
185
173
136
90
90
100
98
97
97
96
96
96
97
97
97
96
97
96
95
97
96
97
96
96
97
96
107
129
165
182
174
167
151
113
87
96
96
95
96
96
95
96
96
96
96
97
97
98
97
97
97
97
97
98
98
97
97
98
100
97
99
108
155
191
185
168
140
93
89
98
97
96
96
97
95
95
97
98
98
97
97
96
96
97
96
96
95
95
96
96
102
139
169
176
172
161
150
107
85
96
95
95
95
95
96
97
96
96
97
97
97
98
97
96
98
98
97
98
97
97
97
98
98
97
99
110
160
196
190
172
142
97
85
97
96
95
95
96
95
96
96
97
96
96
97
96
95
95
96
95
95
95
96
95
97
120
156
162
173
158
138
97
84
96
95
95
96
96
95
95
97
95
95
96
95
97
96
97
97
97
97
98
97
98
99
98
98
98
100
114
164
191
185
169
142
97
85
97
97
96
95
96
95
96
96
96
97
96
96
96
95
95
95
95
95
95
96
96
96
116
153
159
170
162
136
93
83
95
95
96
96
96
95
96
96
94
95
95
96
97
97
97
97
97
97
97
97
98
98
98
99
97
100
117
170
191
184
168
136
91
89
96
97
96
96
96
95
95
96
97
97
95
96
96
95
95
94
94
95
95
97
96
97
126
160
159
175
163
138
92
86
95
95
95
95
95
95
96
96
95
95
95
97
95
96
97
97
97
97
96
97
97
97
98
99
97
100
119
174
194
184
168
131
86
93
95
96
95
95
96
95
96
96
96
96
96
95
95
95
95
95
95
95
96
96
97
105
140
162
168
182
164
137
91
88
96
95
95
97
96
95
95
94
95
95
96
95
95
95
97
97
97
96
96
97
97
96
98
99
97
101
116
171
192
184
162
126
84
91
95
96
95
95
96
95
96
96
96
96
96
95
94
95
95
95
96
96
96
96
96
110
153
177
179
182
165
138
92
89
95
95
94
96
95
95
94
94
95
94
95
95
96
95
97
98
97
96
97
97
98
97
97
99
97
100
121
177
192
180
160
123
83
93
97
96
95
95
95
96
95
96
96
96
96
97
96
96
95
95
95
95
95
96
95
108
154
182
187
185
166
133
90
90
95
95
94
95
95
95
94
94
95
94
94
95
96
96
96
96
96
96
96
96
97
96
97
99
97
100
128
180
198
195
157
118
82
94
96
96
96
95
95
97
95
95
96
97
96
96
96
95
96
96
96
95
95
95
95
114
159
181
189
187
162
131
85
91
96
95
96
95
94
94
94
93
94
94
95
95
97
96
96
96
96
96
96
96
97
96
98
98
96
100
131
179
198
186
156
113
80
94
95
96
95
95
96
97
96
95
96
95
96
95
95
95
96
96
96
95
95
95
95
115
164
174
192
184
158
126
84
91
96
95
95
96
95
95
94
93
93
94
95
96
96
96
96
96
96
95
96
96
96
96
96
96
95
101
135
187
193
179
152
107
81
95
95
95
95
96
96
96
96
96
96
95
96
95
96
95
96
96
95
95
95
96
96
119
163
172
189
179
156
123
82
92
95
95
95
96
95
94
95
94
95
94
95
95
96
96
96
95
95
95
96
97
97
97
96
96
96
103
136
191
194
178
155
109
81
95
96
95
96
96
97
96
96
96
96
95
96
96
96
95
96
95
95
95
96
96
96
121
159
181
192
175
157
119
81
93
96
96
95
97
95
95
95
95
95
96
96
95
96
95
96
96
95
97
96
97
96
97
97
97
96
106
144
190
197
181
160
114
84
91
96
96
96
96
96
96
96
96
96
96
97
96
95
95
96
95
96
96
96
95
98
122
160
187
188
172
152
116
80
94
96
96
97
95
95
96
95
95
96
96
96
96
95
96
95
95
94
98
97
96
96
96
96
96
96
107
144
193
193
177
163
128
97
84
95
96
96
96
96
96
96
96
96
96
96
96
95
96
96
96
96
97
96
96
98
130
165
187
188
169
144
108
78
94
96
96
96
95
96
96
96
95
95
96
96
96
96
95
95
95
97
96
96
95
96
97
97
96
96
108
150
190
185
171
158
122
116
100
96
96
96
96
96
96
97
96
96
96
96
96
96
96
97
97
96
96
96
97
100
138
165
187
190
173
143
107
80
95
97
96
95
96
96
96
96
95
95
95
96
96
96
96
96
95
96
96
95
96
96
96
97
97
97
110
161
194
182
166
155
118
123
99
96
96
96
96
97
96
96
96
96
97
96
96
95
96
97
96
95
96
97
96
100
141
169
188
190
173
145
105
80
96
97
96
96
97
96
96
96
95
95
95
96
96
96
96
96
96
96
95
95
96
96
96
97
96
96
110
164
197
181
165
156
116
115
98
97
96
96
96
97
96
97
96
97
97
96
96
96
96
96
95
95
96
97
96
102
142
174
187
189
172
149
105
81
97
96
96
97
96
96
96
96
96
96
96
97
96
95
96
96
95
96
95
96
95
96
96
98
97
97
107
160
193
177
162
154
112
107
97
96
96
97
97
97
96
96
97
97
97
96
96
96
96
96
96
95
96
98
96
103
147
169
185
186
170
146
104
82
97
96
95
96
97
96
96
97
97
96
96
96
96
96
96
95
94
96
97
96
96
95
96
97
98
97
106
159
193
177
161
146
105
90
95
96
96
97
97
97
97
96
97
97
97
96
96
96
96
97
96
96
97
98
96
110
157
168
190
189
166
146
103
84
97
96
96
96
97
97
97
96
96
95
96
96
95
95
95
95
95
95
96
95
96
95
96
97
98
98
108
162
194
176
160
140
97
83
95
96
96
97
97
97
97
97
98
98
98
96
96
97
95
97
97
97
97
97
97
115
157
170
193
189
168
145
99
88
97
97
97
98
97
97
97
97
97
96
95
96
96
96
97
96
97
96
96
96
96
97
98
98
98
100
115
164
194
177
161
134
90
83
95
96
97
97
97
98
97
97
98
98
97
96
96
96
97
97
97
96
96
96
97
118
159
179
194
187
169
145
97
89
100
101
100
100
100
99
98
98
99
99
98
97
97
98
98
98
98
97
97
98
97
97
98
99
102
108
127
173
195
176
157
129
85
84
95
96
96
97
97
97
97
96
98
98
98
96
96
96
96
96
95
95
97
96
97
128
166
184
198
187
176
152
105
100
124
124
129
132
132
137
133
132
130
133
133
128
126
127
128
128
125
123
119
122
124
122
122
124
123
137
144
176
195
170
152
125
84
83
96
97
96
97
96
97
97
96
97
99
97
96
96
96
96
95
95
96
97
96
98
130
169
186
200
194
182
159
117
123
150
153
164
168
160
166
169
169
165
170
177
172
170
160
165
168
165
161
156
162
166
161
159
161
150
172
180
190
188
167
152
123
82
83
95
97
96
97
97
97
97
97
98
99
98
97
97
96
96
95
95
96
96
96
98
135
172
187
197
194
185
161
121
138
165
172
179
182
176
184
187
188
185
188
203
190
164
155
180
186
182
178
176
177
179
181
180
182
174
191
198
201
188
169
151
118
81
85
94
97
96
97
98
97
97
97
99
100
98
97
98
96
95
95
95
96
97
96
100
140
172
194
198
192
178
155
119
135
159
166
174
173
181
184
182
185
187
188
193
191
165
161
185
180
180
174
175
181
181
180
182
183
182
190
199
203
192
166
148
116
78
87
94
97
98
96
97
98
97
98
99
99
98
97
97
95
94
96
97
97
97
96
101
145
183
199
197
184
161
142
107
118
137
136
146
147
153
155
157
163
163
164
169
165
164
168
163
165
165
160
166
168
162
163
167
172
171
183
203
205
193
170
147
114
77
87
94
98
99
97
97
98
99
99
98
97
97
97
96
96
97
102
105
104
99
97
102
147
180
194
198
182
160
131
83
92
97
97
101
102
106
106
110
112
115
114
119
114
115
119
118
124
123
124
127
128
127
129
135
142
160
181
199
202
191
168
148
109
76
88
95
98
99
98
97
98
100
98
97
98
98
97
96
96
102
105
103
104
102
99
107
152
177
194
194
175
156
114
73
92
92
92
92
93
95
95
96
96
97
98
97
96
95
96
97
98
96
96
96
97
97
99
101
110
138
169
196
202
188
167
149
110
76
88
94
98
99
98
98
98
99
98
97
98
98
97
96
98
106
103
101
102
102
100
111
152
174
196
186
169
149
106
73
92
92
90
90
91
92
93
94
93
94
94
92
92
93
93
94
94
93
94
94
94
93
97
95
97
112
154
190
196
180
168
146
109
75
89
95
100
98
97
98
98
98
98
97
98
98
97
97
97
102
102
101
101
100
102
115
154
183
193
186
171
148
101
73
93
93
90
90
90
90
91
92
92
92
92
93
93
94
93
93
93
94
93
93
93
93
94
93
92
102
142
178
198
187
171
144
108
75
89
94
100
98
97
98
98
99
97
98
98
98
97
97
97
100
101
101
100
100
101
121
160
181
197
189
175
146
96
74
94
93
91
92
91
91
91
91
93
92
93
94
93
94
92
93
93
93
94
92
93
93
93
92
92
95
120
157
198
186
171
147
108
77
91
94
99
98
97
97
98
98
98
99
98
98
98
97
98
102
100
101
100
100
102
123
162
178
198
190
167
141
95
76
94
91
90
91
92
93
92
92
94
93
94
93
94
93
92
92
92
94
94
92
93
93
94
92
92
92
107
147
192
186
173
149
104
74
90
96
99
98
97
98
98
98
98
98
98
98
97
97
98
103
100
100
101
99
103
126
163
187
202
187
163
137
92
77
93
91
90
90
91
92
93
93
94
93
94
94
94
93
93
93
92
95
95
92
93
92
93
93
92
92
96
148
195
186
169
145
97
75
91
95
98
99
98
98
99
98
97
98
97
97
97
96
97
101
99
99
99
99
103
130
164
183
200
192
169
138
89
79
94
93
91
91
91
93
93
94
94
94
94
94
93
94
94
94
94
96
94
93
93
93
94
92
92
91
93
143
191
180
169
142
98
77
88
94
