-14
29
2
-19
8
-1
-25
-10
7
19
3
-6
12
22
33
-13
-49
-40
0
18
-6
-26
-1
22
2
11
8
-27
-41
-17
2
8
9
-14
-29
12
5
-16
0
-5
-13
-8
12
5
-22
-13
2
14
-5
-21
-5
-2
18
-11
-24
6
11
-11
-1
5
-14
-4
-22
58
-2
-24
17
2
-16
-5
2
4
6
11
14
11
13
-7
-32
-23
-4
3
-10
-18
-6
9
16
15
4
-12
-24
-22
-12
-4
-1
-4
-7
-7
-4
-1
7
-11
-27
0
16
0
-15
-10
1
1
-7
-9
-7
-3
0
0
-4
-4
0
-4
-4
-4
-4
0
-26
63
-15
-24
14
-5
-10
1
9
12
9
5
2
0
-1
-11
-17
-7
5
2
-17
-27
-10
10
14
14
8
-3
-12
-13
-17
-12
-1
-2
-4
-4
-1
0
-7
-8
-9
-15
1
19
3
-27
-22
-1
3
1
-1
-4
-7
-8
-4
0
0
-4
-4
-4
-4
0
1
16
-45
-14
19
-3
-6
3
14
16
9
1
-7
-9
3
-3
-15
-6
7
4
-14
-23
-12
3
6
6
4
0
-3
-4
-14
-12
-2
-2
-2
-2
-1
-1
-17
-5
5
-25
-9
33
17
-39
-41
-4
11
9
3
-4
-11
-13
-4
2
0
-4
-4
-4
-4
0
64
-115
-107
-4
25
5
-7
2
13
13
7
-1
-10
-10
18
9
-23
-14
4
7
-6
-15
-11
-5
-6
-6
-4
0
3
4
-5
-8
-3
-3
-4
-4
-4
-4
-18
-4
8
-24
-8
36
20
-37
-47
-9
13
11
4
-3
-9
-11
-6
-1
0
-4
-4
-4
-4
0
141
-328
-209
-15
12
6
-8
4
4
6
3
-2
-6
-4
26
13
-26
-17
1
5
-7
-17
-7
-4
-14
-14
-8
3
12
13
1
-7
-6
-7
-10
-10
-8
-7
-10
-5
-2
-10
6
26
10
-23
-39
-16
8
7
4
1
-1
-3
-11
-9
0
-4
-4
-4
-4
0
220
-540
-302
-22
2
12
-10
4
-6
-4
-3
0
2
3
18
7
-16
-10
1
-4
-23
-32
0
9
-16
-15
-3
12
23
22
0
-12
-9
-13
-18
-17
-12
-9
3
-8
-19
10
26
9
-7
-4
-24
-24
0
0
3
7
9
7
-16
-18
0
-4
-4
-4
-4
0
278
-640
-363
83
114
-37
-111
19
87
68
-11
-75
-98
-30
87
46
-36
19
57
-102
-84
60
54
16
-47
-94
-48
15
33
19
4
-22
6
57
29
-12
-57
-87
-29
14
19
7
-1
46
16
-53
-65
-2
73
36
-70
-55
31
7
-32
-10
0
13
-16
8
17
-28
290
-664
-283
358
199
-268
-230
195
265
96
-5
-103
-313
-212
288
256
-64
14
68
-262
-90
236
74
9
-56
-283
-247
-17
36
-3
14
-4
135
281
116
-27
-82
-205
-238
-9
237
73
-72
147
49
-288
-170
193
243
70
-162
-269
-106
-17
-38
-2
0
37
-25
123
180
-26
252
-607
10
469
-77
-484
-19
437
117
-149
61
178
-301
-451
406
492
-121
-144
-65
-153
134
123
-175
16
82
-327
-410
-39
24
-22
6
34
266
363
68
-71
94
-9
-454
-227
510
317
-153
54
-38
-437
-40
396
96
-31
32
-276
-419
-145
-18
-19
-5
29
2
365
462
-18
276
-348
103
81
-385
-350
393
481
-256
-321
111
436
-47
-571
307
497
-315
-362
-125
207
454
-136
-513
-45
149
-180
-255
7
-10
-24
-9
15
176
202
39
-13
276
363
-428
-525
579
499
-357
-294
-123
-110
379
207
-384
-137
371
163
-532
-418
-29
-20
-12
9
24
546
586
-220
428
-56
-141
-447
-379
-33
590
453
-305
-195
69
301
3
-570
231
385
-513
-419
-75
306
578
23
-393
-139
-81
-225
-93
27
-43
-11
2
-33
144
279
165
56
163
351
-377
-636
550
431
-627
-486
-41
346
658
-36
-473
-98
346
391
-481
-643
-79
3
-2
8
-2
578
551
-493
453
-3
-143
-519
-401
49
605
402
-319
-154
60
85
-120
-365
382
312
-606
-361
-27
105
388
275
38
29
-119
-425
-302
-47
-26
18
19
2
399
444
-46
-114
66
310
-326
-617
549
331
-722
-440
23
497
698
-73
-329
-47
117
187
-405
-577
-82
19
16
23
-36
551
532
-584
305
-247
111
-56
-444
-213
524
371
-462
-324
21
83
-48
-135
506
302
-632
-357
19
49
146
89
80
330
323
-409
-610
-138
5
27
12
119
640
284
-533
-312
212
584
-182
-650
529
327
-701
-419
-8
457
708
-160
-525
-100
53
76
-202
-287
-14
-1
12
41
-38
516
508
-577
222
-538
81
438
-132
-467
159
438
-182
-329
-86
130
40
-223
393
317
-621
-391
29
226
240
-96
-157
344
512
-365
-657
-152
9
6
-9
161
661
221
-562
-255
292
585
-235
-678
534
342
-724
-427
-8
298
703
3
-604
-246
78
178
-145
-231
4
-27
-3
39
-29
515
541
-473
166
-479
-100
457
201
-355
-222
315
247
-41
-55
23
-92
-314
252
239
-513
-329
2
292
415
75
-109
113
112
-420
-441
-81
13
-3
-16
74
476
406
-114
-110
125
259
-385
-585
504
306
-670
-386
1
81
501
363
-156
-204
64
124
-341
-391
-45
-5
-5
18
-24
530
653
-234
76
-183
-96
181
173
-88
-201
49
224
149
29
-112
-164
-113
155
74
-247
-148
-20
116
262
213
69
-65
-193
-275
-145
-10
0
-12
-1
5
187
361
191
-61
-98
71
-251
-343
329
190
-431
-254
7
-24
163
349
239
27
-9
-114
-365
-270
-34
17
2
-11
-26
517
669
-169
30
-30
-34
34
64
21
-51
-49
34
87
30
-86
-75
34
45
-30
-41
0
-12
-42
23
122
62
-79
-111
-44
17
2
-31
-28
12
20
24
100
114
-37
-119
11
-33
-101
109
62
-166
-68
26
-30
-10
110
153
44
-37
-116
-147
-37
13
17
7
-36
-34
537
603
-401
16
0
-9
4
26
30
2
-24
-19
5
19
1
-11
-2
-4
-26
-14
24
-2
-63
-44
33
7
-32
6
30
19
-23
-42
-22
4
39
25
-26
-6
9
-29
-31
5
-5
-9
-10
-31
-2
13
2
-17
-4
7
-15
-7
-10
-21
1
17
16
-3
-32
-25
523
532
-513
2
27
11
-24
-7
35
30
-1
-14
-9
15
26
0
-33
1
-7
-43
-5
-1
-31
-17
30
-5
-25
16
14
-7
-29
-31
-13
-3
26
32
-11
-9
18
0
-30
-18
-1
-34
-7
17
-50
-16
24
-10
-10
10
13
-15
-21
2
-3
-7
-2
-15
-7
-15
331
355
-326
-5
37
16
-39
-23
35
39
4
-10
-6
5
12
4
-10
-8
-26
-41
-10
5
-8
-2
21
-3
-21
-9
-16
-14
-8
-15
-23
9
24
9
3
-9
5
13
-11
-12
-15
-50
31
48
-73
-15
4
-29
-4
8
22
-29
-28
25
9
-38
-14
-3
10
-4
91
111
-90
-3
26
5
-38
-21
30
38
3
-9
9
11
-6
-9
4
-16
-33
-18
-5
-1
-10
-9
2
2
1
-8
-25
-19
-3
-17
-45
13
38
11
10
-18
5
30
-16
-12
-12
-50
37
38
-63
7
1
-35
-16
-14
18
-18
-17
16
-17
-39
13
4
-1
15
4
-8
21
2
5
-13
-28
-8
22
39
5
-19
18
33
1
-27
-20
-6
-2
-4
-11
-18
-16
-6
2
-17
1
20
-17
-26
2
7
-23
-17
-9
14
33
-13
-6
29
-18
-30
0
-15
9
2
-46
4
15
0
-14
-24
7
-15
-17
0
-30
-18
20
-10
-14
13
23
7
7
6
-13
-24
0
2
7
37
-3
-30
8
33
19
-13
-32
-3
9
-1
3
-36
-22
8
8
-19
-26
18
-1
-29
40
208
79
-213
-164
0
49
10
-27
-2
81
114
-34
-148
-49
2
-29
-23
1
32
2
-5
6
-19
-22
-13
-14
-6
-4
33
-11
-46
52
9
-48
-18
-6
-25
23
32
-1
14
-37
-33
14
16
3
5
-5
-2
-13
-5
24
-43
-15
1
8
3
-39
11
6
-17
80
500
169
-530
-292
7
26
38
-19
-57
217
442
-76
-466
-123
21
-30
-25
-18
38
12
9
8
-16
-24
-31
-5
-4
17
258
67
-276
-55
-1
-36
65
51
-39
-81
-42
3
82
-30
-40
57
-4
-108
-67
24
9
-26
5
9
-29
1
-40
60
106
22
-16
-102
-72
76
623
198
-625
-232
47
-65
-43
-1
-23
226
464
-90
-494
-139
11
4
47
-1
-32
-33
10
-8
-13
26
3
-16
-58
43
547
215
-562
-280
28
0
197
19
-2
-131
-294
-73
346
102
-70
77
-68
-304
-232
-4
16
-21
16
-8
-18
-14
10
262
287
62
-48
-195
-286
-58
617
264
-411
-48
72
-172
-315
-98
183
273
159
-197
-339
-126
111
193
173
55
-176
-249
-111
-16
127
233
91
-28
-162
-39
600
256
-532
-282
-95
-180
-37
-190
133
187
-358
-262
559
209
-244
-23
-109
-342
-272
-46
11
-5
8
11
-14
-37
224
486
154
-142
66
47
-395
-290
566
369
-263
-54
91
-8
-439
-389
235
418
179
-306
-516
-59
422
291
43
46
-41
-333
-413
54
417
277
-13
-8
-101
-120
437
191
-369
-151
-260
-399
-346
-264
167
462
-186
-416
513
135
-514
-177
-48
-142
-115
-42
-8
11
-8
28
-6
-9
459
455
-298
-391
170
449
-124
-442
419
353
-429
-274
137
428
-126
-663
-104
411
523
-255
-732
181
635
-9
-344
-23
367
-3
-580
158
493
-179
-313
45
105
-68
369
203
-474
-213
-149
-269
-335
-118
53
305
-129
-393
416
22
-633
-222
21
3
0
-34
-29
19
-13
19
-2
55
580
226
-563
-335
72
582
245
-486
266
254
-611
-355
108
629
267
-662
-422
295
704
-185
-701
426
633
-237
-392
-13
397
190
-506
165
248
-635
-363
71
103
-1
511
315
-655
-358
8
-43
-390
-75
-5
64
-107
-172
466
1
-626
-179
44
-5
-1
-27
-27
18
-4
3
-19
80
602
117
-611
-202
-6
520
396
-475
223
206
-658
-301
51
568
406
-559
-482
230
712
-169
-656
527
597
-239
-215
36
123
10
-353
261
7
-734
-187
39
-6
24
640
355
-702
-376
21
-13
-495
-233
-1
66
-24
-18
557
19
-667
-169
61
-11
-15
-4
-9
4
-6
-9
-35
63
554
236
-581
-316
75
566
312
-484
264
191
-671
-316
122
614
291
-602
-433
222
716
-154
-678
484
569
-344
-373
26
56
-68
-115
504
33
-734
-207
33
34
36
624
333
-716
-351
40
-31
-215
-269
1
120
-110
-135
530
21
-686
-190
49
6
-14
22
-2
-25
-21
-17
-26
51
446
432
-322
-402
141
513
-9
-508
395
284
-555
-313
214
535
-55
-627
-301
201
719
-120
-721
291
607
-214
-530
-83
113
83
-67
404
291
-538
-355
28
125
-42
428
394
-618
-374
18
-76
179
-24
22
-17
-275
-195
418
0
-535
-164
-10
-5
12
53
1
-54
-33
-30
-28
27
281
464
97
-139
67
113
-345
-370
510
401
-267
-151
132
96
-373
-434
-128
174
707
-97
-739
49
551
202
-205
-107
57
74
-335
-4
490
-26
-225
8
50
-296
109
509
-194
-279
-183
-290
186
116
47
-114
-235
-48
254
-51
-251
-66
-54
-17
40
57
11
-48
-36
-40
-23
10
78
243
265
114
-33
-180
-326
-118
365
269
-34
4
-7
-177
-338
-143
-14
219
684
-151
-692
-112
266
340
160
19
-64
-118
-392
-149
367
256
73
20
-112
-398
-75
440
210
-65
-325
-410
-1
61
57
-68
-104
42
76
-80
-19
13
-74
-14
39
20
5
-21
-22
-24
1
15
-21
15
114
90
-52
-109
-64
5
81
48
13
12
-15
-90
-113
137
138
253
492
-332
-619
-112
33
159
139
39
-94
-123
-123
-47
88
122
117
4
-104
-162
-44
160
156
24
-166
-204
-46
21
36
-38
-42
24
4
-38
50
7
-91
-4
31
-8
7
-11
-29
4
7
-13
5
-26
-18
32
-29
-5
55
-24
-25
15
-11
-30
34
-14
-34
347
373
194
55
-525
-442
-5
-20
23
40
-2
-75
-38
33
-24
4
37
-12
-17
-34
-4
29
-5
-12
-5
16
-6
-15
-9
8
-18
-9
8
5
0
28
-18
-82
5
18
-6
42
-17
-65
22
21
-35
6
-13
-20
50
-10
-11
24
-47
11
41
-33
-60
35
8
-64
295
378
72
-202
-413
-165
57
-25
4
39
-6
-50
-28
1
-35
46
45
-57
-14
-21
9
18
-28
8
-1
2
19
5
-29
11
-3
-5
11
1
-7
10
-8
-52
-3
-12
8
60
-22
-52
7
23
13
-31
-44
11
63
-1
-32
7
-28
0
21
-9
-57
-3
39
-50
75
140
-14
-107
-112
-25
20
-3
13
29
-6
-17
-31
-30
-5
36
-8
-17
13
-31
17
3
-35
8
21
-10
-2
11
-25
26
-3
-19
14
-13
-12
20
11
-39
-31
-17
22
36
-11
1
-34
-6
48
-36
-46
7
55
0
-37
9
-21
-30
5
37
-18
-31
23
-14
-31
-1
5
1
-9
-35
-15
23
2
13
18
-3
-37
-26
8
21
-44
8
42
-38
18
19
-41
-51
34
44
-30
11
-11
15
-6
-5
10
-29
15
18
-11
-27
-54
-3
47
13
-26
16
-26
-21
16
-22
-16
-4
47
3
18
8
-77
-29
5
28
14
-17
-19
-3
-9
-14
13
14
-30
-52
-10
12
-12
11
27
9
-45
-23
2
15
-3
17
19
-49
39
33
-67
-49
33
33
-20
5
3
-4
-16
23
11
20
139
-12
-147
-38
-29
-17
46
18
-58
1
17
-25
80
1
-108
-10
29
84
244
-5
-283
-97
15
6
10
-2
-37
-9
27
8
-17
-5
-14
-43
-26
4
2
-4
15
16
-25
38
-28
-53
46
20
5
-49
19
43
-64
-9
7
-1
21
-22
15
29
-29
-3
15
152
356
-29
-383
-147
19
-1
-2
15
-25
-10
-7
19
340
48
-382
-105
26
247
531
-79
-554
-184
14
2
-9
2
11
-32
-15
37
5
-27
-2
-18
-40
-4
4
-18
14
2
124
268
-142
-285
20
18
2
-5
0
9
-39
27
-7
3
14
84
56
62
-76
-131
-60
259
507
-38
-464
-226
-55
-24
-19
-7
10
-20
-58
149
569
64
-553
-181
-10
263
638
-139
-628
-140
8
-48
-48
5
49
-40
-20
79
8
-66
-40
-21
-12
-15
-9
11
20
-27
356
531
-317
-544
-28
16
-29
16
6
-40
6
36
-38
18
4
290
66
39
-49
-191
-240
237
551
-39
-305
-170
-278
-202
-22
-3
5
-27
-27
311
615
50
-422
-146
-193
45
612
5
-427
-32
10
-177
-228
-103
38
131
173
135
-9
-174
-234
-125
1
-12
-15
49
3
52
528
564
-296
-485
-131
-123
75
1
-195
-64
188
49
-221
-35
172
268
-22
19
169
40
-345
58
530
-46
-258
-115
-348
-275
-20
25
12
-33
6
347
599
51
-302
-115
-315
-65
638
194
-296
-44
93
-119
-453
-349
127
434
240
2
16
-84
-363
-341
-78
-12
-19
39
-34
174
613
497
-165
-307
-237
-260
347
53
-562
-92
504
133
-532
-212
500
172
47
32
257
260
-362
-170
498
-77
-454
-114
-155
-135
5
5
3
-10
-22
192
606
60
-438
-131
-180
102
685
145
-470
-198
267
298
-447
-545
317
527
-94
-315
52
360
-128
-563
-218
-17
-17
-1
-38
97
581
574
-252
-411
-186
-167
533
243
-687
-106
732
225
-719
-389
692
267
128
-48
93
273
-370
-296
529
-85
-612
-118
3
-33
-14
-44
-12
26
-21
63
629
74
-604
-164
-56
254
694
-20
-666
-274
401
640
-339
-570
463
472
-324
-387
64
523
68
-655
-359
-23
0
-18
-15
-34
487
683
-395
-612
-81
-44
508
472
-530
-88
640
200
-557
-418
621
244
-226
-216
110
386
-301
-320
567
-80
-648
-123
36
-2
-31
-48
-10
10
-7
64
635
88
-645
-191
-56
283
713
-126
-702
-204
405
677
-301
-507
536
412
-320
-226
60
185
5
-492
-372
-11
12
-16
-18
-51
412
683
-386
-659
-43
-43
363
645
-257
-87
250
49
-121
-289
390
62
-586
-239
329
497
-295
-327
579
-66
-653
-128
32
-8
16
-25
-30
-12
-15
85
612
117
-654
-217
-42
279
730
-156
-686
-147
350
643
-277
-494
543
317
-442
-265
43
-19
0
-201
-215
26
2
-16
-16
-39
377
661
-346
-664
-44
-51
193
721
137
-108
-228
-132
323
-9
64
131
-428
-138
322
355
-415
-390
558
87
-485
-120
-95
-146
19
9
-41
-32
-25
87
571
234
-522
-208
-113
149
709
-108
-693
-163
353
646
-241
-597
398
416
-336
-422
-74
98
80
-188
-173
27
-16
-19
20
-22
375
683
-290
-668
-68
-51
10
639
544
-122
-642
-252
629
380
-238
325
-35
-73
68
136
-389
-424
412
303
-115
-65
-287
-315
-49
32
-17
-58
-27
48
448
402
-140
-130
-306
-84
594
-41
-653
-182
358
605
-178
-665
126
535
103
-245
-108
137
-16
-400
-267
10
-20
-42
24
-9
294
663
15
-412
-162
-246
-197
465
732
-126
-790
-267
658
634
-352
239
118
-16
-89
16
-166
-261
172
248
106
11
-288
-250
-29
9
-23
-40
11
-19
190
355
140
-36
-343
-178
364
-19
-434
-102
247
389
-88
-456
-60
306
300
117
15
-11
-169
-378
-220
25
-4
-58
-15
-9
108
460
356
3
-234
-461
-264
291
550
-112
-557
-196
399
545
-272
18
48
56
-53
-48
-36
-42
21
21
77
49
-124
-56
28
-10
-44
-40
42
-22
-10
116
104
8
-153
-90
116
-32
-137
17
71
90
-5
-104
-72
10
165
173
23
-71
-96
-134
-78
16
7
-30
-30
-5
-18
157
269
115
-134
-305
-113
124
166
-69
-183
-99
113
253
-122
-47
-6
30
11
-23
-54
-6
18
-20
6
28
-11
14
7
-10
-37
-59
15
18
-9
-7
13
7
-6
-16
-29
-16
7
21
-1
-29
-7
31
-11
-47
42
52
-26
-21
-2
-12
-11
-6
8
-6
-24
-1
-4
13
4
4
19
-43
-21
16
-31
-20
3
-35
-8
44
-15
-1
-4
-60
14
64
-51
-71
42
49
-37
-13
23
12
0
-30
-45
-27
-10
19
28
-7
2
-4
-1
-17
-43
23
10
-25
27
-3
-58
-8
31
-6
3
5
-17
16
-3
-32
-10
-1
7
-11
-21
7
31
2
-64
-24
60
18
-40
-10
-20
-2
-3
-11
-8
-11
8
13
19
-58
-12
65
-14
-67
33
47
-46
-13
27
0
12
-37
-56
0
-6
2
11
-2
4
-14
-22
-16
-14
20
6
-9
28
-3
-46
-10
22
1
-11
-7
-10
22
5
-35
-22
-9
-5
-11
-9
10
19
-1
-23
-4
22
1
-22
-10
-10
-9
-12
5
6
-13
-16
-9
34
-3
-11
18
-23
-16
47
13
-37
0
17
-16
7
-28
-51
-3
-5
-5
-5
-5
0
-14
-18
-7
-4
3
11
13
11
-13
-16
6
4
-2
-8
-10
-9
8
5
-19
-24
-19
-11
-4
0
3
2
-1
-3
-3
-2
-4
-3
-13
-19
-11
3
15
8
-12
-26
-5
34
12
-6
-7
-43
6
59
5
-28
-3
11
-5
16
-29
-52
-6
-11
-11
-11
-11
-5
-10
-10
-4
-3
1
7
10
8
-11
-13
6
4
-2
-8
-10
-8
-4
-5
-13
-15
-12
-6
-1
0
-3
-6
-3
-4
-5
-4
-5
-4
-18
-20
-4
8
15
8
-7
-17
-4
37
15
-33
-34
-10
3
27
31
-3
-13
-2
10
22
-18
-35
-10
-15
-16
-16
-15
-10
-7
-4
-1
-1
0
1
4
4
-15
-14
6
4
-2
-7
-10
-9
-15
-14
-7
-6
-5
-3
0
-1
-8
-10
-4
-5
-7
-8
-8
-4
-20
-18
5
11
11
6
-2
-8
-3
21
26
-11
-29
4
-16
-13
42
30
-9
-19
3
4
-1
-2
-11
-16
-19
-18
-16
-12
5
9
1
1
0
-4
-4
-1
-19
-16
6
4
-2
-6
-10
-10
-23
-20
-1
0
-1
-2
-2
-4
-8
-7
-5
-7
-9
-11
-10
-5
-19
-12
14
12
4
0
-1
-1
59
-33
-55
-30
-20
6
36
-35
-67
15
19
-11
-1
-4
-9
-5
-10
-15
-19
-17
-15
-12
17
22
4
3
-1
-8
-11
-7
-16
-11
6
4
-2
-7
-10
-9
-27
-22
4
3
-1
-4
-7
-9
0
2
-7
-9
-12
-13
-10
-7
-15
-3
20
11
-4
-8
-4
3
