-12
-31
-48
-37
-3
24
26
16
9
-1
-7
-2
3
5
6
3
-1
1
4
1
-3
-1
4
5
1
-3
-1
3
3
1
-11
-37
-56
-38
-4
17
20
21
17
3
-2
2
3
3
4
1
-2
-2
-5
-8
-5
0
2
2
5
8
6
4
3
2
-3
-26
-30
-5
4
-9
-1
24
22
3
-3
-1
1
2
0
-2
-1
-1
-3
-2
2
3
2
3
5
7
6
3
4
7
-10
-13
10
22
11
4
11
21
15
0
-4
-1
1
2
2
2
2
2
2
3
3
1
2
4
1
-1
2
2
0
1
-21
-22
0
8
10
15
8
5
7
1
-1
3
2
1
3
3
1
0
2
5
4
2
3
2
0
1
2
2
1
-1
-11
-12
-1
15
18
14
20
26
20
8
1
0
1
1
-2
-4
-3
-1
0
0
1
3
3
2
3
3
1
2
3
0
-16
-20
-3
26
32
20
25
32
19
3
0
3
6
5
-1
-3
-2
-3
-4
-4
-3
-2
-3
-1
3
3
3
4
3
2
-26
-30
-10
1
2
5
12
17
7
-2
2
5
4
4
3
2
0
-4
-4
0
3
1
-4
-5
-2
3
5
1
-3
-1
-15
-19
-27
-41
-32
-3
9
6
0
-3
-1
-1
-3
-3
0
2
1
1
2
1
0
-1
-2
-2
-1
1
-1
-5
-6
-2
-5
-15
-32
-36
-20
2
6
-2
-2
-3
-5
-3
-4
-5
-1
2
2
3
2
-2
-5
-6
-4
-1
-1
-4
-5
-1
5
7
-12
-20
-21
-14
9
26
23
15
10
3
-3
-3
-1
1
2
1
1
1
-1
-1
0
-1
-2
1
4
1
0
6
12
11
-23
-32
-21
0
32
41
29
25
12
-4
-5
1
4
1
-2
0
2
-1
-3
0
2
3
4
4
3
2
5
8
6
5
-15
-20
-8
2
7
11
19
24
4
-17
-9
4
3
-2
-4
-2
1
0
-3
-3
-1
1
3
3
1
2
5
3
-1
-2
-3
-4
-5
-5
-2
10
27
26
4
-11
-5
2
2
2
0
-2
-2
-3
-5
-5
-2
2
4
3
3
3
0
-2
-2
-3
-15
-17
-13
-3
6
16
29
24
5
-5
-4
-2
0
2
1
-1
-3
-1
3
3
4
9
11
6
1
-1
-3
-3
-2
-4
-43
-45
-21
4
12
20
28
18
1
-6
-4
-2
-2
-2
-1
-2
-3
4
11
9
6
6
4
1
0
0
-1
-2
-1
-3
-15
-9
1
11
14
13
11
2
-5
-4
-1
0
0
0
-1
-3
-2
2
4
3
0
-4
-6
-5
-3
-1
-1
-2
0
2
-2
3
-1
-9
-13
-20
-16
-3
1
0
1
2
1
-1
-2
-1
-1
-3
-2
0
-3
-7
-7
-6
-6
-4
-2
-3
-4
-2
-27
-32
-29
-28
-27
-30
-28
-12
-4
-5
-2
-1
-5
-8
-4
1
0
-3
-4
-5
-6
-6
-6
-6
-7
-7
-4
-2
-3
-3
-39
-40
-23
-19
-27
-29
-25
-19
-17
-20
-31
-45
-49
-46
-44
-44
-43
-42
-41
-36
-28
-25
-25
-20
-13
-12
-18
-23
-22
-17
-24
-4
11
3
-12
-21
-25
-31
-51
-99
-167
-212
-217
-213
-217
-212
-207
-215
-214
-198
-183
-185
-191
-180
-166
-170
-187
-198
-203
-209
-7
19
10
-13
-25
-31
-34
-58
-108
-163
-217
-250
-253
-254
-262
-261
-252
-253
-264
-275
-283
-286
-282
-274
-275
-284
-284
-276
-282
-301
-25
-15
-21
-16
-7
-2
1
-39
-98
-114
-114
-126
-137
-148
-161
-173
-168
-153
-154
-169
-184
-177
-160
-169
-184
-182
-170
-156
-164
-169
-30
-34
-31
-6
21
39
41
1
-57
-81
-80
-86
-92
-90
-84
-82
-90
-93
-87
-82
-77
-70
-70
-82
-86
-74
-61
-61
-69
-49
-20
-34
-25
-4
16
33
36
12
-29
-50
-30
0
7
13
37
50
39
32
36
38
36
26
17
19
25
36
42
35
46
72
-42
-45
-18
11
29
37
36
25
22
50
95
127
135
144
161
162
152
151
157
162
159
147
140
142
141
130
114
110
127
136
-64
-48
-16
18
48
64
70
85
139
212
248
250
252
257
253
248
252
253
249
250
254
256
252
248
239
215
194
191
200
195
-26
-11
12
42
70
94
97
95
141
202
227
228
222
211
199
197
207
213
209
203
202
210
216
214
213
218
224
227
229
215
2
24
41
53
72
97
83
36
18
33
56
73
79
79
76
73
72
73
73
70
69
74
80
82
86
100
119
127
121
112
-10
22
38
51
73
80
51
7
-24
-28
-9
12
24
27
22
19
21
23
23
22
24
24
22
22
21
21
24
25
22
22
